5.500000000000000000e+00,8.910712000000000899e+01,6.895610999999999535e+01,1.178512756666666716e-01
1.550000000000000000e+01,8.607287000000000887e+01,2.306286999999999665e+01,6.748245000000000493e-01
2.550000000000000000e+01,8.367714000000000851e+01,1.559766999999999904e+01,1.726855333333333631e+00
3.550000000000000000e+01,8.486427999999997951e+01,1.205317999999999934e+01,3.263254666666667081e+00
4.550000000000000000e+01,8.457143999999999551e+01,9.386891000000000318e+00,5.281762666666666384e+00
5.550000000000000000e+01,8.150712000000000046e+01,8.130947000000000813e+00,7.777883000000000102e+00
6.550000000000000000e+01,8.020571000000001050e+01,6.534805000000000419e+00,1.075234233333333478e+01
7.550000000000000000e+01,8.319998999999999967e+01,5.712255000000000749e+00,1.421402666666666548e+01
8.550000000000000000e+01,8.354998999999999398e+01,5.069440000000000168e+00,1.815816666666666634e+01
9.550000000000000000e+01,8.550714999999999577e+01,4.812400000000000233e+00,2.258044333333333142e+01
1.055000000000000000e+02,8.487858000000001368e+01,4.352223999999999648e+00,2.747708666666666844e+01
1.155000000000000000e+02,8.499571000000000254e+01,4.248845999999999457e+00,3.284830000000000894e+01
1.255000000000000000e+02,8.542000000000000171e+01,3.687873000000000623e+00,3.869418999999999897e+01
1.355000000000000000e+02,8.607856999999999914e+01,3.351174000000000319e+00,4.501502333333333183e+01
1.455000000000000000e+02,8.693144000000000915e+01,3.209883000000000042e+00,5.181148666666666713e+01
1.555000000000000000e+02,8.687570999999999799e+01,2.926029000000000213e+00,5.910825333333333731e+01
1.655000000000000000e+02,8.747141999999999484e+01,2.813308000000000142e+00,6.689339333333333570e+01
1.755000000000000000e+02,8.799712999999999852e+01,2.792972000000000232e+00,7.515507333333333406e+01
1.855000000000000000e+02,8.719998999999999967e+01,2.711925999999999615e+00,8.389023999999999148e+01
1.955000000000000000e+02,8.842713000000000534e+01,2.032504599999999773e+00,9.309829999999999472e+01
2.055000000000000000e+02,8.814574000000000353e+01,2.266886999999999652e+00,1.027788999999999930e+02
2.155000000000000000e+02,8.835570000000001301e+01,2.126360000000000028e+00,1.129374333333333169e+02
2.255000000000000000e+02,8.870856000000000563e+01,1.932434999999999903e+00,1.235700333333333418e+02
2.355000000000000000e+02,8.871286000000000627e+01,2.009789000000000048e+00,1.346786333333333516e+02
2.455000000000000000e+02,8.866428000000000509e+01,1.865762999999999838e+00,1.462628666666666959e+02
2.555000000000000000e+02,8.915427999999999997e+01,1.702263999999999999e+00,1.583203666666666720e+02
2.655000000000000000e+02,8.914000000000000057e+01,1.833896999999999888e+00,1.708501666666666949e+02
2.755000000000000000e+02,8.919713999999999032e+01,1.693927199999999855e+00,1.838561000000000263e+02
2.855000000000000000e+02,8.917855999999999028e+01,1.769223999999999908e+00,1.973340666666667005e+02
2.955000000000000000e+02,8.945284000000000901e+01,1.667177999999999827e+00,2.112887000000000057e+02
3.055000000000000000e+02,8.966284999999999172e+01,1.404987600000000114e+00,2.257302333333333024e+02
3.155000000000000000e+02,8.988286000000000797e+01,1.205024700000000060e+00,2.406499666666666712e+02
3.255000000000000000e+02,9.006143999999999039e+01,1.404836399999999985e+00,2.560449999999999591e+02
3.355000000000000000e+02,8.954573000000002025e+01,1.547030000000000127e+00,2.719117333333332454e+02
3.455000000000000000e+02,8.999428000000000338e+01,1.424117300000000030e+00,2.882512333333332890e+02
3.555000000000000000e+02,8.972001000000001625e+01,1.451861299999999799e+00,3.050661666666666747e+02
3.655000000000000000e+02,8.956427999999999656e+01,1.541807000000000150e+00,3.223564000000000078e+02
3.755000000000000000e+02,8.967571000000000936e+01,1.360535199999999945e+00,3.401203666666666550e+02
3.855000000000000000e+02,8.953429000000001281e+01,1.241589599999999960e+00,3.583554999999999495e+02
3.955000000000000000e+02,8.981855999999999085e+01,1.157195700000000160e+00,3.770640333333332705e+02
4.055000000000000000e+02,8.957286000000000570e+01,1.342378500000000141e+00,3.962454666666666299e+02
4.155000000000000000e+02,8.984428999999998666e+01,1.159459100000000076e+00,4.159018333333333430e+02
4.255000000000000000e+02,9.020714000000000965e+01,1.284746399999999955e+00,4.360296333333332655e+02
4.355000000000000000e+02,8.997857999999999379e+01,1.525179000000000062e+00,4.566295666666666193e+02
4.455000000000000000e+02,8.986285999999999774e+01,1.395338300000000142e+00,4.777053333333333285e+02
4.555000000000000000e+02,9.023144999999999527e+01,1.297143500000000227e+00,4.992600666666666029e+02
4.655000000000000000e+02,8.980287000000001285e+01,1.274904999999999955e+00,5.212884666666667499e+02
4.755000000000000000e+02,8.990713999999999828e+01,1.239303800000000066e+00,5.437908999999999651e+02
4.855000000000000000e+02,8.966573000000001059e+01,1.119062000000000001e+00,5.667667666666666264e+02
4.955000000000000000e+02,8.990568999999999278e+01,1.355328999999999784e+00,5.902157333333333327e+02
5.055000000000000000e+02,8.916429000000000826e+01,1.103805799999999948e+00,6.141391333333333478e+02
5.155000000000000000e+02,9.017858999999999980e+01,1.184935600000000200e+00,6.385375666666666348e+02
5.255000000000000000e+02,8.981141999999999825e+01,1.029922200000000121e+00,6.634094666666667308e+02
5.355000000000000000e+02,8.961570000000000391e+01,9.998732999999999649e-01,6.887553333333333967e+02
5.455000000000000000e+02,9.031286000000000058e+01,9.863315000000000277e-01,7.145779999999998608e+02
5.555000000000000000e+02,9.024572000000000571e+01,1.034607200000000171e+00,7.408759999999999764e+02
5.655000000000000000e+02,8.986857999999999436e+01,1.008149299999999915e+00,7.676493000000000393e+02
5.755000000000000000e+02,8.994572999999999752e+01,8.473663000000000167e-01,7.949035666666666202e+02
5.855000000000000000e+02,9.030857000000000312e+01,8.442683000000000826e-01,8.226426999999999907e+02
5.955000000000000000e+02,9.002286999999998329e+01,7.849445000000000450e-01,8.508575999999999340e+02
6.055000000000000000e+02,9.002714000000000283e+01,9.379066000000000347e-01,8.796040333333334047e+02
6.155000000000000000e+02,9.009856999999999516e+01,8.413577999999999335e-01,9.088558000000000447e+02
6.255000000000000000e+02,8.963429999999999609e+01,7.589487999999999790e-01,9.385838666666666086e+02
6.355000000000000000e+02,8.993856999999999857e+01,8.035501000000000449e-01,9.687881999999999607e+02
6.455000000000000000e+02,8.983715999999999724e+01,8.805109000000002073e-01,9.994634666666667044e+02
6.555000000000000000e+02,9.003285999999999945e+01,7.029888000000000803e-01,1.030609566666666524e+03
6.655000000000000000e+02,8.978570999999999458e+01,8.670470999999999595e-01,1.062231333333333168e+03
6.755000000000000000e+02,9.063572000000002049e+01,6.809990999999999683e-01,1.094333666666666886e+03
6.855000000000000000e+02,9.043572000000000344e+01,7.361175999999999275e-01,1.126918333333333294e+03
6.955000000000000000e+02,9.050571999999999662e+01,6.925989000000000173e-01,1.159981333333333168e+03
7.055000000000000000e+02,9.031285999999998637e+01,7.017181000000000113e-01,1.193519999999999982e+03
7.155000000000000000e+02,9.045142000000001303e+01,7.054371000000000391e-01,1.227535999999999831e+03
7.255000000000000000e+02,9.084713999999999601e+01,7.633806000000000758e-01,1.262028999999999996e+03
7.355000000000000000e+02,9.008572999999999809e+01,7.006505000000000649e-01,1.296995000000000118e+03
7.455000000000000000e+02,9.107999999999999829e+01,7.562993999999999550e-01,1.332434999999999945e+03
7.555000000000000000e+02,9.044427999999999201e+01,6.338044999999998819e-01,1.368351333333333059e+03
7.655000000000000000e+02,9.088858999999999355e+01,6.773412000000000877e-01,1.404747666666666646e+03
7.755000000000000000e+02,9.063286999999999694e+01,6.197216000000000946e-01,1.441619666666666717e+03
7.855000000000000000e+02,9.041142999999999574e+01,6.900636999999998356e-01,1.478970666666666602e+03
7.955000000000000000e+02,9.053285000000001048e+01,7.453096000000001276e-01,1.516797666666666601e+03
8.055000000000000000e+02,9.071999999999999886e+01,6.439707000000000070e-01,1.555105999999999995e+03
8.155000000000000000e+02,9.062572000000000116e+01,6.474411999999999390e-01,1.593892333333333454e+03
8.255000000000000000e+02,9.098572000000000060e+01,6.053041999999999589e-01,1.633154666666666571e+03
8.355000000000000000e+02,9.088572999999999524e+01,6.771656999999999815e-01,1.672894000000000233e+03
8.455000000000000000e+02,9.113856999999998720e+01,5.711823000000000317e-01,1.713110666666666702e+03
8.555000000000000000e+02,9.126714999999998668e+01,6.371364999999999945e-01,1.753807666666666819e+03
8.655000000000000000e+02,9.104572000000000287e+01,5.504563000000000095e-01,1.794983666666666977e+03
8.755000000000000000e+02,9.090572999999999126e+01,5.903681999999998986e-01,1.836636666666666770e+03
8.855000000000000000e+02,9.093000999999999578e+01,5.416914000000000451e-01,1.878763333333333094e+03
8.955000000000000000e+02,9.075999999999999091e+01,5.522871000000000308e-01,1.921367666666666537e+03
9.055000000000000000e+02,9.094428000000000623e+01,5.062766999999999129e-01,1.964450333333333447e+03
9.155000000000000000e+02,9.143142000000000280e+01,5.054857999999999851e-01,2.008018000000000029e+03
9.255000000000000000e+02,9.059144000000000574e+01,5.367269999999999541e-01,2.052070666666666511e+03
9.355000000000000000e+02,9.085428999999999178e+01,5.919307000000000318e-01,2.096596666666666806e+03
9.455000000000000000e+02,9.100856999999999175e+01,5.263747999999999205e-01,2.141599333333333107e+03
9.555000000000000000e+02,9.125714999999999577e+01,5.224914000000000502e-01,2.187079333333333125e+03
9.655000000000000000e+02,9.127142999999999518e+01,5.090430999999999706e-01,2.233032999999999902e+03
9.755000000000000000e+02,9.072142999999999802e+01,4.772891999999999690e-01,2.279463333333333594e+03
9.855000000000000000e+02,9.052714000000000283e+01,4.578286000000000300e-01,2.326378333333333558e+03
9.955000000000000000e+02,9.091143999999999892e+01,4.827213000000000198e-01,2.373770333333333383e+03
1.005500000000000000e+03,9.127572999999999581e+01,5.573423999999999046e-01,2.421637999999999920e+03
1.015500000000000000e+03,9.095142000000001303e+01,5.289000999999999841e-01,2.469984666666666271e+03
1.025500000000000000e+03,9.085286999999999580e+01,5.654871000000000203e-01,2.518812666666666701e+03
1.035500000000000000e+03,9.072571999999999548e+01,4.597770000000000468e-01,2.568138666666666268e+03
1.045500000000000000e+03,9.117428000000001020e+01,5.354613999999999763e-01,2.617961666666666588e+03
1.055500000000000000e+03,9.038572999999999524e+01,5.032168000000000196e-01,2.668276000000000295e+03
1.065500000000000000e+03,9.050429000000001167e+01,5.268345999999999307e-01,2.719078000000000429e+03
1.075500000000000000e+03,9.095286000000001536e+01,4.846302000000000665e-01,2.770360666666666475e+03
1.085500000000000000e+03,9.131572000000001310e+01,4.259362000000000426e-01,2.822119333333333088e+03
1.095500000000000000e+03,9.108286999999999978e+01,4.514017000000000168e-01,2.874355000000000018e+03
1.105500000000000000e+03,9.139285999999999888e+01,4.682648999999999839e-01,2.927071666666666260e+03
1.115500000000000000e+03,9.075713999999997839e+01,4.029307000000000305e-01,2.980269333333333179e+03
1.125500000000000000e+03,9.187856999999999630e+01,5.059536000000000033e-01,3.033948000000000320e+03
1.135500000000000000e+03,9.158286999999998557e+01,3.990683999999999898e-01,3.088103000000000065e+03
1.145500000000000000e+03,9.084570000000000789e+01,4.461055999999999355e-01,3.142734666666666726e+03
1.155500000000000000e+03,9.061857000000000539e+01,4.656603000000000270e-01,3.197841333333332841e+03
1.165500000000000000e+03,9.126000999999999408e+01,4.462973000000000079e-01,3.253424666666666781e+03
1.175500000000000000e+03,9.094285999999999603e+01,3.769349999999999645e-01,3.309485000000000582e+03
1.185500000000000000e+03,9.120285000000001219e+01,4.570440999999999532e-01,3.366019666666666126e+03
1.195500000000000000e+03,9.110143999999999664e+01,4.646756999999999138e-01,3.423035666666666657e+03
1.205500000000000000e+03,9.172571999999999548e+01,5.020960999999999341e-01,3.480559666666666544e+03
1.215500000000000000e+03,9.128142999999998608e+01,3.949141999999999930e-01,3.538570999999999913e+03
1.225500000000000000e+03,9.080714000000000397e+01,4.262775999999999788e-01,3.597062999999999647e+03
1.235500000000000000e+03,9.108428000000000679e+01,4.083828999999999931e-01,3.656026999999999589e+03
1.245500000000000000e+03,9.104999999999998295e+01,4.190918000000000143e-01,3.715471666666666806e+03
1.255500000000000000e+03,9.078716000000000008e+01,4.206378000000000617e-01,3.775397666666666282e+03
1.265500000000000000e+03,9.060141999999999030e+01,4.058172999999999919e-01,3.835802333333333991e+03
1.275500000000000000e+03,9.086571000000000708e+01,4.120618999999999810e-01,3.896686000000000149e+03
1.285500000000000000e+03,9.105570000000000164e+01,4.160343000000000235e-01,3.958048333333333630e+03
1.295500000000000000e+03,9.048427999999999827e+01,4.378442999999999641e-01,4.019890333333332819e+03
1.305500000000000000e+03,9.036571999999998184e+01,4.225661000000000556e-01,4.082208999999999833e+03
1.315500000000000000e+03,9.066998999999998432e+01,4.205992000000000064e-01,4.145005000000000109e+03
1.325500000000000000e+03,9.036999000000000137e+01,4.528368999999999867e-01,4.208276333333334151e+03
1.335500000000000000e+03,9.031856000000001927e+01,4.187260000000000426e-01,4.272025999999999840e+03
1.345500000000000000e+03,9.038284999999999059e+01,4.057222999999999802e-01,4.336252333333333809e+03
1.355500000000000000e+03,9.145428999999998609e+01,4.191262000000000043e-01,4.400957333333332826e+03
1.365500000000000000e+03,9.071572000000000457e+01,4.078790999999999944e-01,4.466142000000000735e+03
1.375500000000000000e+03,9.074571000000000254e+01,4.051072000000000561e-01,4.531812666666666701e+03
1.385500000000000000e+03,9.139714999999999634e+01,4.131568000000000462e-01,4.597962666666666337e+03
1.395500000000000000e+03,9.032141999999998916e+01,3.922662000000000093e-01,4.664595666666667057e+03
1.405500000000000000e+03,9.076140999999999792e+01,3.820395999999999792e-01,4.731715333333333547e+03
1.415500000000000000e+03,9.062713999999999714e+01,3.811590000000000256e-01,4.799318999999999505e+03
1.425500000000000000e+03,9.192140999999999451e+01,3.917266999999999832e-01,4.867407666666666955e+03
1.435500000000000000e+03,9.120000999999999181e+01,4.028781000000000168e-01,4.935980666666667275e+03
1.445500000000000000e+03,9.079428999999998950e+01,4.104284999999999739e-01,5.005036333333332550e+03
1.455500000000000000e+03,9.084429999999998984e+01,4.100426999999999822e-01,5.074578000000000429e+03
1.465500000000000000e+03,9.149714000000000169e+01,3.825591999999999882e-01,5.144605999999999767e+03
1.475500000000000000e+03,9.067285999999998580e+01,3.978789000000000353e-01,5.215117666666666992e+03
1.485500000000000000e+03,9.179285000000000139e+01,4.400472999999999746e-01,5.286113333333332776e+03
1.495500000000000000e+03,9.078000000000000114e+01,3.814239999999999853e-01,5.357599000000000160e+03
1.505500000000000000e+03,9.171572000000000457e+01,3.814480000000000093e-01,5.429571666666665806e+03
1.515500000000000000e+03,9.080857000000000312e+01,3.885754000000000152e-01,5.502044666666666672e+03
1.525500000000000000e+03,9.203430000000000177e+01,4.023664000000000129e-01,5.575008000000000720e+03
1.535500000000000000e+03,9.108145000000000380e+01,3.726125999999999605e-01,5.648447333333332608e+03
1.545500000000000000e+03,9.195571000000001050e+01,3.884028000000000480e-01,5.722363333333332776e+03
1.555500000000000000e+03,9.176572000000001594e+01,3.798683999999999950e-01,5.796756333333332805e+03
1.565500000000000000e+03,9.146858000000000288e+01,3.504263999999999712e-01,5.871632333333333008e+03
1.575500000000000000e+03,9.195430000000000348e+01,4.266098000000000390e-01,5.946991666666666788e+03
1.585500000000000000e+03,9.176998999999999285e+01,3.850178000000000766e-01,6.022835666666666839e+03
1.595500000000000000e+03,9.195714000000000965e+01,3.871865999999999919e-01,6.099158000000000357e+03
1.605500000000000000e+03,9.198143999999999210e+01,4.021137000000000183e-01,6.175958666666667341e+03
1.615500000000000000e+03,9.223570000000000846e+01,3.864926000000000195e-01,6.253237666666666883e+03
1.625500000000000000e+03,9.219285999999999603e+01,3.897183000000000175e-01,6.330994666666667399e+03
1.635500000000000000e+03,9.257713999999999999e+01,3.925840999999999914e-01,6.409229000000000269e+03
1.645500000000000000e+03,9.167285999999998580e+01,3.701767000000000252e-01,6.487945999999999913e+03
1.655500000000000000e+03,9.191141999999999257e+01,3.659478999999999926e-01,6.567141999999999825e+03
1.665500000000000000e+03,9.216143000000000995e+01,3.378667000000000198e-01,6.646814000000000306e+03
1.675500000000000000e+03,9.215427999999999997e+01,3.581501999999999741e-01,6.726963666666667450e+03
1.685500000000000000e+03,9.196858000000000288e+01,3.684606000000000270e-01,6.807591666666665333e+03
1.695500000000000000e+03,9.162142000000001474e+01,3.487450999999999746e-01,6.888693666666667923e+03
1.705500000000000000e+03,9.249712999999999852e+01,3.514892000000000571e-01,6.970270333333332019e+03
1.715500000000000000e+03,9.262569999999999482e+01,3.146531000000000189e-01,7.052330666666666730e+03
1.725500000000000000e+03,9.174429000000000656e+01,3.604308999999999430e-01,7.134869999999999891e+03
1.735500000000000000e+03,9.225715999999999894e+01,3.145650999999999309e-01,7.217886333333332914e+03
1.745500000000000000e+03,9.250287000000000148e+01,3.307276000000000105e-01,7.301380666666666912e+03
1.755500000000000000e+03,9.167857999999998242e+01,3.215360999999999914e-01,7.385357666666667683e+03
1.765500000000000000e+03,9.201427999999999940e+01,3.124418000000000473e-01,7.469821666666667625e+03
1.775500000000000000e+03,9.187999999999999545e+01,3.387736000000000081e-01,7.554771000000000640e+03
1.785500000000000000e+03,9.234858999999998730e+01,3.066175999999999902e-01,7.640201333333333423e+03
1.795500000000000000e+03,9.202428999999999348e+01,3.552933999999999815e-01,7.726109333333333780e+03
1.805500000000000000e+03,9.206288000000000693e+01,3.053525000000000267e-01,7.812498999999998887e+03
1.815500000000000000e+03,9.196142999999999290e+01,3.419710999999999723e-01,7.899367000000000189e+03
1.825500000000000000e+03,9.176284999999998604e+01,2.820875999999999384e-01,7.986713666666665631e+03
1.835500000000000000e+03,9.171713000000001159e+01,3.010025000000000062e-01,8.074535999999998239e+03
1.845500000000000000e+03,9.197714999999999463e+01,3.409387000000000389e-01,8.162837666666668156e+03
1.855500000000000000e+03,9.229713999999998464e+01,3.420052999999999566e-01,8.251621666666665988e+03
1.865500000000000000e+03,9.119285000000000707e+01,2.823711999999999889e-01,8.340890999999999622e+03
1.875500000000000000e+03,9.257000999999999635e+01,3.290137000000000200e-01,8.430642333333333227e+03
1.885500000000000000e+03,9.181000000000000227e+01,3.538010000000000321e-01,8.520869999999998981e+03
1.895500000000000000e+03,9.171142000000000394e+01,3.462881999999999350e-01,8.611578333333332921e+03
1.905500000000000000e+03,9.237286000000000286e+01,3.444760000000000044e-01,8.702765999999999622e+03
1.915500000000000000e+03,9.209000999999999237e+01,3.004447000000000090e-01,8.794434666666667908e+03
1.925500000000000000e+03,9.177712999999999965e+01,3.385558999999999652e-01,8.886581999999998516e+03
1.935500000000000000e+03,9.237143999999999266e+01,3.318803000000000170e-01,8.979208999999998923e+03
1.945500000000000000e+03,9.236142999999999859e+01,3.121146999999999672e-01,9.072328999999997905e+03
1.955500000000000000e+03,9.178858999999999924e+01,2.961405000000000287e-01,9.165929666666666890e+03
1.965500000000000000e+03,9.196286000000000627e+01,2.989762000000000253e-01,9.260007999999999811e+03
1.975500000000000000e+03,9.202428000000000452e+01,3.337505999999999529e-01,9.354564999999998690e+03
1.985500000000000000e+03,9.152430000000001087e+01,2.668924000000000296e-01,9.449606333333333168e+03
1.995500000000000000e+03,9.201712999999999454e+01,3.071535000000000237e-01,9.545128000000000611e+03
2.005500000000000000e+03,9.156284999999999741e+01,3.058938999999999409e-01,9.641135000000000218e+03
2.015500000000000000e+03,9.201286000000000342e+01,2.811968999999999719e-01,9.737621666666667807e+03
2.025500000000000000e+03,9.178000000000000114e+01,3.426918999999999937e-01,9.834583666666667341e+03
2.035500000000000000e+03,9.177142999999999518e+01,3.008378999999999914e-01,9.932033666666666250e+03
2.045500000000000000e+03,9.207999999999999829e+01,2.917325999999999531e-01,1.002995600000000013e+04
2.055500000000000000e+03,9.196286999999998102e+01,3.242604000000000042e-01,1.012835900000000038e+04
2.065500000000000000e+03,9.160999000000001047e+01,3.007908000000000248e-01,1.022724333333333561e+04
2.075500000000000000e+03,9.132858000000000231e+01,2.508405999999999691e-01,1.032659666666666635e+04
2.085500000000000000e+03,9.178285999999999945e+01,2.581352000000000091e-01,1.042645000000000073e+04
2.095500000000000000e+03,9.151571999999998752e+01,3.014351999999999587e-01,1.052677666666666846e+04
2.105500000000000000e+03,9.157715999999999212e+01,2.507610999999999590e-01,1.062758333333333212e+04
2.115500000000000000e+03,9.218713999999999942e+01,2.857887000000000066e-01,1.072885999999999876e+04
2.125500000000000000e+03,9.183999000000001445e+01,3.003725000000000422e-01,1.083061999999999898e+04
2.135500000000000000e+03,9.178285999999999945e+01,2.845503999999999811e-01,1.093287333333333299e+04
2.145500000000000000e+03,9.190715000000000146e+01,2.290325999999999751e-01,1.103559000000000015e+04
2.155500000000000000e+03,9.153855999999998971e+01,2.956592999999999583e-01,1.113880333333333328e+04
2.165500000000000000e+03,9.160000999999999749e+01,2.678001999999999883e-01,1.124250999999999840e+04
2.175500000000000000e+03,9.203857000000000710e+01,2.898896000000000250e-01,1.134668666666666650e+04
2.185500000000000000e+03,9.223143000000000313e+01,2.592895000000000616e-01,1.145135000000000036e+04
2.195500000000000000e+03,9.181428999999999974e+01,3.012903999999999582e-01,1.155648666666666759e+04
2.205500000000000000e+03,9.171858000000000288e+01,2.880282999999999594e-01,1.166211000000000058e+04
2.215500000000000000e+03,9.170286000000000115e+01,2.470191999999999943e-01,1.176822666666666555e+04
2.225500000000000000e+03,9.147857999999999379e+01,2.595918999999999865e-01,1.187479999999999927e+04
2.235500000000000000e+03,9.188714000000000226e+01,2.803394999999999637e-01,1.198187666666666701e+04
2.245500000000000000e+03,9.181143000000000143e+01,2.474664000000000308e-01,1.208942333333333409e+04
2.255500000000000000e+03,9.166855999999999938e+01,2.701391000000000209e-01,1.219745666666666693e+04
2.265500000000000000e+03,9.153857000000000710e+01,2.210355999999999432e-01,1.230597333333333336e+04
2.275500000000000000e+03,9.182428000000000168e+01,2.440933000000000130e-01,1.241497333333333336e+04
2.285500000000000000e+03,9.162000000000000455e+01,2.823787999999999854e-01,1.252444333333333270e+04
2.295500000000000000e+03,9.155713000000000079e+01,2.385861999999999983e-01,1.263440666666666948e+04
2.305500000000000000e+03,9.148143000000000313e+01,2.320780999999999816e-01,1.274485333333333438e+04
2.315500000000000000e+03,9.173427999999998406e+01,2.350870999999999655e-01,1.285578999999999905e+04
2.325500000000000000e+03,9.189999999999999147e+01,2.556825999999999821e-01,1.296721333333333132e+04
2.335500000000000000e+03,9.184427999999999770e+01,2.464246000000000214e-01,1.307910333333333438e+04
2.345500000000000000e+03,9.171429000000000542e+01,1.934623999999999788e-01,1.319149666666666781e+04
2.355500000000000000e+03,9.174285000000000423e+01,2.458346000000000142e-01,1.330437000000000080e+04
2.365500000000000000e+03,9.187572999999999013e+01,2.265318000000000054e-01,1.341772666666666555e+04
2.375500000000000000e+03,9.147285999999999717e+01,2.133826000000000056e-01,1.353157333333333372e+04
2.385500000000000000e+03,9.144141999999999371e+01,2.408847000000000071e-01,1.364590333333333183e+04
2.395500000000000000e+03,9.145286000000000115e+01,2.217901999999999929e-01,1.376071666666666897e+04
2.405500000000000000e+03,9.157001999999999953e+01,2.235192999999999763e-01,1.387610666666666839e+04
2.415500000000000000e+03,9.150855999999998858e+01,1.935813000000000117e-01,1.399197999999999956e+04
2.425500000000000000e+03,9.125286000000001252e+01,2.146868000000000110e-01,1.410834666666666817e+04
2.435500000000000000e+03,9.128141999999999712e+01,2.037996999999999725e-01,1.422518666666666650e+04
2.445500000000000000e+03,9.133286999999999978e+01,1.879371200000000131e-01,1.434248666666666759e+04
2.455500000000000000e+03,9.189715000000001055e+01,2.171019000000000143e-01,1.446030333333333328e+04
2.465500000000000000e+03,9.148141000000001100e+01,2.411185000000000689e-01,1.457860000000000036e+04
2.475500000000000000e+03,9.166857000000001676e+01,1.837034000000000167e-01,1.469737333333333299e+04
2.485500000000000000e+03,9.170714999999999861e+01,1.995010000000000117e-01,1.481664333333333525e+04
2.495500000000000000e+03,9.151286000000000342e+01,1.971011000000000013e-01,1.493637999999999920e+04
2.505500000000000000e+03,9.123857000000000994e+01,2.553287999999999669e-01,1.505659666666666817e+04
2.515500000000000000e+03,9.146000000000000796e+01,1.818730000000000069e-01,1.517729999999999927e+04
2.525500000000000000e+03,9.133142999999999745e+01,1.735107199999999794e-01,1.529848333333333358e+04
2.535500000000000000e+03,9.147858999999999696e+01,2.071092000000000211e-01,1.542013999999999578e+04
2.545500000000000000e+03,9.115286000000000399e+01,2.115439100000000017e-01,1.554227999999999884e+04
2.555500000000000000e+03,9.173713000000000761e+01,1.877686000000000077e-01,1.566490333333333183e+04
2.565500000000000000e+03,9.165428000000001418e+01,1.791464300000000232e-01,1.578799333333333561e+04
2.575500000000000000e+03,9.167571000000000936e+01,2.087297999999999654e-01,1.591156333333332987e+04
2.585500000000000000e+03,9.129000999999999522e+01,1.702706000000000219e-01,1.603562333333333299e+04
2.595500000000000000e+03,9.131286000000000058e+01,1.613305200000000050e-01,1.616015999999999985e+04
2.605500000000000000e+03,9.137999999999999545e+01,1.745453000000000143e-01,1.628517666666666628e+04
2.615500000000000000e+03,9.134857999999999834e+01,1.496331099999999859e-01,1.641067666666666628e+04
2.625500000000000000e+03,9.157429999999999382e+01,1.899224999999999941e-01,1.653664333333333343e+04
2.635500000000000000e+03,9.153569999999999141e+01,1.946216000000000057e-01,1.666311000000000058e+04
2.645500000000000000e+03,9.132716000000000633e+01,1.734221400000000302e-01,1.679005666666666730e+04
2.655500000000000000e+03,9.123572000000000060e+01,1.868449000000000082e-01,1.691750666666666439e+04
2.665500000000000000e+03,9.115571000000001334e+01,1.612012300000000009e-01,1.704545333333333474e+04
2.675500000000000000e+03,9.120858000000001198e+01,1.567035199999999850e-01,1.717389333333333343e+04
2.685500000000000000e+03,9.167571000000000936e+01,1.414791799999999822e-01,1.730281999999999971e+04
2.695500000000000000e+03,9.123713999999999658e+01,1.640558399999999806e-01,1.743223000000000320e+04
2.705500000000000000e+03,9.097001000000000204e+01,1.486040999999999890e-01,1.756215000000000146e+04
2.715500000000000000e+03,9.094858000000002107e+01,1.677684100000000345e-01,1.769254333333333125e+04
2.725500000000000000e+03,9.130143999999999949e+01,1.336883000000000099e-01,1.782344666666666308e+04
2.735500000000000000e+03,9.119001000000000090e+01,1.501317400000000135e-01,1.795482999999999811e+04
2.745500000000000000e+03,9.139001999999999271e+01,1.729251400000000050e-01,1.808672000000000116e+04
2.755500000000000000e+03,9.105427999999997724e+01,1.493532599999999877e-01,1.821910999999999694e+04
2.765500000000000000e+03,9.094430999999998733e+01,1.405743499999999868e-01,1.835196666666666715e+04
2.775500000000000000e+03,9.140857999999998640e+01,1.059852600000000117e-01,1.848530666666666730e+04
2.785500000000000000e+03,9.051572000000000173e+01,1.470528600000000075e-01,1.861913000000000102e+04
2.795500000000000000e+03,9.124143999999999721e+01,1.295186799999999971e-01,1.875344666666667035e+04
2.805500000000000000e+03,9.106571000000000993e+01,1.352797100000000252e-01,1.888824666666666599e+04
2.815500000000000000e+03,9.166429000000000826e+01,1.534915300000000149e-01,1.902354000000000087e+04
2.825500000000000000e+03,9.110857000000000028e+01,1.436475799999999969e-01,1.915931666666666933e+04
2.835500000000000000e+03,9.095144000000000517e+01,1.394762999999999975e-01,1.929556666666666933e+04
2.845500000000000000e+03,9.076286999999999239e+01,1.269992599999999749e-01,1.943231666666666206e+04
2.855500000000000000e+03,9.078428999999999860e+01,1.420404000000000111e-01,1.956952666666666482e+04
2.865500000000000000e+03,9.119285999999999603e+01,1.186162500000000064e-01,1.970723999999999796e+04
2.875500000000000000e+03,9.088001000000001284e+01,1.449394100000000185e-01,1.984542666666666992e+04
2.885500000000000000e+03,9.112140999999999735e+01,8.976021999999998779e-02,1.998410333333333256e+04
2.895500000000000000e+03,9.137715000000000032e+01,1.167399600000000037e-01,2.012326333333333241e+04
2.905500000000000000e+03,9.091000999999999976e+01,1.099787599999999949e-01,2.026290999999999622e+04
2.915500000000000000e+03,9.098999000000000592e+01,1.481222299999999936e-01,2.040301999999999680e+04
2.925500000000000000e+03,9.118856000000000961e+01,1.219348800000000094e-01,2.054361000000000422e+04
2.935500000000000000e+03,9.106716000000000122e+01,1.177961600000000109e-01,2.068470000000000437e+04
2.945500000000000000e+03,9.143998000000000559e+01,1.319532600000000166e-01,2.082626666666667006e+04
2.955500000000000000e+03,9.140570999999999913e+01,1.236197699999999899e-01,2.096831000000000131e+04
2.965500000000000000e+03,9.129143000000000541e+01,1.124166500000000068e-01,2.111083666666666250e+04
2.975500000000000000e+03,9.114000000000000057e+01,1.253431100000000076e-01,2.125384666666666817e+04
2.985500000000000000e+03,9.086712999999998885e+01,1.360367999999999855e-01,2.139733666666666250e+04
2.995500000000000000e+03,9.115428999999998894e+01,1.110327699999999751e-01,2.154129333333333489e+04
3.005500000000000000e+03,9.125571000000000765e+01,1.037056599999999912e-01,2.168574666666666599e+04
3.015500000000000000e+03,9.106857000000000824e+01,9.871416999999997610e-02,2.183067333333333227e+04
3.025500000000000000e+03,9.088569999999999993e+01,1.094336100000000006e-01,2.197608333333333576e+04
3.035500000000000000e+03,9.099285000000000423e+01,1.220304599999999934e-01,2.212198666666666759e+04
3.045500000000000000e+03,9.128429000000001281e+01,9.949589999999999823e-02,2.226838000000000102e+04
3.055500000000000000e+03,9.128999000000000308e+01,1.016800900000000007e-01,2.241524333333333198e+04
3.065500000000000000e+03,9.152141999999999200e+01,9.843588000000000338e-02,2.256258666666666250e+04
3.075500000000000000e+03,9.101999000000000706e+01,9.624831000000001746e-02,2.271040999999999622e+04
3.085500000000000000e+03,9.125284999999999513e+01,9.034385999999999806e-02,2.285871333333333314e+04
3.095500000000000000e+03,9.124286000000000740e+01,9.952300999999999509e-02,2.300748999999999796e+04
3.105500000000000000e+03,9.086999000000000137e+01,9.595731999999999873e-02,2.315675333333333401e+04
3.115500000000000000e+03,9.107715000000000316e+01,1.039197399999999966e-01,2.330650666666666439e+04
3.125500000000000000e+03,9.114572999999998615e+01,1.181871399999999961e-01,2.345672666666666191e+04
3.135500000000000000e+03,9.112856999999999630e+01,8.509049999999999947e-02,2.360743999999999869e+04
3.145500000000000000e+03,9.091427000000000191e+01,1.054015700000000139e-01,2.375862666666666701e+04
3.155500000000000000e+03,9.126427999999999940e+01,7.763002999999998877e-02,2.391028999999999724e+04
3.165500000000000000e+03,9.066143999999999892e+01,9.655231000000000230e-02,2.406243999999999505e+04
3.175500000000000000e+03,9.081714999999999804e+01,9.175611999999999657e-02,2.421506333333333168e+04
3.185500000000000000e+03,9.101430000000000575e+01,9.179384000000000154e-02,2.436818000000000029e+04
3.195500000000000000e+03,9.111713999999999203e+01,8.799397999999999942e-02,2.452177333333333081e+04
3.205500000000000000e+03,9.099429000000000656e+01,9.102435999999999860e-02,2.467585666666666657e+04
3.215500000000000000e+03,9.103143000000000029e+01,8.374249000000000276e-02,2.483043999999999869e+04
3.225500000000000000e+03,9.105998999999999910e+01,6.114615999999999107e-02,2.498550000000000000e+04
3.235500000000000000e+03,9.097285999999999717e+01,7.934704000000000756e-02,2.514104999999999927e+04
3.245500000000000000e+03,9.119428999999999519e+01,7.540921999999999903e-02,2.529706666666666570e+04
3.255500000000000000e+03,9.104284999999998718e+01,7.418187000000001086e-02,2.545356999999999971e+04
3.265500000000000000e+03,9.079143000000000541e+01,8.522095999999999838e-02,2.561055333333333692e+04
3.275500000000000000e+03,9.095286000000000115e+01,8.393364000000000380e-02,2.576801999999999680e+04
3.285500000000000000e+03,9.092286000000000001e+01,6.825407000000000002e-02,2.592595999999999913e+04
3.295500000000000000e+03,9.103571000000000879e+01,7.357908999999998589e-02,2.608439333333333343e+04
3.305500000000000000e+03,9.118142000000000280e+01,8.107861000000000928e-02,2.624329333333333489e+04
3.315500000000000000e+03,9.120141999999999882e+01,5.979192000000001228e-02,2.640268000000000029e+04
3.325500000000000000e+03,9.094714000000000453e+01,5.749271000000000242e-02,2.656256333333333532e+04
3.335500000000000000e+03,9.111285999999999774e+01,7.099088000000000620e-02,2.672291333333333750e+04
3.345500000000000000e+03,9.098857000000000994e+01,6.615076000000000289e-02,2.688377333333333445e+04
3.355500000000000000e+03,9.133285999999999660e+01,6.013612000000000124e-02,2.704511666666666133e+04
3.365500000000000000e+03,9.105143999999998528e+01,6.094786000000000648e-02,2.720692666666666628e+04
3.375500000000000000e+03,9.131143000000000143e+01,7.238109000000000903e-02,2.736921999999999389e+04
3.385500000000000000e+03,9.117286000000000001e+01,6.801793999999999896e-02,2.753200666666666439e+04
3.395500000000000000e+03,9.125428999999999746e+01,5.497646000000000477e-02,2.769527000000000044e+04
3.405500000000000000e+03,9.108571000000002016e+01,6.660175000000000123e-02,2.785900666666667166e+04
3.415500000000000000e+03,9.126999999999999602e+01,6.751452999999998927e-02,2.802323333333332994e+04
3.425500000000000000e+03,9.099427000000000021e+01,5.507912000000000224e-02,2.818793333333333067e+04
3.435500000000000000e+03,9.119714000000000453e+01,5.375756999999999758e-02,2.835311999999999534e+04
3.445500000000000000e+03,9.124714000000001590e+01,6.081826000000001287e-02,2.851878999999999724e+04
3.455500000000000000e+03,9.122284000000000503e+01,5.568519000000000940e-02,2.868494333333333634e+04
3.465500000000000000e+03,9.105570000000001585e+01,6.174828000000000955e-02,2.885157999999999811e+04
3.475500000000000000e+03,9.130857000000000312e+01,6.055850000000000122e-02,2.901870666666666511e+04
3.485500000000000000e+03,9.130143999999998528e+01,6.231561999999999518e-02,2.918631999999999607e+04
3.495500000000000000e+03,9.111857999999998015e+01,5.294297000000001280e-02,2.935439666666666744e+04
3.505500000000000000e+03,9.125000000000000000e+01,5.680144999999999639e-02,2.952295666666666511e+04
3.515500000000000000e+03,9.108428999999999576e+01,4.588352999999999876e-02,2.969199666666666599e+04
3.525500000000000000e+03,9.116429999999999723e+01,4.325102000000000113e-02,2.986152000000000044e+04
3.535500000000000000e+03,9.092857999999999663e+01,5.553458000000000006e-02,3.003150999999999840e+04
3.545500000000000000e+03,9.115286000000000399e+01,5.509086000000000538e-02,3.020198999999999796e+04
3.555500000000000000e+03,9.104000000000000625e+01,5.586371999999999172e-02,3.037294000000000233e+04
3.565500000000000000e+03,9.087570000000000903e+01,4.976838000000000095e-02,3.054438000000000466e+04
3.575500000000000000e+03,9.111427999999999372e+01,5.108512999999999943e-02,3.071631333333333168e+04
3.585500000000000000e+03,9.117286000000000001e+01,3.841893999999999865e-02,3.088872333333333518e+04
3.595500000000000000e+03,9.115712999999999511e+01,3.979492000000000446e-02,3.106160999999999694e+04
3.605500000000000000e+03,9.146429000000000542e+01,4.589772000000000296e-02,3.123499333333333561e+04
3.615500000000000000e+03,9.126142000000001531e+01,4.284332000000000418e-02,3.140884666666666817e+04
3.625500000000000000e+03,9.094999999999998863e+01,5.465723999999999583e-02,3.158319666666666308e+04
3.635500000000000000e+03,9.108572000000000912e+01,5.419385000000000868e-02,3.175802666666666482e+04
3.645500000000000000e+03,9.098286000000000229e+01,4.582519000000000176e-02,3.193332333333332645e+04
3.655500000000000000e+03,9.120857000000000880e+01,4.011253000000000041e-02,3.210910999999999694e+04
3.665500000000000000e+03,9.117286000000000001e+01,4.905748000000000053e-02,3.228539666666666744e+04
3.675500000000000000e+03,9.139141999999998234e+01,4.628223999999999533e-02,3.246215333333333183e+04
3.685500000000000000e+03,9.106285999999998637e+01,2.863183999999999868e-02,3.263942333333333227e+04
3.695500000000000000e+03,9.111999999999999034e+01,3.324456999999999413e-02,3.281718000000000029e+04
3.705500000000000000e+03,9.117286000000000001e+01,3.252662000000000608e-02,3.299541333333333750e+04
3.715500000000000000e+03,9.097857000000001904e+01,3.876675999999999733e-02,3.317412999999999738e+04
3.725500000000000000e+03,9.114427999999999486e+01,6.067322000000000687e-02,3.335334999999999854e+04
3.735500000000000000e+03,9.140427000000001101e+01,4.134796999999999778e-02,3.353303666666666686e+04
3.745500000000000000e+03,9.135285000000000366e+01,4.668151000000000939e-02,3.371322666666666919e+04
3.755500000000000000e+03,9.099573000000000889e+01,4.833097000000000087e-02,3.389388000000000466e+04
3.765500000000000000e+03,9.116714000000000340e+01,5.067243000000000441e-02,3.407504666666666162e+04
3.775500000000000000e+03,9.091285999999999490e+01,3.619797000000000292e-02,3.425669666666667035e+04
3.785500000000000000e+03,9.116284999999999172e+01,4.862544000000000588e-02,3.443881333333333896e+04
3.795500000000000000e+03,9.140285000000000082e+01,3.601385000000000003e-02,3.462143999999999505e+04
3.805500000000000000e+03,9.129856999999999800e+01,3.683404999999999319e-02,3.480458666666666977e+04
3.815500000000000000e+03,9.114714000000000738e+01,4.422177999999999526e-02,3.498818666666666832e+04
3.825500000000000000e+03,9.105143000000001052e+01,4.727213000000000942e-02,3.517227666666666482e+04
3.835500000000000000e+03,9.119001000000000090e+01,3.651133000000000156e-02,3.535686000000000058e+04
3.845500000000000000e+03,9.144285999999999603e+01,3.682097000000000148e-02,3.554193333333332703e+04
3.855500000000000000e+03,9.089858000000000970e+01,4.159515000000000434e-02,3.572748666666665667e+04
3.865500000000000000e+03,9.105572999999999695e+01,4.384675000000000378e-02,3.591351666666666279e+04
3.875500000000000000e+03,9.138857000000000141e+01,4.125082000000000054e-02,3.610001666666667006e+04
3.885500000000000000e+03,9.101428999999998837e+01,3.542336999999999569e-02,3.628700999999999476e+04
3.895500000000000000e+03,9.124572999999999467e+01,3.938048999999999716e-02,3.647447666666666919e+04
3.905500000000000000e+03,9.092857999999999663e+01,3.546905999999999670e-02,3.666242666666666628e+04
3.915500000000000000e+03,9.083144000000001483e+01,3.962163999999999964e-02,3.685089333333333343e+04
3.925500000000000000e+03,9.167287000000000319e+01,4.093950999999999840e-02,3.703983333333332848e+04
3.935500000000000000e+03,9.128141999999999712e+01,3.005816000000000737e-02,3.722924666666666599e+04
3.945500000000000000e+03,9.109570999999999685e+01,3.482389000000000318e-02,3.741914666666666744e+04
3.955500000000000000e+03,9.109857000000000937e+01,3.887484000000000772e-02,3.760951999999999680e+04
3.965500000000000000e+03,9.140427999999999997e+01,3.932514000000000148e-02,3.780037666666666337e+04
3.975500000000000000e+03,9.141999999999998749e+01,3.330887000000000431e-02,3.799171333333333314e+04
3.985500000000000000e+03,9.169714999999999350e+01,3.057099999999999748e-02,3.818355666666666366e+04
3.995500000000000000e+03,9.149716000000000804e+01,4.282212999999999992e-02,3.837586000000000058e+04
4.005500000000000000e+03,9.127571999999999264e+01,3.543609999999999816e-02,3.856863999999999942e+04
4.015500000000000000e+03,9.100713000000000363e+01,4.083420999999999579e-02,3.876191666666667152e+04
4.025500000000000000e+03,9.137140999999999735e+01,3.726750999999999675e-02,3.895565000000000146e+04
4.035500000000000000e+03,9.119285999999999603e+01,3.409424999999999956e-02,3.914988000000000466e+04
4.045500000000000000e+03,9.136570999999999287e+01,3.625603000000000159e-02,3.934460666666666657e+04
4.055500000000000000e+03,9.122140999999999167e+01,3.448921000000000625e-02,3.953980000000000291e+04
4.065500000000000000e+03,9.146714000000000055e+01,2.811456999999999845e-02,3.973548333333332994e+04
4.075500000000000000e+03,9.112284999999999968e+01,3.126000999999999780e-02,3.993165000000000146e+04
4.085500000000000000e+03,9.146714000000000055e+01,3.351887999999999396e-02,4.012831333333333896e+04
4.095500000000000000e+03,9.140142000000000166e+01,2.748127000000000209e-02,4.032544333333332906e+04
4.105500000000000000e+03,9.136284999999999457e+01,3.254017999999999494e-02,4.052305999999999767e+04
4.115500000000000000e+03,9.127142999999999518e+01,2.547349999999999962e-02,4.072115000000000146e+04
4.125500000000000000e+03,9.115427999999999997e+01,3.849846999999999991e-02,4.091972999999999593e+04
4.135500000000000000e+03,9.107428000000000168e+01,2.853720000000000215e-02,4.111877999999999156e+04
4.145500000000000000e+03,9.103000000000000114e+01,3.179388000000000353e-02,4.131832666666666046e+04
4.155500000000000000e+03,9.128284999999999627e+01,2.944904000000000271e-02,4.151835333333333256e+04
4.165500000000000000e+03,9.116571999999999321e+01,3.238297999999999871e-02,4.171887333333333663e+04
4.175500000000000000e+03,9.127713999999998862e+01,3.190667999999999976e-02,4.191985333333332528e+04
4.185500000000000000e+03,9.115430000000000632e+01,2.966714999999999630e-02,4.212132666666666773e+04
4.195500000000000000e+03,9.102286000000000854e+01,2.922614000000000115e-02,4.232328333333333285e+04
4.205500000000000000e+03,9.116571000000000424e+01,2.779801999999999967e-02,4.252572333333333518e+04
4.215500000000000000e+03,9.134713999999999601e+01,2.948541000000000009e-02,4.272863333333333139e+04
4.225500000000000000e+03,9.128570999999999458e+01,3.574059000000000264e-02,4.293204666666666890e+04
4.235500000000000000e+03,9.122571999999999548e+01,2.981688000000000047e-02,4.313594666666667035e+04
4.245500000000000000e+03,9.124428000000000338e+01,2.772508000000000264e-02,4.334032333333333372e+04
4.255500000000000000e+03,9.104286000000000456e+01,2.655637000000000275e-02,4.354518666666666832e+04
4.265500000000000000e+03,9.135999999999998522e+01,2.961101000000000011e-02,4.375051999999999680e+04
4.275500000000000000e+03,9.153001000000000431e+01,3.162134999999999946e-02,4.395635333333333256e+04
4.285500000000000000e+03,9.121999999999999886e+01,2.547751000000000182e-02,4.416267666666666628e+04
4.295500000000000000e+03,9.124428000000000338e+01,2.444880999999999791e-02,4.436948666666666395e+04
4.305500000000000000e+03,9.147571000000000652e+01,2.940604999999999608e-02,4.457677666666666482e+04
4.315500000000000000e+03,9.147284000000000503e+01,2.476013000000000172e-02,4.478452333333333081e+04
4.325500000000000000e+03,9.132286000000000570e+01,2.447181999999999830e-02,4.499276333333333605e+04
4.335500000000000000e+03,9.148857999999999890e+01,2.762429000000000273e-02,4.520146333333333314e+04
4.345500000000000000e+03,9.118287000000000830e+01,2.767243999999999954e-02,4.541065333333333547e+04
4.355500000000000000e+03,9.135715000000000430e+01,2.719710999999999657e-02,4.562034000000000378e+04
4.365500000000000000e+03,9.146430000000000859e+01,2.611366999999999855e-02,4.583050000000000000e+04
4.375500000000000000e+03,9.119854999999998313e+01,2.818608999999999698e-02,4.604113999999999942e+04
4.385500000000000000e+03,9.132285999999999149e+01,2.611007999999999732e-02,4.625226000000000204e+04
4.395500000000000000e+03,9.135286000000000683e+01,2.777600000000000208e-02,4.646384999999999127e+04
4.405500000000000000e+03,9.128857000000000710e+01,2.681255000000000097e-02,4.667593333333333430e+04
4.415500000000000000e+03,9.117427999999999599e+01,2.850950999999999833e-02,4.688848333333332994e+04
4.425500000000000000e+03,9.120001999999999498e+01,2.869801000000000296e-02,4.710152999999999884e+04
4.435500000000000000e+03,9.110856000000001131e+01,2.844717999999999899e-02,4.731504333333333489e+04
4.445500000000000000e+03,9.116715000000000657e+01,2.584286000000000222e-02,4.752904666666666890e+04
4.455500000000000000e+03,9.146858000000000288e+01,2.397573000000000065e-02,4.774350333333334129e+04
4.465500000000000000e+03,9.124285000000000423e+01,2.549876999999999699e-02,4.795846333333333314e+04
4.475500000000000000e+03,9.132715000000000316e+01,2.599505999999999692e-02,4.817388333333333867e+04
4.485500000000000000e+03,9.112570000000000903e+01,2.401386000000000492e-02,4.838977333333333081e+04
4.495500000000000000e+03,9.111285999999999774e+01,2.628598999999999866e-02,4.860616666666667152e+04
4.505500000000000000e+03,9.121286000000000627e+01,2.797280999999999726e-02,4.882302999999999884e+04
4.515500000000000000e+03,9.122000999999998783e+01,2.563607999999999859e-02,4.904037000000000262e+04
4.525500000000000000e+03,9.134143000000000256e+01,2.577948999999999866e-02,4.925818999999999505e+04
4.535500000000000000e+03,9.127857000000000198e+01,2.485567000000000332e-02,4.947648333333333721e+04
4.545500000000000000e+03,9.132429999999999382e+01,2.482445999999999958e-02,4.969527000000000407e+04
4.555500000000000000e+03,9.119142999999999688e+01,2.771835000000000271e-02,4.991450666666666802e+04
4.565500000000000000e+03,9.105715000000000714e+01,2.497972000000000387e-02,5.013424000000000524e+04
4.575500000000000000e+03,9.108426999999998941e+01,2.510574999999999959e-02,5.035445666666667239e+04
4.585500000000000000e+03,9.120428000000001134e+01,2.363818000000000169e-02,5.057512999999999738e+04
4.595500000000000000e+03,9.132429000000000485e+01,2.459808999999999954e-02,5.079630666666667094e+04
4.605500000000000000e+03,9.109000000000000341e+01,2.358397000000000271e-02,5.101795666666665784e+04
4.615500000000000000e+03,9.107429000000000485e+01,2.388587000000000002e-02,5.124008666666667705e+04
4.625500000000000000e+03,9.099427999999998917e+01,2.361215000000000536e-02,5.146269999999999709e+04
4.635500000000000000e+03,9.145284999999999798e+01,2.381822999999999926e-02,5.168578333333333285e+04
4.645500000000000000e+03,9.144286000000001025e+01,2.437755999999999951e-02,5.190934999999999127e+04
4.655500000000000000e+03,9.114714999999999634e+01,2.469948000000000282e-02,5.213339666666666744e+04
4.665500000000000000e+03,9.128285999999999945e+01,2.339352000000000098e-02,5.235793666666666832e+04
4.675500000000000000e+03,9.129856000000000904e+01,2.351931999999999981e-02,5.258294999999999709e+04
4.685500000000000000e+03,9.117571000000000936e+01,2.365176000000000084e-02,5.280843666666666832e+04
4.695500000000000000e+03,9.115000999999999465e+01,2.336205000000000226e-02,5.303438999999999214e+04
4.705500000000000000e+03,9.112999999999999545e+01,2.334347999999999979e-02,5.326083000000000175e+04
4.715500000000000000e+03,9.112001000000000772e+01,2.335995999999999906e-02,5.348773666666667123e+04
4.725500000000000000e+03,9.110998999999999626e+01,2.409392999999999951e-02,5.371511666666667588e+04
4.735500000000000000e+03,9.125712999999998942e+01,2.330749999999999836e-02,5.394297333333332790e+04
4.745500000000000000e+03,9.121571000000000140e+01,2.327359000000000025e-02,5.417131333333333168e+04
4.755500000000000000e+03,9.117286000000000001e+01,2.325003999999999960e-02,5.440012333333333663e+04
4.765500000000000000e+03,9.123285000000001332e+01,2.331831000000000181e-02,5.462941999999999825e+04
4.775500000000000000e+03,9.129143000000000541e+01,2.349435000000000065e-02,5.485917666666667355e+04
4.785500000000000000e+03,9.131428999999999974e+01,2.319776000000000130e-02,5.508940999999999622e+04
4.795500000000000000e+03,9.116285999999999490e+01,2.306990000000000082e-02,5.532015000000000146e+04
4.805500000000000000e+03,9.119571000000000538e+01,2.309342000000000339e-02,5.555141999999999825e+04
4.815500000000000000e+03,9.109427999999999770e+01,2.297148000000000245e-02,5.578315333333333547e+04
4.825500000000000000e+03,9.109283999999999537e+01,2.304416999999999577e-02,5.601538000000000466e+04
4.835500000000000000e+03,9.132856999999998493e+01,2.304914000000000268e-02,5.624806333333333896e+04
4.845500000000000000e+03,9.105998999999999910e+01,2.296632000000000187e-02,5.648122333333334245e+04
4.855500000000000000e+03,9.133142999999998324e+01,2.293464999999999393e-02,5.671486999999999534e+04
4.865500000000000000e+03,9.116143999999999892e+01,2.297888999999999834e-02,5.694899666666666599e+04
4.875500000000000000e+03,9.118713999999999942e+01,2.289677999999999852e-02,5.718359999999999854e+04
4.885500000000000000e+03,9.146430000000000859e+01,2.293018999999999613e-02,5.741867666666665900e+04
4.895500000000000000e+03,9.118000000000000682e+01,2.283956999999999654e-02,5.765422333333332790e+04
4.905500000000000000e+03,9.100858000000000914e+01,2.283191000000000040e-02,5.789025999999999476e+04
4.915500000000000000e+03,9.124428999999999235e+01,2.285612000000000060e-02,5.812676333333332877e+04
4.925500000000000000e+03,9.128000000000000114e+01,2.279325999999999922e-02,5.836375333333333401e+04
4.935500000000000000e+03,9.118000999999999578e+01,2.281149999999999844e-02,5.860120999999999913e+04
4.945500000000000000e+03,9.129428000000000054e+01,2.278865999999999878e-02,5.883915333333333547e+04
4.955500000000000000e+03,9.123857999999999890e+01,2.276160999999999809e-02,5.907756666666666570e+04
4.965500000000000000e+03,9.114856999999999232e+01,2.271750000000000158e-02,5.931647333333332790e+04
4.975500000000000000e+03,9.116714999999999236e+01,2.271598000000000367e-02,5.955584333333332324e+04
4.985500000000000000e+03,9.121715000000000373e+01,2.271989999999999774e-02,5.979568666666668287e+04
4.995500000000000000e+03,9.139284999999999570e+01,2.270971000000000101e-02,6.003601333333332877e+04
