5.500000000000000000e+00,8.973141999999999996e+01,6.832986999999999966e+01,1.352216709999999877e-01
1.550000000000000000e+01,8.501571000000001277e+01,2.066752999999999219e+01,7.900017666666666605e-01
2.550000000000000000e+01,8.270000999999999181e+01,1.191905099999999962e+01,2.024091666666666622e+00
3.550000000000000000e+01,8.302141999999999200e+01,8.794641000000000375e+00,3.833739666666666324e+00
4.550000000000000000e+01,8.427142000000000621e+01,5.956832999999999601e+00,6.218953666666665825e+00
5.550000000000000000e+01,8.652429000000000769e+01,4.807141999999999804e+00,9.174643666666668196e+00
6.550000000000000000e+01,8.918856000000000961e+01,4.467170999999999559e+00,1.270350999999999964e+01
7.550000000000000000e+01,8.721000000000000796e+01,3.872912999999999606e+00,1.680548999999999893e+01
8.550000000000000000e+01,8.721571000000000140e+01,3.551267000000000174e+00,2.147483666666666835e+01
9.550000000000000000e+01,8.799857000000000085e+01,3.459487000000000201e+00,2.671203666666666621e+01
1.055000000000000000e+02,8.901714999999998668e+01,2.428916000000000075e+00,3.252067999999999870e+01
1.155000000000000000e+02,8.897141999999999484e+01,2.464609000000000272e+00,3.890247000000000099e+01
1.255000000000000000e+02,8.832142999999999233e+01,2.233696000000000126e+00,4.585233666666665897e+01
1.355000000000000000e+02,8.844001000000000090e+01,1.888300000000000312e+00,5.337028999999999712e+01
1.455000000000000000e+02,8.549715000000000487e+01,1.847219999999999640e+00,6.145763333333333378e+01
1.555000000000000000e+02,8.795287000000000432e+01,1.806245999999999796e+00,7.011774666666667599e+01
1.655000000000000000e+02,8.625284999999999513e+01,1.929641999999999857e+00,7.934554999999998870e+01
1.755000000000000000e+02,8.662858000000001368e+01,1.240128200000000014e+00,8.913939333333333082e+01
1.855000000000000000e+02,8.783429000000000997e+01,1.614432000000000089e+00,9.949609999999999843e+01
1.955000000000000000e+02,8.668143000000000598e+01,1.285649400000000053e+00,1.104199000000000126e+02
2.055000000000000000e+02,8.841572000000000742e+01,1.256655800000000101e+00,1.219073333333333551e+02
2.155000000000000000e+02,8.752429999999999666e+01,1.351010000000000044e+00,1.339637000000000171e+02
2.255000000000000000e+02,8.766429999999999723e+01,1.111114200000000052e+00,1.465875333333333117e+02
2.355000000000000000e+02,8.795716000000000179e+01,1.219546299999999750e+00,1.597794666666666501e+02
2.455000000000000000e+02,8.867143000000000086e+01,1.294908699999999913e+00,1.735364000000000146e+02
2.555000000000000000e+02,8.822999999999998977e+01,1.473216700000000046e+00,1.878619000000000199e+02
2.655000000000000000e+02,8.814286000000001309e+01,1.526943999999999857e+00,2.027555333333333465e+02
2.755000000000000000e+02,8.880285999999999547e+01,1.442502100000000009e+00,2.182229333333333159e+02
2.855000000000000000e+02,8.838142999999999461e+01,1.503980099999999931e+00,2.342560666666666691e+02
2.955000000000000000e+02,8.881856000000000506e+01,1.458350899999999895e+00,2.508585666666666896e+02
3.055000000000000000e+02,8.959143999999999153e+01,1.408836699999999942e+00,2.680313333333333503e+02
3.155000000000000000e+02,8.890001000000000886e+01,1.503043000000000129e+00,2.857701333333333196e+02
3.255000000000000000e+02,8.923287000000000546e+01,1.246664899999999854e+00,3.040758666666666841e+02
3.355000000000000000e+02,8.968284000000001299e+01,1.313400499999999971e+00,3.229467666666666332e+02
3.455000000000000000e+02,9.000144000000000233e+01,1.308691999999999966e+00,3.423846666666667033e+02
3.555000000000000000e+02,8.911285999999999774e+01,1.356605500000000131e+00,3.623888666666666154e+02
3.655000000000000000e+02,8.930713999999998975e+01,1.149952700000000050e+00,3.829604666666666617e+02
3.755000000000000000e+02,8.924714999999999065e+01,1.074009899999999851e+00,4.040982333333333258e+02
3.855000000000000000e+02,8.981572000000001310e+01,1.059645600000000076e+00,4.258032666666666159e+02
3.955000000000000000e+02,8.979285000000000139e+01,1.157712300000000027e+00,4.480760333333333847e+02
4.055000000000000000e+02,8.981428000000001077e+01,1.131487299999999863e+00,4.709147666666666510e+02
4.155000000000000000e+02,8.981999000000000422e+01,1.277382999999999935e+00,4.943203666666666436e+02
4.255000000000000000e+02,9.013571000000000311e+01,1.203132200000000207e+00,5.182940666666667084e+02
4.355000000000000000e+02,9.027428999999997927e+01,9.526282999999999834e-01,5.428353666666666868e+02
4.455000000000000000e+02,9.084570999999998264e+01,1.014219100000000040e+00,5.679431000000000722e+02
4.555000000000000000e+02,9.023001000000000715e+01,1.012738399999999928e+00,5.936198000000001684e+02
4.655000000000000000e+02,9.018571999999998923e+01,1.078394999999999992e+00,6.198618000000000166e+02
4.755000000000000000e+02,9.079714999999998781e+01,1.045135300000000100e+00,6.466708999999999605e+02
4.855000000000000000e+02,9.060142999999999347e+01,9.164614999999999290e-01,6.740484999999999900e+02
4.955000000000000000e+02,9.041428000000000509e+01,9.228726999999998792e-01,7.019932666666666137e+02
5.055000000000000000e+02,9.068286000000000513e+01,8.092947000000000335e-01,7.305026666666666415e+02
5.155000000000000000e+02,9.014142999999999972e+01,8.553619000000001193e-01,7.595780666666667003e+02
5.255000000000000000e+02,9.056999999999999318e+01,8.035076999999999359e-01,7.892169333333333725e+02
5.355000000000000000e+02,9.074285999999999319e+01,8.852387000000000450e-01,8.194216999999998734e+02
5.455000000000000000e+02,8.995999999999999375e+01,7.490371999999999586e-01,8.501919666666666444e+02
5.555000000000000000e+02,8.976144000000000744e+01,7.652117999999999975e-01,8.815282333333332190e+02
5.655000000000000000e+02,9.034999999999999432e+01,8.900774999999999659e-01,9.134314000000000533e+02
5.755000000000000000e+02,9.024712999999999852e+01,6.216323999999999739e-01,9.459010333333333165e+02
5.855000000000000000e+02,9.048713000000000761e+01,6.173646999999999885e-01,9.789371333333334633e+02
5.955000000000000000e+02,9.088855999999999824e+01,5.735346999999999529e-01,1.012543066666666732e+03
6.055000000000000000e+02,9.033570999999999174e+01,7.440094999999999903e-01,1.046723333333333130e+03
6.155000000000000000e+02,8.994142000000002213e+01,5.464845999999999870e-01,1.081472999999999729e+03
6.255000000000000000e+02,9.063284999999999059e+01,6.711367000000000305e-01,1.116790333333333137e+03
6.355000000000000000e+02,9.049998999999999683e+01,5.590246000000000937e-01,1.152671000000000049e+03
6.455000000000000000e+02,9.105143000000001052e+01,6.608300000000000285e-01,1.189119666666666490e+03
6.555000000000000000e+02,9.071570999999998719e+01,6.395138999999998575e-01,1.226135333333333165e+03
6.655000000000000000e+02,9.035998999999999626e+01,6.545509999999999939e-01,1.263717999999999847e+03
6.755000000000000000e+02,9.011713000000000306e+01,6.585011999999998977e-01,1.301866333333333159e+03
6.855000000000000000e+02,9.007428999999999064e+01,5.897648999999999253e-01,1.340581666666666706e+03
6.955000000000000000e+02,9.009286999999997647e+01,6.465086999999999362e-01,1.379860999999999876e+03
7.055000000000000000e+02,9.039428000000000907e+01,6.949792999999999665e-01,1.419709333333333461e+03
7.155000000000000000e+02,8.995856000000000563e+01,6.250050000000000328e-01,1.460123333333333449e+03
7.255000000000000000e+02,9.038286000000000797e+01,6.154566999999999677e-01,1.501107666666666546e+03
7.355000000000000000e+02,9.025427999999998008e+01,5.836029000000000355e-01,1.542657333333333099e+03
7.455000000000000000e+02,9.061715999999999838e+01,5.407013999999999987e-01,1.584774333333333288e+03
7.555000000000000000e+02,9.043573000000000661e+01,5.470088000000000727e-01,1.627458333333333258e+03
7.655000000000000000e+02,9.012427999999999884e+01,6.222361000000000697e-01,1.670707333333333281e+03
7.755000000000000000e+02,9.050141999999999598e+01,5.198813999999999380e-01,1.714524333333333288e+03
7.855000000000000000e+02,9.000714999999999577e+01,5.859345999999999721e-01,1.758907333333333327e+03
7.955000000000000000e+02,9.065856999999999744e+01,5.732285999999999770e-01,1.803861333333333505e+03
8.055000000000000000e+02,8.992571000000000936e+01,5.957694000000000045e-01,1.849380999999999858e+03
8.155000000000000000e+02,8.978857999999999606e+01,5.956947999999999688e-01,1.895467333333333272e+03
8.255000000000000000e+02,9.002714999999999179e+01,5.122736000000001066e-01,1.942119000000000142e+03
8.355000000000000000e+02,9.003712000000000160e+01,5.653637999999999719e-01,1.989338666666666541e+03
8.455000000000000000e+02,9.025142999999999915e+01,5.236490999999999785e-01,2.037123000000000047e+03
8.555000000000000000e+02,9.029857999999998697e+01,5.438264999999999905e-01,2.085478000000000065e+03
8.655000000000000000e+02,8.999715000000000487e+01,5.655054999999999943e-01,2.134396666666666988e+03
8.755000000000000000e+02,8.987570000000000903e+01,4.856505000000000405e-01,2.183882333333333463e+03
8.855000000000000000e+02,8.973000000000000398e+01,4.629407000000000383e-01,2.233938999999999851e+03
8.955000000000000000e+02,9.068430999999999642e+01,5.410018000000000882e-01,2.284564333333333252e+03
9.055000000000000000e+02,9.047571000000000652e+01,5.172239999999999061e-01,2.335760999999999967e+03
9.155000000000000000e+02,9.046570999999998719e+01,5.526517999999999153e-01,2.387526333333333241e+03
9.255000000000000000e+02,9.011711999999999989e+01,4.751236000000000348e-01,2.439860333333333074e+03
9.355000000000000000e+02,8.999713999999998748e+01,5.310458000000000123e-01,2.492761666666666315e+03
9.455000000000000000e+02,9.010714000000000112e+01,4.875063000000000590e-01,2.546234333333333325e+03
9.555000000000000000e+02,9.040999999999999659e+01,4.761321000000000581e-01,2.600275333333333492e+03
9.655000000000000000e+02,9.043429000000000428e+01,4.808430999999999678e-01,2.654885333333333620e+03
9.755000000000000000e+02,9.042283999999999367e+01,5.287485000000000657e-01,2.710064000000000306e+03
9.855000000000000000e+02,9.071000000000000796e+01,4.465227000000000501e-01,2.765813666666666904e+03
9.955000000000000000e+02,9.034855999999999199e+01,4.756174999999999708e-01,2.822130000000000109e+03
1.005500000000000000e+03,9.048569999999999425e+01,4.686918000000000473e-01,2.879013666666666722e+03
1.015500000000000000e+03,9.051858000000000004e+01,4.583777999999999464e-01,2.936465999999999894e+03
1.025500000000000000e+03,9.035285000000000366e+01,4.444028999999999341e-01,2.994489999999999782e+03
1.035500000000000000e+03,9.036714999999999520e+01,4.527268000000000403e-01,3.053078666666666777e+03
1.045500000000000000e+03,8.991427999999999088e+01,4.502019999999999911e-01,3.112237333333333481e+03
1.055500000000000000e+03,9.087000000000000455e+01,4.352333000000000451e-01,3.171964999999999691e+03
1.065500000000000000e+03,9.073141999999999996e+01,4.272183999999999982e-01,3.232260999999999967e+03
1.075500000000000000e+03,9.043427999999998690e+01,4.087252999999999581e-01,3.293126333333333605e+03
1.085500000000000000e+03,9.083427999999999258e+01,3.516691000000000678e-01,3.354556666666666388e+03
1.095500000000000000e+03,9.065856999999999744e+01,3.872923999999999811e-01,3.416556666666666388e+03
1.105500000000000000e+03,9.069427999999999201e+01,3.596480000000000232e-01,3.479124666666666599e+03
1.115500000000000000e+03,9.025140999999999281e+01,3.576930999999999861e-01,3.542268000000000029e+03
1.125500000000000000e+03,9.071142000000000394e+01,3.798511999999999444e-01,3.605981333333333168e+03
1.135500000000000000e+03,9.061427999999999372e+01,4.049240000000000061e-01,3.670265666666666220e+03
1.145500000000000000e+03,9.073285999999998808e+01,3.482423000000000046e-01,3.735117000000000644e+03
1.155500000000000000e+03,9.069285999999999603e+01,3.909271000000000273e-01,3.800540666666666766e+03
1.165500000000000000e+03,9.054571000000001391e+01,3.569254000000000038e-01,3.866536666666666861e+03
1.175500000000000000e+03,9.061142999999999859e+01,2.938258999999999732e-01,3.933103333333333467e+03
1.185500000000000000e+03,9.011428999999999689e+01,3.346360000000000445e-01,4.000240666666667039e+03
1.195500000000000000e+03,9.029285000000000139e+01,3.644898000000000304e-01,4.067948000000000320e+03
1.205500000000000000e+03,9.076426999999999623e+01,3.329799000000000508e-01,4.136228000000000065e+03
1.215500000000000000e+03,9.098999999999999488e+01,3.377527999999999642e-01,4.205076333333332514e+03
1.225500000000000000e+03,8.987998999999999228e+01,3.146842000000000250e-01,4.274497666666667101e+03
1.235500000000000000e+03,9.052857000000000198e+01,3.243940000000000157e-01,4.344491333333333387e+03
1.245500000000000000e+03,9.009000999999999237e+01,3.484922999999999216e-01,4.415061333333333096e+03
1.255500000000000000e+03,9.081143999999999039e+01,3.667140000000000399e-01,4.486203333333332921e+03
1.265500000000000000e+03,9.064714999999998213e+01,3.664653999999999412e-01,4.557920333333333474e+03
1.275500000000000000e+03,9.042143000000001507e+01,3.202074000000000309e-01,4.630209333333334143e+03
1.285500000000000000e+03,9.053999999999999204e+01,3.587489999999999846e-01,4.703071333333333314e+03
1.295500000000000000e+03,9.045142000000001303e+01,3.409821000000000102e-01,4.776507333333333008e+03
1.305500000000000000e+03,9.012285999999998864e+01,3.567194999999999672e-01,4.850519333333332725e+03
1.315500000000000000e+03,9.047144000000000119e+01,3.338731000000000337e-01,4.925105666666668185e+03
1.325500000000000000e+03,9.053714999999999691e+01,3.839596999999999594e-01,5.000266333333334842e+03
1.335500000000000000e+03,9.076570000000000960e+01,3.606043999999999916e-01,5.075999999999999091e+03
1.345500000000000000e+03,9.021856000000001075e+01,3.874290000000000789e-01,5.152308666666665886e+03
1.355500000000000000e+03,9.091713000000000022e+01,3.625264999999999738e-01,5.229192666666666810e+03
1.365500000000000000e+03,9.099571999999999150e+01,3.260965000000000114e-01,5.306650333333333947e+03
1.375500000000000000e+03,9.057286000000000570e+01,3.458649999999999780e-01,5.384684666666666089e+03
1.385500000000000000e+03,9.079428000000000054e+01,4.061551999999999940e-01,5.463291666666666060e+03
1.395500000000000000e+03,9.087570999999999799e+01,3.388105000000000144e-01,5.542472666666666555e+03
1.405500000000000000e+03,9.071428000000000225e+01,3.237799000000000094e-01,5.622228000000000975e+03
1.415500000000000000e+03,9.066855999999999938e+01,3.179321999999999981e-01,5.702557000000000698e+03
1.425500000000000000e+03,9.045429999999998927e+01,3.359342000000000161e-01,5.783459333333333234e+03
1.435500000000000000e+03,9.062426999999999566e+01,3.321348000000000078e-01,5.864935666666666293e+03
1.445500000000000000e+03,9.056141999999998404e+01,3.349677000000000349e-01,5.947005000000000109e+03
1.455500000000000000e+03,9.079428000000000054e+01,2.962068000000000478e-01,6.029672333333332972e+03
1.465500000000000000e+03,9.014714999999999634e+01,3.053649000000000502e-01,6.112913000000000466e+03
1.475500000000000000e+03,9.066999000000001274e+01,2.844011000000000178e-01,6.196722333333333154e+03
1.485500000000000000e+03,9.029713000000000989e+01,2.998211000000000070e-01,6.281101999999999862e+03
1.495500000000000000e+03,9.071000000000000796e+01,3.114156999999999620e-01,6.366053666666667596e+03
1.505500000000000000e+03,9.073570000000000846e+01,2.826287000000000105e-01,6.451576333333333423e+03
1.515500000000000000e+03,9.043426999999999794e+01,2.756970999999999727e-01,6.537671000000000276e+03
1.525500000000000000e+03,9.077570000000000050e+01,2.863051999999999819e-01,6.624333666666667341e+03
1.535500000000000000e+03,9.046856999999999971e+01,2.748775999999999997e-01,6.711568000000001120e+03
1.545500000000000000e+03,9.081428999999999974e+01,2.772684999999999733e-01,6.799375000000000000e+03
1.555500000000000000e+03,9.058430000000001314e+01,2.935505999999999949e-01,6.887751666666666097e+03
1.565500000000000000e+03,9.041856999999998834e+01,2.604085999999999901e-01,6.976700666666666621e+03
1.575500000000000000e+03,9.029715000000001623e+01,2.612848999999999866e-01,7.066219333333332543e+03
1.585500000000000000e+03,9.021286999999998102e+01,2.931827000000000183e-01,7.156307333333332281e+03
1.595500000000000000e+03,9.074285000000001844e+01,3.145665000000000822e-01,7.246968666666667559e+03
1.605500000000000000e+03,9.048284000000002436e+01,2.873139000000000109e-01,7.338203000000001339e+03
1.615500000000000000e+03,9.053856000000000392e+01,2.859745999999999677e-01,7.430010000000000218e+03
1.625500000000000000e+03,9.090713999999999828e+01,2.876235999999999793e-01,7.522391666666667334e+03
1.635500000000000000e+03,9.071571000000001561e+01,2.964322999999999819e-01,7.615345666666666148e+03
1.645500000000000000e+03,9.063714999999999122e+01,2.878730999999999929e-01,7.708872666666667101e+03
1.655500000000000000e+03,9.084143000000000256e+01,2.154987999999999904e-01,7.802971666666666351e+03
1.665500000000000000e+03,9.088714999999999122e+01,2.954749999999999877e-01,7.897641666666667334e+03
1.675500000000000000e+03,9.046143000000000711e+01,2.422362000000000126e-01,7.992881999999999607e+03
1.685500000000000000e+03,9.097144999999999015e+01,2.735576999999999592e-01,8.088695333333334020e+03
1.695500000000000000e+03,9.074285000000000423e+01,2.663700000000000512e-01,8.185081999999999425e+03
1.705500000000000000e+03,9.045140999999999565e+01,3.090087000000000250e-01,8.282038666666667268e+03
1.715500000000000000e+03,9.085285999999999262e+01,2.808324000000000931e-01,8.379566999999999098e+03
1.725500000000000000e+03,9.083142999999998324e+01,3.337377000000000260e-01,8.477668000000001484e+03
1.735500000000000000e+03,9.066428000000000509e+01,2.995341999999999727e-01,8.576340666666666948e+03
1.745500000000000000e+03,9.085571000000000197e+01,2.816636000000000140e-01,8.675588333333331320e+03
1.755500000000000000e+03,9.071858999999997764e+01,2.705662999999999263e-01,8.775410333333333256e+03
1.765500000000000000e+03,9.090998999999999342e+01,2.371767000000000181e-01,8.875838333333331320e+03
1.775500000000000000e+03,9.082858000000000231e+01,2.577664000000000066e-01,8.976852333333332354e+03
1.785500000000000000e+03,9.095286000000000115e+01,2.452706000000000053e-01,9.078444666666666308e+03
1.795500000000000000e+03,9.060142999999999347e+01,2.794138999999999928e-01,9.180609333333331961e+03
1.805500000000000000e+03,9.086287000000000091e+01,2.292639999999999956e-01,9.283348333333333358e+03
1.815500000000000000e+03,9.080715000000000714e+01,2.295323999999999420e-01,9.386661666666665042e+03
1.825500000000000000e+03,9.059856999999999516e+01,2.507645999999999487e-01,9.490549333333334289e+03
1.835500000000000000e+03,9.041998999999999853e+01,2.697367999999999988e-01,9.595010666666665202e+03
1.845500000000000000e+03,9.082998999999999512e+01,1.948824999999999863e-01,9.700045333333333474e+03
1.855500000000000000e+03,9.063142000000000564e+01,2.272554999999999714e-01,9.805652666666665027e+03
1.865500000000000000e+03,9.085572000000000514e+01,2.310763000000000122e-01,9.911833000000002357e+03
1.875500000000000000e+03,9.081713999999999487e+01,2.189462900000000156e-01,1.001859633333333477e+04
1.885500000000000000e+03,9.081000000000000227e+01,2.515316999999999692e-01,1.012591666666666788e+04
1.895500000000000000e+03,9.098713999999999658e+01,2.263528999999999680e-01,1.023381666666666570e+04
1.905500000000000000e+03,9.075286000000001252e+01,2.222861999999999616e-01,1.034228333333333285e+04
1.915500000000000000e+03,9.106143000000000143e+01,2.323506000000000182e-01,1.045133666666666795e+04
1.925500000000000000e+03,9.063858000000000459e+01,2.312293000000000265e-01,1.056095666666666693e+04
1.935500000000000000e+03,9.081572999999998785e+01,2.258894000000000180e-01,1.067115999999999985e+04
1.945500000000000000e+03,9.068572000000000344e+01,2.187701999999999702e-01,1.078193999999999869e+04
1.955500000000000000e+03,9.072569999999998913e+01,2.249834000000000001e-01,1.089331666666666570e+04
1.965500000000000000e+03,9.088286000000000797e+01,2.073775999999999953e-01,1.100525999999999840e+04
1.975500000000000000e+03,9.071572000000000457e+01,1.931120999999999810e-01,1.111775999999999840e+04
1.985500000000000000e+03,9.078716000000000008e+01,1.858081000000000038e-01,1.123085666666666475e+04
1.995500000000000000e+03,9.064284000000000674e+01,2.107830000000000259e-01,1.134452333333333263e+04
2.005500000000000000e+03,9.082143000000000654e+01,1.916543999999999748e-01,1.145875333333333401e+04
2.015500000000000000e+03,9.075857999999999493e+01,1.807152999999999954e-01,1.157357999999999811e+04
2.025500000000000000e+03,9.065572000000000230e+01,2.058708999999999956e-01,1.168895666666666693e+04
2.035500000000000000e+03,9.082572000000001822e+01,1.838209000000000093e-01,1.180491666666666788e+04
2.045500000000000000e+03,9.099714000000000169e+01,1.755027000000000115e-01,1.192144666666666672e+04
2.055500000000000000e+03,9.070856000000000563e+01,1.742873000000000061e-01,1.203855999999999949e+04
2.065500000000000000e+03,9.098000000000001819e+01,1.861388999999999960e-01,1.215623666666666759e+04
2.075500000000000000e+03,9.096999000000000990e+01,2.051296999999999982e-01,1.227449333333333379e+04
2.085500000000000000e+03,9.091141999999999257e+01,1.861029999999999907e-01,1.239332666666666773e+04
2.095500000000000000e+03,9.072711999999998511e+01,1.806247999999999743e-01,1.251274333333333379e+04
2.105500000000000000e+03,9.076144000000000744e+01,1.692282900000000034e-01,1.263272999999999956e+04
2.115500000000000000e+03,9.066285999999999490e+01,1.649900999999999729e-01,1.275328000000000065e+04
2.125500000000000000e+03,9.059716000000000236e+01,1.717846199999999712e-01,1.287442333333333409e+04
2.135500000000000000e+03,9.080428000000001987e+01,1.758823999999999943e-01,1.299613999999999942e+04
2.145500000000000000e+03,9.086572000000001026e+01,1.941801000000000221e-01,1.311842333333333409e+04
2.155500000000000000e+03,9.053999000000000308e+01,1.761438999999999921e-01,1.324127999999999884e+04
2.165500000000000000e+03,9.101426999999999623e+01,1.668851300000000482e-01,1.336470333333333292e+04
2.175500000000000000e+03,9.059572000000001424e+01,1.513620999999999994e-01,1.348871333333333314e+04
2.185500000000000000e+03,9.093857999999998754e+01,1.439753099999999952e-01,1.361330666666666730e+04
2.195500000000000000e+03,9.073713999999999658e+01,1.610574600000000134e-01,1.373845666666666511e+04
2.205500000000000000e+03,9.081430000000000291e+01,1.450750999999999846e-01,1.386420666666666511e+04
2.215500000000000000e+03,9.065999999999999659e+01,1.483245400000000047e-01,1.399051666666666824e+04
2.225500000000000000e+03,9.074143000000000825e+01,1.244862700000000100e-01,1.411741666666666606e+04
2.235500000000000000e+03,9.112429999999999097e+01,1.154513299999999909e-01,1.424488666666666722e+04
2.245500000000000000e+03,9.084142000000001360e+01,1.390074999999999783e-01,1.437291999999999825e+04
2.255500000000000000e+03,9.090712999999998090e+01,1.370495200000000080e-01,1.450154666666666708e+04
2.265500000000000000e+03,9.098143999999999210e+01,1.488471100000000047e-01,1.463074666666666781e+04
2.275500000000000000e+03,9.099998999999999683e+01,1.303657500000000025e-01,1.476052333333333445e+04
2.285500000000000000e+03,9.095142999999998779e+01,1.464426000000000061e-01,1.489086333333333278e+04
2.295500000000000000e+03,9.097856999999999061e+01,1.424214100000000260e-01,1.502176666666666824e+04
2.305500000000000000e+03,9.092570999999999515e+01,1.802143999999999968e-01,1.515325333333333219e+04
2.315500000000000000e+03,9.084286000000000172e+01,1.178407299999999908e-01,1.528531333333333350e+04
2.325500000000000000e+03,9.097714000000000567e+01,1.333132800000000062e-01,1.541793333333333430e+04
2.335500000000000000e+03,9.090855999999999426e+01,1.284944000000000086e-01,1.555111333333333278e+04
2.345500000000000000e+03,9.096285999999999206e+01,1.446518299999999813e-01,1.568489333333333525e+04
2.355500000000000000e+03,9.114428999999999803e+01,1.238020799999999949e-01,1.581926666666666642e+04
2.365500000000000000e+03,9.096999999999999886e+01,1.245801899999999796e-01,1.595420000000000073e+04
2.375500000000000000e+03,9.118715000000000259e+01,1.193849399999999950e-01,1.608970000000000073e+04
2.385500000000000000e+03,9.119714000000000453e+01,1.313328900000000077e-01,1.622578999999999905e+04
2.395500000000000000e+03,9.101714000000001192e+01,1.222834199999999899e-01,1.636247999999999956e+04
2.405500000000000000e+03,9.094142000000000792e+01,1.482207000000000108e-01,1.649984000000000015e+04
2.415500000000000000e+03,9.088428999999999292e+01,1.193902400000000086e-01,1.663778666666666686e+04
2.425500000000000000e+03,9.097570000000000334e+01,1.095070100000000018e-01,1.677632999999999811e+04
2.435500000000000000e+03,9.088714999999999122e+01,1.289931200000000167e-01,1.691541666666666424e+04
2.445500000000000000e+03,9.124143999999999721e+01,1.209801600000000310e-01,1.705508666666666977e+04
2.455500000000000000e+03,9.111431000000001745e+01,1.125903899999999985e-01,1.719533666666666613e+04
2.465500000000000000e+03,9.122856000000000165e+01,1.302419100000000163e-01,1.733615666666666584e+04
2.475500000000000000e+03,9.107998999999999512e+01,1.087503500000000234e-01,1.747754666666666526e+04
2.485500000000000000e+03,9.122143000000001223e+01,1.350544599999999873e-01,1.761951666666666279e+04
2.495500000000000000e+03,9.098286999999999125e+01,1.246433900000000206e-01,1.776205333333333328e+04
2.505500000000000000e+03,9.107144000000000972e+01,1.000053000000000053e-01,1.790517000000000189e+04
2.515500000000000000e+03,9.110715000000000430e+01,9.762681999999998916e-02,1.804883666666666613e+04
2.525500000000000000e+03,9.123000999999999294e+01,1.220762999999999987e-01,1.819309333333333416e+04
2.535500000000000000e+03,9.075142999999999915e+01,1.088819399999999965e-01,1.833792333333333227e+04
2.545500000000000000e+03,9.097426999999998998e+01,1.277828299999999861e-01,1.848332333333333372e+04
2.555500000000000000e+03,9.104999999999999716e+01,1.005080399999999929e-01,1.862929333333333125e+04
2.565500000000000000e+03,9.108142000000000849e+01,1.081137399999999998e-01,1.877584333333333052e+04
2.575500000000000000e+03,9.099285999999999319e+01,1.128400800000000093e-01,1.892295999999999913e+04
2.585500000000000000e+03,9.082998999999999512e+01,8.793033000000000099e-02,1.907064666666666744e+04
2.595500000000000000e+03,9.096856999999999971e+01,9.167530000000000123e-02,1.921890666666666948e+04
2.605500000000000000e+03,9.126715000000000089e+01,1.068062400000000106e-01,1.936772333333333154e+04
2.615500000000000000e+03,9.128570999999999458e+01,1.095994399999999924e-01,1.951711000000000058e+04
2.625500000000000000e+03,9.112713000000000818e+01,1.061565499999999884e-01,1.966706666666666933e+04
2.635500000000000000e+03,9.117429000000001338e+01,1.080236299999999955e-01,1.981759000000000015e+04
2.645500000000000000e+03,9.140712999999999511e+01,9.191621000000001207e-02,1.996870333333333474e+04
2.655500000000000000e+03,9.121144000000001029e+01,9.159791000000001848e-02,2.012037666666666701e+04
2.665500000000000000e+03,9.100570999999999344e+01,9.162657999999999914e-02,2.027264333333333343e+04
2.675500000000000000e+03,9.109429000000002929e+01,9.160630999999999635e-02,2.042548333333332994e+04
2.685500000000000000e+03,9.105430000000001201e+01,7.721924999999998929e-02,2.057890999999999985e+04
2.695500000000000000e+03,9.113570999999998890e+01,1.024519299999999966e-01,2.073292333333333227e+04
2.705500000000000000e+03,9.106286999999998955e+01,6.776698999999999917e-02,2.088750333333333401e+04
2.715500000000000000e+03,9.120855000000000246e+01,1.116419800000000018e-01,2.104266333333333387e+04
2.725500000000000000e+03,9.114856999999999232e+01,1.146182500000000049e-01,2.119839333333333343e+04
2.735500000000000000e+03,9.118425999999999476e+01,9.237646999999998831e-02,2.135470000000000073e+04
2.745500000000000000e+03,9.108142000000000849e+01,1.088985999999999843e-01,2.151155333333333692e+04
2.755500000000000000e+03,9.107855999999999597e+01,1.243072000000000205e-01,2.166900000000000000e+04
2.765500000000000000e+03,9.091143999999999892e+01,9.262365000000000181e-02,2.182700666666666439e+04
2.775500000000000000e+03,9.101430999999999472e+01,1.225857500000000072e-01,2.198556999999999971e+04
2.785500000000000000e+03,9.101999999999999602e+01,8.591015999999999930e-02,2.214470333333333110e+04
2.795500000000000000e+03,9.114001000000000374e+01,7.563835000000000697e-02,2.230441666666666788e+04
2.805500000000000000e+03,9.110857000000000028e+01,1.108157400000000098e-01,2.246470666666666511e+04
2.815500000000000000e+03,9.101142999999999006e+01,9.876052999999999915e-02,2.262555666666666730e+04
2.825500000000000000e+03,9.088571000000000311e+01,9.539533000000001428e-02,2.278699666666666599e+04
2.835500000000000000e+03,9.085571999999999093e+01,1.029745999999999995e-01,2.294897999999999956e+04
2.845500000000000000e+03,9.126713999999999771e+01,8.469211999999999574e-02,2.311156333333333168e+04
2.855500000000000000e+03,9.115713999999999828e+01,8.965084999999999027e-02,2.327470333333333110e+04
2.865500000000000000e+03,9.078286999999998841e+01,8.918199999999998351e-02,2.343843999999999869e+04
2.875500000000000000e+03,9.097857999999999379e+01,8.401327000000000100e-02,2.360274666666666599e+04
2.885500000000000000e+03,9.149857999999998981e+01,9.299635000000000540e-02,2.376760333333333256e+04
2.895500000000000000e+03,9.112570999999999799e+01,8.502387999999999613e-02,2.393303333333333285e+04
2.905500000000000000e+03,9.125998999999998773e+01,9.458487999999999618e-02,2.409904000000000087e+04
2.915500000000000000e+03,9.124143999999999721e+01,8.711937999999999627e-02,2.426561000000000058e+04
2.925500000000000000e+03,9.115287999999999613e+01,6.884582000000000201e-02,2.443275333333333401e+04
2.935500000000000000e+03,9.101143999999999323e+01,7.553007999999999944e-02,2.460045999999999913e+04
2.945500000000000000e+03,9.132285000000000252e+01,6.874916999999999834e-02,2.476873999999999796e+04
2.955500000000000000e+03,9.109001999999998134e+01,6.922446000000001542e-02,2.493760999999999694e+04
2.965500000000000000e+03,9.103285000000001048e+01,7.103555999999999759e-02,2.510702666666666482e+04
2.975500000000000000e+03,9.120716000000001600e+01,7.513832000000000844e-02,2.527704333333333125e+04
2.985500000000000000e+03,9.120143999999999096e+01,7.686836999999999143e-02,2.544761666666666133e+04
2.995500000000000000e+03,9.100284999999999513e+01,6.908543000000000323e-02,2.561877000000000044e+04
3.005500000000000000e+03,9.125428000000000850e+01,4.279083999999999666e-02,2.579047999999999956e+04
3.015500000000000000e+03,9.124428000000000338e+01,7.124869000000000341e-02,2.596277666666666482e+04
3.025500000000000000e+03,9.101857000000001108e+01,5.731843000000001048e-02,2.613563999999999942e+04
3.035500000000000000e+03,9.101143000000000427e+01,6.927955999999999004e-02,2.630908333333333576e+04
3.045500000000000000e+03,9.111428000000000793e+01,6.683456000000000119e-02,2.648308666666666977e+04
3.055500000000000000e+03,9.102857000000000198e+01,4.824731000000000158e-02,2.665768000000000029e+04
3.065500000000000000e+03,9.109999999999999432e+01,7.213406999999998070e-02,2.683282999999999811e+04
3.075500000000000000e+03,9.104570999999999970e+01,5.401593999999999840e-02,2.700855333333333328e+04
3.085500000000000000e+03,9.119286000000001025e+01,5.809249000000001051e-02,2.718486333333333096e+04
3.095500000000000000e+03,9.129284999999998718e+01,4.549506000000000383e-02,2.736173000000000320e+04
3.105500000000000000e+03,9.126142000000000110e+01,6.064216999999999524e-02,2.753918333333333067e+04
3.115500000000000000e+03,9.128999000000000308e+01,5.114654000000000422e-02,2.771719000000000233e+04
3.125500000000000000e+03,9.125856999999999175e+01,4.527927999999999120e-02,2.789578333333333285e+04
3.135500000000000000e+03,9.128857999999999606e+01,4.119532000000000055e-02,2.807494666666666672e+04
3.145500000000000000e+03,9.127858000000000516e+01,4.339405999999999819e-02,2.825468333333333794e+04
3.155500000000000000e+03,9.144428000000000623e+01,4.711078999999999961e-02,2.843499333333333561e+04
3.165500000000000000e+03,9.124429999999999552e+01,4.064556999999999892e-02,2.861587999999999738e+04
3.175500000000000000e+03,9.115858000000000061e+01,4.250575999999998966e-02,2.879733666666666977e+04
3.185500000000000000e+03,9.116428000000000509e+01,3.637337999999999683e-02,2.897938333333333139e+04
3.195500000000000000e+03,9.128857000000000710e+01,3.206003000000000325e-02,2.916200666666666439e+04
3.205500000000000000e+03,9.133714999999999407e+01,3.346418999999999783e-02,2.934520999999999913e+04
3.215500000000000000e+03,9.137142999999998949e+01,4.832757000000000025e-02,2.952895999999999913e+04
3.225500000000000000e+03,9.128428999999999860e+01,3.157042000000000181e-02,2.971331999999999971e+04
3.235500000000000000e+03,9.114999000000000251e+01,3.601698999999999873e-02,2.989824000000000160e+04
3.245500000000000000e+03,9.148857999999999890e+01,3.630028999999999895e-02,3.008375333333333765e+04
3.255500000000000000e+03,9.141571999999999321e+01,3.425467000000000095e-02,3.026983333333333212e+04
3.265500000000000000e+03,9.118284000000001299e+01,2.870226000000000027e-02,3.045649000000000160e+04
3.275500000000000000e+03,9.129286000000000456e+01,3.606837000000000237e-02,3.064370666666666511e+04
3.285500000000000000e+03,9.146999999999999886e+01,3.900903000000000009e-02,3.083152999999999884e+04
3.295500000000000000e+03,9.132712999999999681e+01,3.206476999999999938e-02,3.101990333333333183e+04
3.305500000000000000e+03,9.131141999999999825e+01,3.399032000000000442e-02,3.120885999999999694e+04
3.315500000000000000e+03,9.120427000000000817e+01,4.031914000000000331e-02,3.139839333333333343e+04
3.325500000000000000e+03,9.126142000000001531e+01,3.776158000000000292e-02,3.158850666666666439e+04
3.335500000000000000e+03,9.129571000000001391e+01,3.055963999999999903e-02,3.177919666666666672e+04
3.345500000000000000e+03,9.130714000000000397e+01,3.826343999999999579e-02,3.197047333333333518e+04
3.355500000000000000e+03,9.128285999999999945e+01,4.587850999999999735e-02,3.216231333333333168e+04
3.365500000000000000e+03,9.121142000000000394e+01,2.853288000000000352e-02,3.235472999999999956e+04
3.375500000000000000e+03,9.137714000000001136e+01,2.822116999999999681e-02,3.254771666666666715e+04
3.385500000000000000e+03,9.137998999999999228e+01,3.613066999999999668e-02,3.274128666666667050e+04
3.395500000000000000e+03,9.127712999999999965e+01,3.613492999999999566e-02,3.293543333333333430e+04
3.405500000000000000e+03,9.126858000000001425e+01,3.176236000000000337e-02,3.313013333333333867e+04
3.415500000000000000e+03,9.126143999999999323e+01,3.446813999999999434e-02,3.332542333333333954e+04
3.425500000000000000e+03,9.123429000000000144e+01,3.546728000000000380e-02,3.352127666666666482e+04
3.435500000000000000e+03,9.125428999999999746e+01,2.981728000000000156e-02,3.371771333333333314e+04
3.445500000000000000e+03,9.138712999999999909e+01,3.385470999999999620e-02,3.391471666666665988e+04
3.455500000000000000e+03,9.145285999999998694e+01,4.514813999999999633e-02,3.411231666666666570e+04
3.465500000000000000e+03,9.126858000000001425e+01,3.357202000000000103e-02,3.431046333333333314e+04
3.475500000000000000e+03,9.121571000000000140e+01,3.958782999999999747e-02,3.450919999999999709e+04
3.485500000000000000e+03,9.124858000000001823e+01,3.279518999999999490e-02,3.470851666666667734e+04
3.495500000000000000e+03,9.127428999999999348e+01,2.447786000000000059e-02,3.490840666666666220e+04
3.505500000000000000e+03,9.115284999999998661e+01,3.946443000000000173e-02,3.510888000000000466e+04
3.515500000000000000e+03,9.124000000000000909e+01,3.391686000000000006e-02,3.530992000000000553e+04
3.525500000000000000e+03,9.147858000000000800e+01,3.457411000000000512e-02,3.551153666666666686e+04
3.535500000000000000e+03,9.135000000000000853e+01,3.110685000000000186e-02,3.571374000000000524e+04
3.545500000000000000e+03,9.123569999999999425e+01,3.495542999999999567e-02,3.591651666666666279e+04
3.555500000000000000e+03,9.122572999999999865e+01,3.128951000000000648e-02,3.611988333333333139e+04
3.565500000000000000e+03,9.131284999999999741e+01,3.320258999999999711e-02,3.632379333333333489e+04
3.575500000000000000e+03,9.125430000000001485e+01,3.185094000000000120e-02,3.652829000000000087e+04
3.585500000000000000e+03,9.135428999999999178e+01,3.096476999999999563e-02,3.673336333333332732e+04
3.595500000000000000e+03,9.113428000000000395e+01,3.012280999999999986e-02,3.693901666666666279e+04
3.605500000000000000e+03,9.131714999999999804e+01,3.095189999999999747e-02,3.714522999999999593e+04
3.615500000000000000e+03,9.131714000000000908e+01,2.935919999999999502e-02,3.735202333333333081e+04
3.625500000000000000e+03,9.138286000000000797e+01,3.265861999999999932e-02,3.755939666666666744e+04
3.635500000000000000e+03,9.145858999999998673e+01,3.268416999999999850e-02,3.776734333333333780e+04
3.645500000000000000e+03,9.149998999999999683e+01,3.275746000000000213e-02,3.797586666666667588e+04
3.655500000000000000e+03,9.131857999999999720e+01,3.234113000000000265e-02,3.818495333333333110e+04
3.665500000000000000e+03,9.142285000000001105e+01,2.834309999999999954e-02,3.839461999999999534e+04
3.675500000000000000e+03,9.149142000000000507e+01,2.556718000000000185e-02,3.860485666666666657e+04
3.685500000000000000e+03,9.145714999999999861e+01,2.451052999999999912e-02,3.881566999999999825e+04
3.695500000000000000e+03,9.138998999999999739e+01,3.389744000000000090e-02,3.902705333333332965e+04
3.705500000000000000e+03,9.144714000000000453e+01,3.447989999999999389e-02,3.923902333333333081e+04
3.715500000000000000e+03,9.121001000000001113e+01,2.887213000000000279e-02,3.945156666666666570e+04
3.725500000000000000e+03,9.145428000000001134e+01,2.647454000000000127e-02,3.966469333333333634e+04
3.735500000000000000e+03,9.149142000000000507e+01,2.495332999999999926e-02,3.987837000000000262e+04
3.745500000000000000e+03,9.142855000000000132e+01,2.562698000000000059e-02,4.009263333333333139e+04
3.755500000000000000e+03,9.126856999999999687e+01,2.563972999999999947e-02,4.030748666666666395e+04
3.765500000000000000e+03,9.137572000000000116e+01,2.776960999999999319e-02,4.052288999999999942e+04
3.775500000000000000e+03,9.151286000000001764e+01,2.475745000000000029e-02,4.073887333333332936e+04
3.785500000000000000e+03,9.143713999999999942e+01,2.501397000000000342e-02,4.095543666666666104e+04
3.795500000000000000e+03,9.130143000000001052e+01,3.246509999999999674e-02,4.117257666666667501e+04
3.805500000000000000e+03,9.150428999999999746e+01,2.593124000000000123e-02,4.139029666666666890e+04
3.815500000000000000e+03,9.129859000000000435e+01,2.339775000000000188e-02,4.160857666666666773e+04
3.825500000000000000e+03,9.142285999999998580e+01,2.939906999999999937e-02,4.182745333333333110e+04
3.835500000000000000e+03,9.142143999999998982e+01,2.694093000000000182e-02,4.204690000000000146e+04
3.845500000000000000e+03,9.140999999999999659e+01,2.531207999999999722e-02,4.226692666666667355e+04
3.855500000000000000e+03,9.152856999999998777e+01,2.388770999999999950e-02,4.248752999999999884e+04
3.865500000000000000e+03,9.142286000000000001e+01,2.428235000000000116e-02,4.270868666666666832e+04
3.875500000000000000e+03,9.148571999999998638e+01,2.515892000000000128e-02,4.293043333333333430e+04
3.885500000000000000e+03,9.141429999999999723e+01,2.513194000000000192e-02,4.315275333333334129e+04
3.895500000000000000e+03,9.142998000000000047e+01,2.354653999999999775e-02,4.337565000000000146e+04
3.905500000000000000e+03,9.138857000000000141e+01,2.469436000000000200e-02,4.359911000000000058e+04
3.915500000000000000e+03,9.139856999999999232e+01,2.414449999999999930e-02,4.382315333333333547e+04
3.925500000000000000e+03,9.147570000000001755e+01,2.365250000000000338e-02,4.404775999999999476e+04
3.935500000000000000e+03,9.146428000000000225e+01,2.486110999999999877e-02,4.427294000000000233e+04
3.945500000000000000e+03,9.128428999999999860e+01,2.299394000000000091e-02,4.449869333333333634e+04
3.955500000000000000e+03,9.139858999999999867e+01,2.308698999999999474e-02,4.472503000000000611e+04
3.965500000000000000e+03,9.147715999999999781e+01,2.422447999999999962e-02,4.495192666666666628e+04
3.975500000000000000e+03,9.132714999999998895e+01,2.335827999999999863e-02,4.517940000000000146e+04
3.985500000000000000e+03,9.150856999999999175e+01,2.291785000000000003e-02,4.540743000000000029e+04
3.995500000000000000e+03,9.154429000000001793e+01,2.275229999999999614e-02,4.563604000000000087e+04
4.005500000000000000e+03,9.144714000000000453e+01,2.279568000000000219e-02,4.586522999999999593e+04
4.015500000000000000e+03,9.143856999999999857e+01,2.263897999999999605e-02,4.609498333333332994e+04
4.025500000000000000e+03,9.133714999999999407e+01,2.442460999999999591e-02,4.632533666666666250e+04
4.035500000000000000e+03,9.139284999999999570e+01,2.556175000000000114e-02,4.655626333333333605e+04
4.045500000000000000e+03,9.140141000000001270e+01,2.270607000000000181e-02,4.678776999999999680e+04
4.055500000000000000e+03,9.133999999999998920e+01,2.271160000000000193e-02,4.701986333333333459e+04
4.065500000000000000e+03,9.129999999999999716e+01,2.379997999999999836e-02,4.725253333333334012e+04
4.075500000000000000e+03,9.135000999999999749e+01,2.283502999999999922e-02,4.748574666666666599e+04
4.085500000000000000e+03,9.145143000000000200e+01,2.399741000000000027e-02,4.771955666666666366e+04
4.095500000000000000e+03,9.137856000000002155e+01,2.263592999999999855e-02,4.795391333333333023e+04
4.105500000000000000e+03,9.138285000000000480e+01,2.253656999999999883e-02,4.818887000000000262e+04
4.115500000000000000e+03,9.143428000000000111e+01,2.307519000000000237e-02,4.842438666666667268e+04
4.125500000000000000e+03,9.144286999999999921e+01,2.246408000000000432e-02,4.866046999999999389e+04
4.135500000000000000e+03,9.143141999999998859e+01,2.249320999999999959e-02,4.889712666666666337e+04
4.145500000000000000e+03,9.132428000000000168e+01,2.245528000000000107e-02,4.913437333333333663e+04
4.155500000000000000e+03,9.142285000000001105e+01,2.245219999999999855e-02,4.937217666666667355e+04
4.165500000000000000e+03,9.139428999999998382e+01,2.236012000000000069e-02,4.961056999999999243e+04
4.175500000000000000e+03,9.138712999999999909e+01,2.232114999999999794e-02,4.984952999999999884e+04
4.185500000000000000e+03,9.143001000000001000e+01,2.229632999999999615e-02,5.008907666666666773e+04
4.195500000000000000e+03,9.146858000000000288e+01,2.223744000000000415e-02,5.032919000000000233e+04
4.205500000000000000e+03,9.151000000000000512e+01,2.221077999999999941e-02,5.056989666666666744e+04
4.215500000000000000e+03,9.137429000000000201e+01,2.225152000000000380e-02,5.081113999999999942e+04
4.225500000000000000e+03,9.145000999999999181e+01,2.228899999999999978e-02,5.105297666666666919e+04
4.235500000000000000e+03,9.140713999999999828e+01,2.216686000000000351e-02,5.129536999999999534e+04
4.245500000000000000e+03,9.144141999999999371e+01,2.247149000000000021e-02,5.153833999999999651e+04
4.255500000000000000e+03,9.146714000000000055e+01,2.212731999999999893e-02,5.178190000000000146e+04
4.265500000000000000e+03,9.141285000000000593e+01,2.210405000000000009e-02,5.202601333333332877e+04
4.275500000000000000e+03,9.135713999999998691e+01,2.212244000000000016e-02,5.227069333333333634e+04
4.285500000000000000e+03,9.139428999999999803e+01,2.200475999999999821e-02,5.251596666666667443e+04
4.295500000000000000e+03,9.136857999999999436e+01,2.204830000000000331e-02,5.276181000000001222e+04
4.305500000000000000e+03,9.136427999999997951e+01,2.199363999999999833e-02,5.300821999999999389e+04
4.315500000000000000e+03,9.146569999999999823e+01,2.196174000000000043e-02,5.325521333333334042e+04
4.325500000000000000e+03,9.136285999999999774e+01,2.233355999999999883e-02,5.350277333333333809e+04
4.335500000000000000e+03,9.144428000000000623e+01,2.194413999999999740e-02,5.375091999999999825e+04
4.345500000000000000e+03,9.134572000000000003e+01,2.188698000000000032e-02,5.399962999999999010e+04
4.355500000000000000e+03,9.141999999999998749e+01,2.186035000000000061e-02,5.424891000000001077e+04
4.365500000000000000e+03,9.138714999999999122e+01,2.185557999999999945e-02,5.449877333333333081e+04
4.375500000000000000e+03,9.138857999999999038e+01,2.185189000000000228e-02,5.474921666666665988e+04
4.385500000000000000e+03,9.146000000000000796e+01,2.187077999999999939e-02,5.500021999999999389e+04
4.395500000000000000e+03,9.143999999999998352e+01,2.175266000000000005e-02,5.525180000000000291e+04
4.405500000000000000e+03,9.132856999999999914e+01,2.180168999999999857e-02,5.550395999999999913e+04
4.415500000000000000e+03,9.149998999999999683e+01,2.171423999999999924e-02,5.575670333333333110e+04
4.425500000000000000e+03,9.142712999999999113e+01,2.182587999999999889e-02,5.601000999999999476e+04
4.435500000000000000e+03,9.132000000000000739e+01,2.165291000000000438e-02,5.626390666666667676e+04
4.445500000000000000e+03,9.143142000000000280e+01,2.164940000000000267e-02,5.651836333333332732e+04
4.455500000000000000e+03,9.139714000000000738e+01,2.160525999999999766e-02,5.677340666666666220e+04
4.465500000000000000e+03,9.147284999999999400e+01,2.163300999999999766e-02,5.702901333333332877e+04
4.475500000000000000e+03,9.141143000000000995e+01,2.160429999999999989e-02,5.728520333333333110e+04
4.485500000000000000e+03,9.140427999999999997e+01,2.151994999999999950e-02,5.754196999999999389e+04
4.495500000000000000e+03,9.146142999999999290e+01,2.158169000000000406e-02,5.779930999999999767e+04
4.505500000000000000e+03,9.141571000000001845e+01,2.149502000000000357e-02,5.805720999999999913e+04
4.515500000000000000e+03,9.144428999999999519e+01,2.151847999999999955e-02,5.831570666666666511e+04
4.525500000000000000e+03,9.137713999999998293e+01,2.144908000000000231e-02,5.857477333333333081e+04
4.535500000000000000e+03,9.135427999999998860e+01,2.135174000000000100e-02,5.883441666666666424e+04
4.545500000000000000e+03,9.149572000000000571e+01,2.144578999999999930e-02,5.909463999999999942e+04
4.555500000000000000e+03,9.142713999999998009e+01,2.137944000000000302e-02,5.935542000000000553e+04
4.565500000000000000e+03,9.150714999999999577e+01,2.135329999999999867e-02,5.961679333333333489e+04
4.575500000000000000e+03,9.138858000000000459e+01,2.128168000000000420e-02,5.987874666666666599e+04
4.585500000000000000e+03,9.146143000000000711e+01,2.131437000000000609e-02,6.014125999999999476e+04
4.595500000000000000e+03,9.142713000000000534e+01,2.129618999999999956e-02,6.040435333333333256e+04
4.605500000000000000e+03,9.144572000000000855e+01,2.128419999999999618e-02,6.066801666666667734e+04
4.615500000000000000e+03,9.144001000000000090e+01,2.123695000000000097e-02,6.093227000000000407e+04
4.625500000000000000e+03,9.139000000000000057e+01,2.122220999999999830e-02,6.119707333333334100e+04
4.635500000000000000e+03,9.135856000000001131e+01,2.115261000000000224e-02,6.146245999999999913e+04
4.645500000000000000e+03,9.140855999999999426e+01,2.114237999999999881e-02,6.172841666666667152e+04
4.655500000000000000e+03,9.150571999999999662e+01,2.108415000000000289e-02,6.199495999999999913e+04
4.665500000000000000e+03,9.136571999999999605e+01,2.116260000000000016e-02,6.226206666666666570e+04
4.675500000000000000e+03,9.137857000000001051e+01,2.101522999999999933e-02,6.252975333333333401e+04
4.685500000000000000e+03,9.137572000000000116e+01,2.112653000000000100e-02,6.279803000000000611e+04
4.695500000000000000e+03,9.131430000000000291e+01,2.106823999999999850e-02,6.306686666666666133e+04
4.705500000000000000e+03,9.150571999999998241e+01,2.102952000000000293e-02,6.333628666666665958e+04
4.715500000000000000e+03,9.144429999999999836e+01,2.096337000000000200e-02,6.360627333333333809e+04
4.725500000000000000e+03,9.145142000000001303e+01,2.093774999999999803e-02,6.387684666666665726e+04
4.735500000000000000e+03,9.147142000000000905e+01,2.089407000000000070e-02,6.414797666666666191e+04
4.745500000000000000e+03,9.137426999999999566e+01,2.089689000000000130e-02,6.441968666666666104e+04
4.755500000000000000e+03,9.141141999999999257e+01,2.085206999999999686e-02,6.469196999999999389e+04
4.765500000000000000e+03,9.142571999999998411e+01,2.084388000000000213e-02,6.496482333333334100e+04
4.775500000000000000e+03,9.135000999999999749e+01,2.081571000000000463e-02,6.523825333333333401e+04
4.785500000000000000e+03,9.139140999999999337e+01,2.082136000000000056e-02,6.551225333333334129e+04
4.795500000000000000e+03,9.144715000000000771e+01,2.087293999999999955e-02,6.578685999999998603e+04
4.805500000000000000e+03,9.144144000000000005e+01,2.077042000000000124e-02,6.606214666666665289e+04
4.815500000000000000e+03,9.141998999999999853e+01,2.079371999999999818e-02,6.633801666666666279e+04
4.825500000000000000e+03,9.141427999999999088e+01,2.072326999999999850e-02,6.661445333333333838e+04
4.835500000000000000e+03,9.141857000000000255e+01,2.073119999999999824e-02,6.689144666666665580e+04
4.845500000000000000e+03,9.143000000000000682e+01,2.074698999999999988e-02,6.716902000000000407e+04
4.855500000000000000e+03,9.137573000000000434e+01,2.067287999999999765e-02,6.744716999999999825e+04
4.865500000000000000e+03,9.142141999999999769e+01,2.060081000000000065e-02,6.772588333333333139e+04
4.875500000000000000e+03,9.135999999999999943e+01,2.068917999999999799e-02,6.800515333333333547e+04
4.885500000000000000e+03,9.143998999999999455e+01,2.066430000000000350e-02,6.828502333333333081e+04
4.895500000000000000e+03,9.140142999999999063e+01,2.057229000000000002e-02,6.856544999999999709e+04
4.905500000000000000e+03,9.143000999999999578e+01,2.059802000000000161e-02,6.884643000000000757e+04
4.915500000000000000e+03,9.138142000000000564e+01,2.057553000000000160e-02,6.912799333333333198e+04
4.925500000000000000e+03,9.141285999999999490e+01,2.052520999999999859e-02,6.941012666666666337e+04
4.935500000000000000e+03,9.141145000000001630e+01,2.054899999999999782e-02,6.969283666666665522e+04
4.945500000000000000e+03,9.145286000000000115e+01,2.044681999999999750e-02,6.997610666666665929e+04
4.955500000000000000e+03,9.145714000000000965e+01,2.048790999999999807e-02,7.025994333333334362e+04
4.965500000000000000e+03,9.136285999999999774e+01,2.046590999999999688e-02,7.054434666666666453e+04
4.975500000000000000e+03,9.140716000000000463e+01,2.044146999999999978e-02,7.082933000000000175e+04
4.985500000000000000e+03,9.132858999999999128e+01,2.039383999999999988e-02,7.111487666666667792e+04
4.995500000000000000e+03,9.134999000000000535e+01,2.037705999999999892e-02,7.140099000000001979e+04
