5.500000000000000000e+00,8.965857000000001165e+01,6.811296000000000106e+01,1.103585843333333150e-01
1.550000000000000000e+01,8.355570000000000164e+01,2.086894000000000204e+01,6.366864333333333015e-01
2.550000000000000000e+01,8.723857000000000994e+01,1.460634999999999728e+01,1.629126000000000074e+00
3.550000000000000000e+01,8.639573000000000036e+01,1.019140899999999839e+01,3.078588666666666196e+00
4.550000000000000000e+01,8.698000999999999294e+01,7.254763999999999768e+00,4.982635666666666019e+00
5.550000000000000000e+01,8.244714999999999350e+01,6.992287999999999393e+00,7.343051666666665867e+00
6.550000000000000000e+01,8.525857000000000596e+01,5.982592999999999606e+00,1.016488233333333291e+01
7.550000000000000000e+01,8.363428000000001816e+01,4.614000000000000767e+00,1.344423666666666506e+01
8.550000000000000000e+01,8.366858000000000573e+01,3.384564800000000595e+00,1.718256666666666632e+01
9.550000000000000000e+01,8.430572000000000799e+01,3.018246000000000429e+00,2.137167000000000172e+01
1.055000000000000000e+02,8.490856999999999744e+01,4.108639699999999451e+00,2.601191333333333233e+01
1.155000000000000000e+02,8.589284999999999570e+01,4.016962000000000366e+00,3.110217333333333656e+01
1.255000000000000000e+02,8.554715000000001623e+01,3.827641999999999989e+00,3.664271666666666505e+01
1.355000000000000000e+02,8.707998999999999512e+01,3.345923999999999232e+00,4.263216666666667010e+01
1.455000000000000000e+02,8.606571999999998468e+01,2.573204000000000047e+00,4.906959000000000515e+01
1.555000000000000000e+02,8.676570000000000960e+01,2.650856999999999797e+00,5.595645000000000380e+01
1.655000000000000000e+02,8.692999000000000365e+01,2.191091000000000122e+00,6.329535666666667026e+01
1.755000000000000000e+02,8.773144000000000631e+01,2.062675000000000036e+00,7.108435666666667885e+01
1.855000000000000000e+02,8.736000999999998839e+01,2.183016499999999915e+00,7.932320999999998890e+01
1.955000000000000000e+02,8.788142999999999461e+01,2.089547200000000160e+00,8.801196333333334110e+01
2.055000000000000000e+02,8.949001000000001227e+01,1.781582100000000057e+00,9.715175999999999590e+01
2.155000000000000000e+02,8.922143000000001223e+01,1.701333999999999902e+00,1.067431666666666672e+02
2.255000000000000000e+02,8.967857000000000767e+01,1.146468499999999890e+00,1.167863666666666660e+02
2.355000000000000000e+02,8.941142000000000678e+01,1.639696000000000042e+00,1.272792000000000172e+02
2.455000000000000000e+02,9.004001000000000943e+01,1.355910900000000030e+00,1.382231333333333225e+02
2.555000000000000000e+02,8.976714999999998668e+01,1.414052700000000051e+00,1.496259000000000015e+02
2.655000000000000000e+02,8.972715000000000884e+01,1.373187000000000157e+00,1.614801000000000215e+02
2.755000000000000000e+02,8.886285999999999774e+01,1.575166000000000066e+00,1.737843333333333646e+02
2.855000000000000000e+02,9.021571000000000140e+01,1.152475600000000044e+00,1.865380333333333169e+02
2.955000000000000000e+02,9.126285999999998921e+01,1.316955500000000168e+00,1.997400000000000091e+02
3.055000000000000000e+02,9.031143000000000143e+01,1.250628700000000038e+00,2.134054333333333489e+02
3.155000000000000000e+02,9.037001999999999668e+01,8.822097000000000966e-01,2.275348333333333244e+02
3.255000000000000000e+02,9.080571999999999377e+01,1.503581399999999846e+00,2.421152333333332933e+02
3.355000000000000000e+02,9.031284999999999741e+01,1.237113700000000094e+00,2.571459333333333461e+02
3.455000000000000000e+02,9.084284999999998433e+01,6.128534999999999400e-01,2.726275333333333037e+02
3.555000000000000000e+02,9.095713999999999544e+01,8.387881000000000364e-01,2.885588666666666313e+02
3.655000000000000000e+02,9.145714999999999861e+01,9.282780999999999949e-01,3.049408999999999992e+02
3.755000000000000000e+02,9.083570999999999174e+01,1.195135100000000117e+00,3.217725333333332856e+02
3.855000000000000000e+02,9.002142999999999518e+01,9.574253999999999820e-01,3.390554333333333261e+02
3.955000000000000000e+02,9.145284000000000901e+01,8.796446000000001098e-01,3.567880999999999858e+02
4.055000000000000000e+02,9.044427999999999201e+01,1.074079699999999971e+00,3.749720333333333429e+02
4.155000000000000000e+02,9.102571000000000367e+01,9.099420000000000286e-01,3.936058666666666568e+02
4.255000000000000000e+02,9.157998999999999512e+01,8.342018999999998297e-01,4.126912333333333436e+02
4.355000000000000000e+02,9.149857000000000085e+01,1.063091500000000078e+00,4.322280666666666775e+02
4.455000000000000000e+02,9.128000000000000114e+01,1.014204380000000238e+00,4.522198000000000206e+02
4.555000000000000000e+02,9.187714000000001136e+01,1.005928000000000155e+00,4.726669666666666672e+02
4.655000000000000000e+02,9.102142000000000621e+01,8.683038999999999064e-01,4.935675333333333583e+02
4.755000000000000000e+02,9.124429999999998131e+01,8.130723999999999174e-01,5.149219000000000506e+02
4.855000000000000000e+02,9.130284999999999229e+01,1.074154500000000123e+00,5.367292333333333545e+02
4.955000000000000000e+02,9.124712999999999852e+01,8.530963000000001406e-01,5.589900999999999840e+02
5.055000000000000000e+02,9.160141999999999030e+01,9.356921999999998629e-01,5.817054666666665526e+02
5.155000000000000000e+02,9.142856999999999346e+01,8.954850000000000865e-01,6.048770000000000664e+02
5.255000000000000000e+02,9.125427999999999429e+01,9.508506000000001013e-01,6.285009999999999764e+02
5.355000000000000000e+02,9.195714999999999861e+01,1.034997500000000015e+00,6.525770333333332474e+02
5.455000000000000000e+02,9.185142000000000451e+01,7.500497000000001524e-01,6.771043000000000802e+02
5.555000000000000000e+02,9.212571999999998695e+01,1.044935900000000029e+00,7.020876333333333150e+02
5.655000000000000000e+02,9.198143999999999210e+01,8.448849000000000498e-01,7.275251666666665642e+02
5.755000000000000000e+02,9.185430999999999813e+01,8.035688999999999194e-01,7.534148333333333767e+02
5.855000000000000000e+02,9.165570999999998492e+01,8.247887000000000413e-01,7.797552333333333081e+02
5.955000000000000000e+02,9.229713999999999885e+01,8.602976999999999430e-01,8.065449333333333470e+02
6.055000000000000000e+02,9.100285999999999831e+01,8.102526000000001005e-01,8.337872333333332335e+02
6.155000000000000000e+02,9.236142999999998437e+01,8.465897999999999479e-01,8.614842000000001008e+02
6.255000000000000000e+02,9.176143999999999323e+01,7.948188000000000475e-01,8.896329333333333125e+02
6.355000000000000000e+02,9.206286000000001479e+01,8.122153000000000844e-01,9.182333666666667114e+02
6.455000000000000000e+02,9.187429000000000201e+01,6.335591999999998780e-01,9.472850333333332173e+02
6.555000000000000000e+02,9.182428000000000168e+01,8.572022999999999726e-01,9.767884666666666362e+02
6.655000000000000000e+02,9.174286000000000740e+01,8.472603000000000772e-01,1.006744299999999953e+03
6.755000000000000000e+02,9.195001000000002023e+01,9.821497000000001254e-01,1.037152666666666619e+03
6.855000000000000000e+02,9.200714000000000681e+01,8.763988000000001444e-01,1.068013333333333549e+03
6.955000000000000000e+02,9.232428000000001589e+01,8.223247999999998559e-01,1.099331666666666706e+03
7.055000000000000000e+02,9.185714000000000112e+01,7.915985000000000937e-01,1.131100666666666484e+03
7.155000000000000000e+02,9.189000000000000057e+01,7.721561999999999593e-01,1.163322999999999865e+03
7.255000000000000000e+02,9.249857999999998981e+01,9.229412000000000171e-01,1.195999666666666826e+03
7.355000000000000000e+02,9.228856000000000392e+01,7.198042000000000051e-01,1.229128333333333330e+03
7.455000000000000000e+02,9.177570000000000050e+01,8.187070000000000736e-01,1.262714999999999691e+03
7.555000000000000000e+02,9.217571000000000936e+01,7.221636999999999640e-01,1.296760666666666566e+03
7.655000000000000000e+02,9.252713999999998862e+01,6.409179999999999877e-01,1.331258666666666841e+03
7.755000000000000000e+02,9.202714999999999179e+01,6.799143000000000825e-01,1.366213666666666541e+03
7.855000000000000000e+02,9.212859000000000265e+01,5.947893000000001873e-01,1.401621333333333041e+03
7.955000000000000000e+02,9.229572000000000287e+01,7.197257000000000238e-01,1.437483999999999924e+03
8.055000000000000000e+02,9.251142000000001531e+01,5.672537999999999192e-01,1.473798666666666577e+03
8.155000000000000000e+02,9.139571999999999719e+01,6.762445999999999735e-01,1.510566333333333432e+03
8.255000000000000000e+02,9.259001000000000658e+01,7.504082999999999171e-01,1.547789666666666562e+03
8.355000000000000000e+02,9.189001000000000374e+01,6.403807999999998612e-01,1.585468333333333248e+03
8.455000000000000000e+02,9.192143000000000086e+01,5.594273999999999081e-01,1.623599999999999909e+03
8.555000000000000000e+02,9.177571000000000367e+01,6.799357999999999791e-01,1.662188999999999851e+03
8.655000000000000000e+02,9.236713999999999203e+01,6.171927999999999859e-01,1.701229666666666617e+03
8.755000000000000000e+02,9.113857999999999038e+01,7.468525000000000302e-01,1.740726000000000113e+03
8.855000000000000000e+02,9.185571000000001618e+01,4.818829999999999503e-01,1.780675666666666530e+03
8.955000000000000000e+02,9.187287000000000603e+01,6.338690000000000158e-01,1.821081999999999880e+03
9.055000000000000000e+02,9.219714000000000453e+01,5.633847999999999079e-01,1.861940666666666630e+03
9.155000000000000000e+02,9.161713999999999203e+01,5.146498000000000461e-01,1.903254000000000133e+03
9.255000000000000000e+02,9.244856999999998948e+01,6.062324000000000046e-01,1.945026000000000295e+03
9.355000000000000000e+02,9.171143000000000711e+01,5.734874000000000915e-01,1.987259666666666817e+03
9.455000000000000000e+02,9.178713999999999373e+01,5.508666000000002061e-01,2.029954333333333125e+03
9.555000000000000000e+02,9.201570999999999856e+01,4.903536000000000561e-01,2.073112333333333481e+03
9.655000000000000000e+02,9.212142000000000053e+01,4.615888000000000213e-01,2.116729999999999563e+03
9.755000000000000000e+02,9.203285999999999945e+01,6.059938000000000269e-01,2.160807333333333645e+03
9.855000000000000000e+02,9.187142000000000053e+01,5.201282999999999879e-01,2.205345666666667057e+03
9.955000000000000000e+02,9.222714999999999463e+01,5.088130000000000708e-01,2.250345333333333201e+03
1.005500000000000000e+03,9.238141000000000247e+01,5.637285999999999131e-01,2.295803000000000338e+03
1.015500000000000000e+03,9.206284999999999741e+01,5.056686999999999710e-01,2.341718333333333248e+03
1.025500000000000000e+03,9.246285000000000309e+01,6.181252999999999886e-01,2.388088666666666086e+03
1.035500000000000000e+03,9.186998999999998716e+01,5.714966999999999686e-01,2.434916333333333569e+03
1.045500000000000000e+03,9.214856999999999232e+01,4.707116999999999551e-01,2.482200333333333219e+03
1.055500000000000000e+03,9.188142999999999461e+01,4.168872999999999607e-01,2.529942666666666810e+03
1.065500000000000000e+03,9.227144000000001256e+01,5.033525000000000915e-01,2.578146333333333587e+03
1.075500000000000000e+03,9.189143999999998869e+01,5.349595000000000322e-01,2.626810000000000400e+03
1.085500000000000000e+03,9.228571999999999775e+01,5.211143999999999776e-01,2.675930333333333238e+03
1.095500000000000000e+03,9.210143999999999664e+01,4.563393999999999506e-01,2.725505333333333510e+03
1.105500000000000000e+03,9.228856999999999289e+01,4.746582999999999219e-01,2.775539999999999964e+03
1.115500000000000000e+03,9.207142000000000337e+01,4.252110999999999530e-01,2.826034999999999854e+03
1.125500000000000000e+03,9.213712999999999909e+01,3.615184000000000175e-01,2.876987333333333027e+03
1.135500000000000000e+03,9.201712999999999454e+01,4.779006000000000087e-01,2.928397333333333336e+03
1.145500000000000000e+03,9.204142999999999120e+01,5.352390000000000203e-01,2.980266999999999825e+03
1.155500000000000000e+03,9.181000000000000227e+01,4.428874000000000422e-01,3.032594333333333452e+03
1.165500000000000000e+03,9.203855999999998971e+01,5.203221000000000096e-01,3.085380666666666457e+03
1.175500000000000000e+03,9.186429000000001110e+01,4.183182000000000289e-01,3.138625333333333401e+03
1.185500000000000000e+03,9.189570000000000505e+01,5.657962999999999187e-01,3.192329999999999927e+03
1.195500000000000000e+03,9.227427999999999031e+01,5.067277000000001141e-01,3.246489666666666835e+03
1.205500000000000000e+03,9.250285999999998410e+01,5.345445999999999254e-01,3.301116999999999734e+03
1.215500000000000000e+03,9.175570999999999344e+01,5.687193000000001497e-01,3.356204666666666981e+03
1.225500000000000000e+03,9.199141999999999086e+01,5.287406999999999524e-01,3.411746666666666897e+03
1.235500000000000000e+03,9.209859000000000151e+01,5.143239000000001671e-01,3.467745000000000346e+03
1.245500000000000000e+03,9.212714000000001136e+01,5.579635000000000566e-01,3.524201000000000022e+03
1.255500000000000000e+03,9.205286999999999864e+01,5.533371999999999735e-01,3.581110999999999876e+03
1.265500000000000000e+03,9.243001999999998475e+01,4.406087000000000198e-01,3.638478666666666868e+03
1.275500000000000000e+03,9.197999000000000080e+01,5.672458000000000222e-01,3.696304999999999382e+03
1.285500000000000000e+03,9.220285999999998694e+01,4.508440999999999699e-01,3.754586000000000695e+03
1.295500000000000000e+03,9.194288000000000238e+01,4.542302999999999757e-01,3.813322333333332608e+03
1.305500000000000000e+03,9.205714999999999293e+01,5.091318000000000232e-01,3.872513666666666722e+03
1.315500000000000000e+03,9.207143000000000654e+01,4.755331999999999892e-01,3.932162666666667064e+03
1.325500000000000000e+03,9.179143999999999437e+01,3.950643000000000349e-01,3.992267666666666628e+03
1.335500000000000000e+03,9.160572000000000514e+01,4.506172999999999429e-01,4.052830666666667184e+03
1.345500000000000000e+03,9.194713000000000136e+01,4.103339999999999210e-01,4.113851000000000568e+03
1.355500000000000000e+03,9.202142999999998096e+01,4.930360999999999772e-01,4.175328333333332921e+03
1.365500000000000000e+03,9.205143999999999949e+01,3.632423999999999653e-01,4.237260000000000218e+03
1.375500000000000000e+03,9.271858000000000288e+01,4.816267999999999105e-01,4.299648333333333539e+03
1.385500000000000000e+03,9.187144000000000688e+01,3.690553999999999779e-01,4.362492666666666992e+03
1.395500000000000000e+03,9.215570999999999913e+01,3.975634999999999586e-01,4.425790666666666766e+03
1.405500000000000000e+03,9.208285999999999660e+01,3.646315000000000528e-01,4.489545333333333474e+03
1.415500000000000000e+03,9.238571000000000311e+01,4.173107999999999818e-01,4.553755666666666002e+03
1.425500000000000000e+03,9.210143999999999664e+01,4.338244999999999463e-01,4.618418666666666468e+03
1.435500000000000000e+03,9.228427999999999543e+01,4.386550999999999645e-01,4.683538999999999760e+03
1.445500000000000000e+03,9.223286000000000229e+01,3.671909000000000423e-01,4.749115666666666584e+03
1.455500000000000000e+03,9.219857999999999265e+01,4.263821999999999335e-01,4.815147999999999229e+03
1.465500000000000000e+03,9.241713000000000022e+01,3.800852000000000119e-01,4.881636666666667224e+03
1.475500000000000000e+03,9.221428000000000225e+01,3.873275999999999941e-01,4.948580666666666730e+03
1.485500000000000000e+03,9.159713000000002125e+01,4.214129999999999820e-01,5.015983000000000175e+03
1.495500000000000000e+03,9.176143000000000427e+01,3.737422000000000244e-01,5.083842000000000553e+03
1.505500000000000000e+03,9.237999999999999545e+01,3.633708000000000493e-01,5.152159333333333052e+03
1.515500000000000000e+03,9.212426999999999566e+01,4.398013000000000616e-01,5.220933666666665886e+03
1.525500000000000000e+03,9.160998999999999626e+01,3.470114999999999728e-01,5.290166666666666060e+03
1.535500000000000000e+03,9.223999000000000592e+01,3.701639999999999930e-01,5.359855333333332965e+03
1.545500000000000000e+03,9.233857000000000426e+01,4.246942000000000772e-01,5.429999666666667508e+03
1.555500000000000000e+03,9.179141999999998802e+01,3.386437999999999948e-01,5.500601000000000568e+03
1.565500000000000000e+03,9.250284999999999513e+01,3.149737999999999705e-01,5.571659333333333961e+03
1.575500000000000000e+03,9.224857000000000085e+01,4.330949000000000604e-01,5.643171666666666169e+03
1.585500000000000000e+03,9.188856999999998720e+01,3.335354000000000374e-01,5.715141333333333932e+03
1.595500000000000000e+03,9.204284999999998718e+01,4.496414999999999718e-01,5.787566333333334114e+03
1.605500000000000000e+03,9.238286000000000797e+01,4.659286000000000816e-01,5.860449333333333016e+03
1.615500000000000000e+03,9.215143999999999380e+01,3.513020000000000032e-01,5.933789666666666562e+03
1.625500000000000000e+03,9.193142999999999176e+01,4.632205999999999269e-01,6.007587000000000444e+03
1.635500000000000000e+03,9.224998999999999683e+01,3.597894999999999288e-01,6.081838333333333139e+03
1.645500000000000000e+03,9.245288000000000750e+01,3.869783000000000528e-01,6.156547666666667283e+03
1.655500000000000000e+03,9.177428999999999348e+01,3.625247000000000330e-01,6.231715333333333547e+03
1.665500000000000000e+03,9.200428000000000850e+01,3.576302000000000647e-01,6.307341000000000349e+03
1.675500000000000000e+03,9.193571000000000026e+01,3.370805999999999525e-01,6.383425666666666984e+03
1.685500000000000000e+03,9.175570999999999344e+01,3.335038000000000169e-01,6.459967999999998938e+03
1.695500000000000000e+03,9.200142999999999915e+01,4.216876999999999986e-01,6.536966666666666242e+03
1.705500000000000000e+03,9.189857000000000653e+01,3.428037999999999919e-01,6.614418666666667377e+03
1.715500000000000000e+03,9.192001000000000488e+01,3.982250999999999985e-01,6.692328666666666322e+03
1.725500000000000000e+03,9.187286000000000286e+01,4.227220999999999895e-01,6.770693000000001120e+03
1.735500000000000000e+03,9.220713000000000648e+01,3.953097000000000416e-01,6.849516999999999825e+03
1.745500000000000000e+03,9.169428000000000623e+01,3.049928000000000639e-01,6.928794333333333270e+03
1.755500000000000000e+03,9.188714000000000226e+01,3.997091000000000394e-01,7.008528333333332739e+03
1.765500000000000000e+03,9.179713999999998464e+01,4.023445999999999967e-01,7.088718333333333248e+03
1.775500000000000000e+03,9.185427999999998860e+01,3.472545999999999689e-01,7.169363999999999578e+03
1.785500000000000000e+03,9.207715000000000316e+01,3.753037000000000178e-01,7.250467666666666446e+03
1.795500000000000000e+03,9.182143000000000654e+01,4.356229999999999825e-01,7.332023666666666031e+03
1.805500000000000000e+03,9.180714000000000397e+01,3.699966000000000088e-01,7.414040333333332455e+03
1.815500000000000000e+03,9.193143999999999494e+01,3.860666000000000375e-01,7.496510999999998603e+03
1.825500000000000000e+03,9.146142000000000394e+01,3.880567000000000322e-01,7.579441666666667516e+03
1.835500000000000000e+03,9.173143000000000313e+01,3.948609000000000147e-01,7.662825666666666621e+03
1.845500000000000000e+03,9.189141999999998234e+01,3.632785999999999516e-01,7.746666666666666970e+03
1.855500000000000000e+03,9.213142999999999461e+01,4.203463000000000060e-01,7.830961000000000240e+03
1.865500000000000000e+03,9.178713000000000477e+01,3.883020000000000360e-01,7.915711666666667043e+03
1.875500000000000000e+03,9.173999999999999488e+01,3.902056999999999887e-01,8.000917666666666264e+03
1.885500000000000000e+03,9.178569999999999141e+01,3.707459999999999645e-01,8.086579666666666526e+03
1.895500000000000000e+03,9.209427999999999770e+01,3.685439000000000354e-01,8.172698333333331902e+03
1.905500000000000000e+03,9.184999999999999432e+01,4.002267999999999937e-01,8.259272666666667646e+03
1.915500000000000000e+03,9.188999999999998636e+01,3.465336000000000527e-01,8.346304333333331670e+03
1.925500000000000000e+03,9.164284999999999570e+01,3.294428999999999830e-01,8.433790666666667676e+03
1.935500000000000000e+03,9.178002000000000749e+01,3.922274000000000038e-01,8.521735666666667385e+03
1.945500000000000000e+03,9.147856000000000165e+01,3.497044999999999737e-01,8.610136333333332004e+03
1.955500000000000000e+03,9.170143000000000200e+01,3.983416000000000179e-01,8.698995333333334202e+03
1.965500000000000000e+03,9.156713999999999487e+01,3.368360000000000243e-01,8.788311666666666497e+03
1.975500000000000000e+03,9.157713999999999999e+01,3.758407000000000275e-01,8.878085333333332528e+03
1.985500000000000000e+03,9.167999000000000365e+01,3.949330999999999814e-01,8.968316999999999098e+03
1.995500000000000000e+03,9.173001000000000715e+01,3.474415999999999616e-01,9.059005333333332601e+03
2.005500000000000000e+03,9.159573000000000320e+01,2.959875999999999618e-01,9.150151333333333241e+03
2.015500000000000000e+03,9.128427999999999543e+01,3.214370000000000283e-01,9.241753000000000611e+03
2.025500000000000000e+03,9.144856999999998948e+01,3.150677899999999587e-01,9.333811999999999898e+03
2.035500000000000000e+03,9.152570999999998946e+01,3.331415999999999822e-01,9.426328333333332921e+03
2.045500000000000000e+03,9.154714000000001306e+01,3.105841999999999770e-01,9.519303333333333285e+03
2.055500000000000000e+03,9.136285000000000878e+01,3.738111999999999546e-01,9.612735666666669204e+03
2.065500000000000000e+03,9.132572000000000401e+01,3.633260000000000378e-01,9.706624666666666599e+03
2.075500000000000000e+03,9.178857000000000710e+01,3.758569999999999967e-01,9.800967666666667355e+03
2.085500000000000000e+03,9.142427000000000703e+01,3.246189000000000435e-01,9.895769000000000233e+03
2.095500000000000000e+03,9.145286000000001536e+01,3.751004000000000560e-01,9.991024666666668054e+03
2.105500000000000000e+03,9.129000000000000625e+01,3.573482000000000047e-01,1.008674333333333379e+04
2.115500000000000000e+03,9.139000000000000057e+01,3.584342999999999835e-01,1.018290333333333365e+04
2.125500000000000000e+03,9.145429000000000030e+01,3.528468000000000160e-01,1.027954333333333307e+04
2.135500000000000000e+03,9.169572000000000855e+01,3.718967000000000245e-01,1.037663666666666722e+04
2.145500000000000000e+03,9.138428000000001816e+01,3.503418000000000365e-01,1.047417666666666628e+04
2.155500000000000000e+03,9.129713999999998464e+01,3.474973000000000090e-01,1.057217666666666446e+04
2.165500000000000000e+03,9.151000000000000512e+01,3.850867000000000040e-01,1.067064333333333161e+04
2.175500000000000000e+03,9.140287000000000717e+01,3.585873000000000532e-01,1.076955666666666548e+04
2.185500000000000000e+03,9.152572999999999581e+01,3.649064000000000196e-01,1.086893000000000029e+04
2.195500000000000000e+03,9.171285000000000309e+01,3.482843000000000466e-01,1.096876999999999862e+04
2.205500000000000000e+03,9.142286000000000001e+01,3.680020999999999987e-01,1.106907333333333190e+04
2.215500000000000000e+03,9.123711999999999023e+01,3.586639999999999828e-01,1.116982000000000153e+04
2.225500000000000000e+03,9.160285999999999262e+01,3.403178999999999510e-01,1.127103666666666504e+04
2.235500000000000000e+03,9.143000000000002103e+01,3.549640000000000017e-01,1.137270666666666875e+04
2.245500000000000000e+03,9.164284000000000674e+01,3.665450000000000097e-01,1.147482999999999993e+04
2.255500000000000000e+03,9.177143000000000939e+01,3.601660999999999890e-01,1.157742000000000189e+04
2.265500000000000000e+03,9.154143000000000541e+01,3.445213999999999777e-01,1.168045333333333474e+04
2.275500000000000000e+03,9.159144000000000574e+01,3.183203000000000005e-01,1.178395666666666693e+04
2.285500000000000000e+03,9.144714000000001874e+01,3.364779999999999438e-01,1.188792000000000007e+04
2.295500000000000000e+03,9.113285999999999376e+01,3.303110999999999686e-01,1.199233666666666613e+04
2.305500000000000000e+03,9.126140999999999792e+01,3.279284999999999561e-01,1.209721333333333496e+04
2.315500000000000000e+03,9.136287000000000091e+01,3.393948999999999994e-01,1.220253666666666686e+04
2.325500000000000000e+03,9.127572000000000685e+01,3.309753000000000278e-01,1.230834000000000015e+04
2.335500000000000000e+03,9.127428999999999348e+01,2.939161000000000135e-01,1.241456999999999971e+04
2.345500000000000000e+03,9.130857000000000312e+01,2.929798999999999598e-01,1.252128000000000065e+04
2.355500000000000000e+03,9.141000999999999976e+01,3.502244999999999941e-01,1.262844999999999891e+04
2.365500000000000000e+03,9.118571000000000026e+01,3.134103999999999779e-01,1.273607333333333190e+04
2.375500000000000000e+03,9.146998999999999569e+01,2.951392999999999933e-01,1.284415999999999985e+04
2.385500000000000000e+03,9.132714999999998895e+01,3.129041000000000183e-01,1.295268666666666650e+04
2.395500000000000000e+03,9.121714000000000055e+01,3.405528000000000444e-01,1.306166333333333387e+04
2.405500000000000000e+03,9.145569999999999311e+01,3.148966000000000265e-01,1.317111333333333278e+04
2.415500000000000000e+03,9.121714000000000055e+01,3.109106999999999843e-01,1.328102666666666664e+04
2.425500000000000000e+03,9.128999999999999204e+01,3.289290000000000269e-01,1.339140333333333547e+04
2.435500000000000000e+03,9.112143000000000370e+01,3.324903000000000164e-01,1.350223000000000138e+04
2.445500000000000000e+03,9.111713000000000306e+01,2.880865999999999705e-01,1.361351999999999862e+04
2.455500000000000000e+03,9.132144000000000972e+01,2.965251999999999888e-01,1.372526000000000386e+04
2.465500000000000000e+03,9.106427999999999656e+01,2.978450000000000264e-01,1.383745666666666875e+04
2.475500000000000000e+03,9.139714000000000738e+01,3.015573999999999755e-01,1.395011999999999898e+04
2.485500000000000000e+03,9.118857999999998754e+01,2.920906000000000335e-01,1.406323999999999978e+04
2.495500000000000000e+03,9.109286000000000172e+01,2.908389000000000113e-01,1.417682000000000153e+04
2.505500000000000000e+03,9.121283999999999992e+01,2.733131000000000310e-01,1.429085333333333256e+04
2.515500000000000000e+03,9.141999999999998749e+01,2.581583000000000072e-01,1.440535000000000036e+04
2.525500000000000000e+03,9.100714999999999577e+01,2.769878000000000062e-01,1.452030666666666548e+04
2.535500000000000000e+03,9.111001000000000261e+01,2.984978999999999827e-01,1.463571666666666533e+04
2.545500000000000000e+03,9.100998999999998773e+01,2.734222000000000041e-01,1.475158666666666977e+04
2.555500000000000000e+03,9.102286000000000854e+01,2.679379000000000066e-01,1.486790333333333547e+04
2.565500000000000000e+03,9.132000000000000739e+01,2.912301000000000473e-01,1.498468666666666650e+04
2.575500000000000000e+03,9.125001000000000317e+01,2.750944999999999641e-01,1.510193999999999869e+04
2.585500000000000000e+03,9.115142999999999063e+01,2.633120999999999934e-01,1.521961333333333278e+04
2.595500000000000000e+03,9.118429000000000428e+01,2.839018999999999293e-01,1.533775333333333219e+04
2.605500000000000000e+03,9.119144000000000005e+01,2.721211000000000046e-01,1.545637666666666883e+04
2.615500000000000000e+03,9.120857000000000880e+01,2.623255000000000448e-01,1.557544666666666672e+04
2.625500000000000000e+03,9.101000999999999408e+01,2.702181000000000166e-01,1.569496000000000095e+04
2.635500000000000000e+03,9.086856999999999118e+01,2.656896999999999176e-01,1.581495333333333292e+04
2.645500000000000000e+03,9.119714000000001874e+01,2.420540999999999943e-01,1.593539000000000306e+04
2.655500000000000000e+03,9.124715000000000487e+01,2.744213999999999820e-01,1.605627666666666846e+04
2.665500000000000000e+03,9.099142999999999404e+01,2.580531000000000352e-01,1.617763666666666722e+04
2.675500000000000000e+03,9.111285000000000878e+01,2.537327999999999806e-01,1.629943999999999869e+04
2.685500000000000000e+03,9.116285000000000593e+01,2.767818999999999696e-01,1.642171333333333314e+04
2.695500000000000000e+03,9.105858000000000629e+01,2.639096000000000219e-01,1.654444666666666308e+04
2.705500000000000000e+03,9.094427999999999201e+01,2.552680999999999978e-01,1.666763000000000102e+04
2.715500000000000000e+03,9.091715000000000657e+01,2.403609999999999913e-01,1.679126333333333241e+04
2.725500000000000000e+03,9.102715999999999497e+01,2.384247999999999923e-01,1.691536000000000058e+04
2.735500000000000000e+03,9.121142000000000394e+01,2.522388000000000408e-01,1.703991333333333750e+04
2.745500000000000000e+03,9.093143000000000598e+01,2.364764000000000033e-01,1.716493000000000029e+04
2.755500000000000000e+03,9.097142999999999802e+01,2.423303000000000262e-01,1.729039333333333343e+04
2.765500000000000000e+03,9.107428000000000168e+01,2.671716000000000091e-01,1.741633000000000175e+04
2.775500000000000000e+03,9.100856999999999175e+01,2.294691999999999843e-01,1.754270999999999913e+04
2.785500000000000000e+03,9.094713999999999032e+01,2.035548000000000357e-01,1.766955666666666366e+04
2.795500000000000000e+03,9.093426999999999794e+01,2.375742000000000131e-01,1.779687000000000262e+04
2.805500000000000000e+03,9.127715000000000600e+01,2.368250000000000077e-01,1.792461000000000058e+04
2.815500000000000000e+03,9.085713999999998691e+01,2.258682999999999941e-01,1.805282666666666773e+04
2.825500000000000000e+03,9.121286000000000627e+01,2.177224999999999855e-01,1.818151333333333241e+04
2.835500000000000000e+03,9.106000000000000227e+01,2.272683000000000342e-01,1.831063333333333139e+04
2.845500000000000000e+03,9.075713000000000363e+01,2.411235000000000461e-01,1.844021999999999753e+04
2.855500000000000000e+03,9.092428000000001020e+01,2.257630000000000192e-01,1.857026666666667006e+04
2.865500000000000000e+03,9.096856999999999971e+01,2.139667999999999848e-01,1.870076666666666642e+04
2.875500000000000000e+03,9.120143999999999096e+01,2.298950000000000160e-01,1.883173333333332994e+04
2.885500000000000000e+03,9.098284999999999911e+01,2.249919999999999976e-01,1.896315333333333547e+04
2.895500000000000000e+03,9.096000999999999692e+01,2.181515999999999733e-01,1.909503666666666322e+04
2.905500000000000000e+03,9.133714000000000510e+01,2.371062000000000169e-01,1.922737666666666701e+04
2.915500000000000000e+03,9.114141999999999655e+01,2.292699000000000265e-01,1.936015999999999985e+04
2.925500000000000000e+03,9.088000000000002387e+01,2.249294000000000016e-01,1.949340999999999985e+04
2.935500000000000000e+03,9.131002000000000862e+01,2.270710999999999979e-01,1.962710666666666657e+04
2.945500000000000000e+03,9.107570999999998662e+01,2.221903000000000072e-01,1.976127000000000044e+04
2.955500000000000000e+03,9.101712000000000558e+01,2.130790000000000184e-01,1.989589333333333343e+04
2.965500000000000000e+03,9.127857000000000198e+01,2.441010999999999598e-01,2.003096666666666715e+04
2.975500000000000000e+03,9.095856999999999459e+01,2.218609000000000275e-01,2.016651333333333241e+04
2.985500000000000000e+03,9.108715000000000828e+01,2.231767000000000056e-01,2.030248999999999796e+04
2.995500000000000000e+03,9.129143999999999437e+01,2.427454999999999752e-01,2.043894333333333634e+04
3.005500000000000000e+03,9.123429000000000144e+01,2.123581999999999970e-01,2.057584000000000378e+04
3.015500000000000000e+03,9.132571999999998980e+01,2.231249000000000149e-01,2.071320999999999913e+04
3.025500000000000000e+03,9.117428000000001020e+01,2.347300000000000220e-01,2.085102333333333809e+04
3.035500000000000000e+03,9.106716000000000122e+01,2.151947999999999916e-01,2.098930999999999767e+04
3.045500000000000000e+03,9.114284999999999570e+01,2.318466999999999612e-01,2.112804999999999927e+04
3.055500000000000000e+03,9.120571999999999946e+01,2.236440000000000095e-01,2.126725333333333401e+04
3.065500000000000000e+03,9.086571000000000708e+01,2.162726000000000093e-01,2.140688666666666541e+04
3.075500000000000000e+03,9.082143000000000654e+01,2.068867999999999818e-01,2.154699000000000160e+04
3.085500000000000000e+03,9.109000000000000341e+01,2.130837000000000148e-01,2.168755666666666366e+04
3.095500000000000000e+03,9.092427999999999599e+01,2.089753000000000027e-01,2.182858333333333212e+04
3.105500000000000000e+03,9.092712999999999113e+01,2.142844000000000138e-01,2.197006333333333168e+04
3.115500000000000000e+03,9.101286000000000342e+01,2.173999999999999821e-01,2.211200333333333401e+04
3.125500000000000000e+03,9.114713999999999317e+01,2.167008999999999741e-01,2.225440999999999985e+04
3.135500000000000000e+03,9.103143000000000029e+01,2.143937999999999955e-01,2.239725666666666439e+04
3.145500000000000000e+03,9.131000000000001648e+01,2.070984000000000158e-01,2.254057333333333736e+04
3.155500000000000000e+03,9.123429000000000144e+01,1.920421999999999962e-01,2.268434666666666453e+04
3.165500000000000000e+03,9.107286000000000570e+01,1.963562999999999836e-01,2.282856333333333168e+04
3.175500000000000000e+03,9.103143000000000029e+01,2.003795000000000159e-01,2.297326333333333605e+04
3.185500000000000000e+03,9.092429000000001338e+01,1.843565999999999816e-01,2.311840000000000146e+04
3.195500000000000000e+03,9.108857000000000426e+01,1.921139999999999792e-01,2.326400000000000000e+04
3.205500000000000000e+03,9.131856000000000506e+01,2.092722999999999944e-01,2.341006333333333168e+04
3.215500000000000000e+03,9.107855999999999597e+01,2.216102000000000349e-01,2.355658000000000175e+04
3.225500000000000000e+03,9.109999999999999432e+01,2.119638999999999829e-01,2.370356000000000495e+04
3.235500000000000000e+03,9.115571000000001334e+01,1.797741500000000214e-01,2.385100333333333401e+04
3.245500000000000000e+03,9.096858000000000288e+01,1.891261999999999943e-01,2.399888666666666541e+04
3.255500000000000000e+03,9.091858000000000573e+01,1.851931999999999745e-01,2.414724666666666599e+04
3.265500000000000000e+03,9.099572000000001992e+01,2.045230000000000103e-01,2.429604999999999563e+04
3.275500000000000000e+03,9.119855000000001155e+01,1.942328000000000110e-01,2.444532333333333008e+04
3.285500000000000000e+03,9.120287000000000432e+01,1.885553000000000090e-01,2.459504000000000087e+04
3.295500000000000000e+03,9.109572000000000003e+01,1.840313999999999839e-01,2.474522333333333518e+04
3.305500000000000000e+03,9.089714999999999634e+01,1.543770999999999893e-01,2.489586666666666497e+04
3.315500000000000000e+03,9.115286000000000399e+01,1.904895999999999812e-01,2.504696666666666715e+04
3.325500000000000000e+03,9.121856999999999971e+01,1.475677999999999712e-01,2.519852000000000044e+04
3.335500000000000000e+03,9.110426999999999964e+01,1.700140899999999788e-01,2.535054333333333489e+04
3.345500000000000000e+03,9.093713999999999942e+01,1.648842200000000258e-01,2.550300000000000000e+04
3.355500000000000000e+03,9.090144000000000801e+01,1.836545999999999734e-01,2.565594000000000233e+04
3.365500000000000000e+03,9.116714999999999236e+01,1.515753599999999923e-01,2.580933000000000175e+04
3.375500000000000000e+03,9.104285000000000139e+01,1.612582899999999986e-01,2.596317666666666628e+04
3.385500000000000000e+03,9.095857000000000880e+01,1.468704299999999963e-01,2.611746666666666715e+04
3.395500000000000000e+03,9.097571000000000652e+01,1.606831099999999901e-01,2.627222999999999956e+04
3.405500000000000000e+03,9.105288000000000181e+01,1.693306000000000255e-01,2.642745666666666511e+04
3.415500000000000000e+03,9.090000000000000568e+01,1.373484300000000213e-01,2.658312000000000262e+04
3.425500000000000000e+03,9.088569999999999993e+01,1.340542500000000137e-01,2.673924666666666599e+04
3.435500000000000000e+03,9.095714999999998440e+01,1.519596799999999859e-01,2.689583666666666977e+04
3.445500000000000000e+03,9.081572000000001310e+01,1.469812299999999905e-01,2.705287999999999738e+04
3.455500000000000000e+03,9.095426999999999396e+01,1.364028199999999802e-01,2.721038333333333139e+04
3.465500000000000000e+03,9.129285999999999035e+01,1.319811500000000193e-01,2.736834333333333416e+04
3.475500000000000000e+03,9.089285999999999888e+01,1.676008999999999971e-01,2.752676666666667006e+04
3.485500000000000000e+03,9.118284000000001299e+01,1.404297100000000131e-01,2.768564333333333343e+04
3.495500000000000000e+03,9.121856999999999971e+01,1.391295300000000013e-01,2.784497666666667283e+04
3.505500000000000000e+03,9.106570000000000675e+01,1.154769800000000207e-01,2.800475999999999840e+04
3.515500000000000000e+03,9.110999999999999943e+01,1.549523899999999954e-01,2.816501666666667006e+04
3.525500000000000000e+03,9.120714000000000965e+01,1.301437800000000145e-01,2.832572000000000116e+04
3.535500000000000000e+03,9.075144000000000233e+01,1.350280100000000039e-01,2.848687999999999738e+04
3.545500000000000000e+03,9.091857000000000255e+01,1.375337500000000102e-01,2.864849666666666599e+04
3.555500000000000000e+03,9.080715000000000714e+01,1.370674500000000351e-01,2.881057333333333372e+04
3.565500000000000000e+03,9.101142999999999006e+01,1.403569799999999645e-01,2.897310999999999694e+04
3.575500000000000000e+03,9.092143000000000086e+01,1.245892900000000053e-01,2.913610666666666657e+04
3.585500000000000000e+03,9.101570000000000960e+01,1.317959400000000003e-01,2.929956000000000495e+04
3.595500000000000000e+03,9.079428999999998950e+01,1.439072699999999760e-01,2.946345333333333110e+04
3.605500000000000000e+03,9.083856999999999005e+01,1.178874699999999942e-01,2.962782333333334100e+04
3.615500000000000000e+03,9.105714999999999293e+01,1.401756200000000008e-01,2.979264000000000306e+04
3.625500000000000000e+03,9.116284999999999172e+01,1.065231800000000090e-01,2.995792333333333954e+04
3.635500000000000000e+03,9.095286999999999011e+01,1.399317700000000109e-01,3.012365333333333183e+04
3.645500000000000000e+03,9.090000000000000568e+01,1.065837199999999790e-01,3.028984333333333416e+04
3.655500000000000000e+03,9.106000999999999124e+01,1.024101500000000053e-01,3.045649333333333561e+04
3.665500000000000000e+03,9.077428999999999348e+01,1.246900900000000034e-01,3.062360666666666657e+04
3.675500000000000000e+03,9.099429000000000656e+01,1.134797899999999971e-01,3.079117333333333227e+04
3.685500000000000000e+03,9.129572000000000287e+01,1.160464100000000026e-01,3.095919000000000233e+04
3.695500000000000000e+03,9.089285999999999888e+01,1.245433800000000091e-01,3.112767666666665900e+04
3.705500000000000000e+03,9.085857999999998924e+01,1.004989000000000160e-01,3.129660999999999694e+04
3.715500000000000000e+03,9.102286000000000854e+01,1.261164099999999844e-01,3.146599999999999272e+04
3.725500000000000000e+03,9.097856000000000165e+01,1.127999699999999994e-01,3.163585000000000582e+04
3.735500000000000000e+03,9.103999000000000308e+01,1.106179899999999855e-01,3.180615333333333183e+04
3.745500000000000000e+03,9.059142999999998835e+01,1.057499799999999934e-01,3.197693333333333794e+04
3.755500000000000000e+03,9.102998999999999796e+01,1.154469099999999998e-01,3.214816333333333023e+04
3.765500000000000000e+03,9.087716000000001770e+01,1.194268200000000030e-01,3.231984666666666817e+04
3.775500000000000000e+03,9.081429999999998870e+01,1.255479800000000312e-01,3.249198666666666395e+04
3.785500000000000000e+03,9.093998999999999455e+01,1.059214700000000037e-01,3.266457999999999811e+04
3.795500000000000000e+03,9.079429000000000372e+01,1.029618100000000147e-01,3.283762999999999010e+04
3.805500000000000000e+03,9.053857999999999606e+01,1.100479300000000160e-01,3.301115000000000146e+04
3.815500000000000000e+03,9.052286999999998329e+01,1.006404799999999905e-01,3.318512666666666337e+04
3.825500000000000000e+03,9.085715999999999326e+01,1.183303899999999798e-01,3.335957333333334100e+04
3.835500000000000000e+03,9.081858000000001141e+01,9.188875999999999988e-02,3.353444000000000233e+04
3.845500000000000000e+03,9.108288000000000295e+01,1.114466199999999824e-01,3.370978666666666686e+04
3.855500000000000000e+03,9.105429999999999779e+01,8.162725999999999316e-02,3.388559999999999854e+04
3.865500000000000000e+03,9.101002000000001146e+01,9.037980999999999099e-02,3.406185666666666657e+04
3.875500000000000000e+03,9.054142999999999120e+01,8.457923000000000524e-02,3.423857333333333372e+04
3.885500000000000000e+03,9.075428999999999746e+01,8.250407000000001267e-02,3.441574666666665871e+04
3.895500000000000000e+03,9.080142000000000735e+01,8.132556999999999980e-02,3.459338333333332412e+04
3.905500000000000000e+03,9.070714000000000965e+01,8.946202999999999794e-02,3.477148333333333721e+04
3.915500000000000000e+03,9.082142999999999233e+01,8.754557000000000311e-02,3.495001666666666279e+04
3.925500000000000000e+03,9.078858000000001027e+01,7.615366999999999276e-02,3.512903333333334012e+04
3.935500000000000000e+03,9.053284999999999627e+01,8.700383000000000422e-02,3.530850000000000728e+04
3.945500000000000000e+03,9.093571000000000026e+01,7.215064999999999673e-02,3.548841999999999825e+04
3.955500000000000000e+03,9.069144000000000005e+01,9.008266000000000884e-02,3.566881000000000495e+04
3.965500000000000000e+03,9.064858000000000970e+01,7.949523000000000006e-02,3.584962999999999010e+04
3.975500000000000000e+03,9.076714000000001192e+01,7.387478999999999574e-02,3.603094333333333634e+04
3.985500000000000000e+03,9.044284000000001811e+01,9.154953000000000396e-02,3.621267666666665900e+04
3.995500000000000000e+03,9.071143000000000711e+01,7.238458000000000392e-02,3.639488333333333139e+04
4.005500000000000000e+03,9.087573000000000434e+01,8.068126000000000464e-02,3.657754666666666890e+04
4.015500000000000000e+03,9.100285999999999831e+01,8.880369999999999930e-02,3.676066333333333023e+04
4.025500000000000000e+03,9.076572999999999070e+01,7.124354000000000797e-02,3.694423666666666395e+04
4.035500000000000000e+03,9.053427999999999543e+01,7.985151999999999528e-02,3.712827333333333081e+04
4.045500000000000000e+03,9.061285999999999774e+01,6.636190000000000144e-02,3.731276333333334333e+04
4.055500000000000000e+03,9.056714999999999804e+01,5.966719999999999663e-02,3.749771999999999389e+04
4.065500000000000000e+03,9.055285999999999547e+01,6.501775999999999389e-02,3.768312000000000262e+04
4.075500000000000000e+03,9.040570999999998492e+01,6.199860999999999567e-02,3.786899333333333198e+04
4.085500000000000000e+03,9.087430000000000518e+01,6.349863000000000035e-02,3.805532333333333372e+04
4.095500000000000000e+03,9.089142999999998551e+01,4.702684000000000031e-02,3.824208666666666250e+04
4.105500000000000000e+03,9.078999000000000308e+01,5.927767999999999926e-02,3.842932333333333372e+04
4.115500000000000000e+03,9.075285999999999831e+01,6.656174000000000812e-02,3.861701333333332877e+04
4.125500000000000000e+03,9.078712999999999056e+01,6.382344000000000905e-02,3.880517666666665900e+04
4.135500000000000000e+03,9.081713999999998066e+01,5.428209999999999980e-02,3.899377333333333081e+04
4.145500000000000000e+03,9.061857000000000539e+01,5.789863000000000648e-02,3.918283999999999651e+04
4.155500000000000000e+03,9.063284999999999059e+01,7.081838999999999495e-02,3.937237333333332936e+04
4.165500000000000000e+03,9.091429000000000826e+01,6.703046999999999478e-02,3.956235333333333256e+04
4.175500000000000000e+03,9.090712000000000614e+01,5.943989999999998997e-02,3.975279333333333489e+04
4.185500000000000000e+03,9.089427999999999486e+01,5.607178999999999636e-02,3.994369999999999709e+04
4.195500000000000000e+03,9.084999999999999432e+01,6.636082000000000092e-02,4.013504666666666162e+04
4.205500000000000000e+03,9.075714999999999577e+01,3.833282999999999829e-02,4.032686999999999534e+04
4.215500000000000000e+03,9.078429999999998756e+01,5.981228000000000933e-02,4.051913999999999942e+04
4.225500000000000000e+03,9.114713999999999317e+01,5.680452999999999891e-02,4.071186666666666861e+04
4.235500000000000000e+03,9.104426999999999737e+01,5.000940999999999720e-02,4.090505999999999767e+04
4.245500000000000000e+03,9.105142999999999631e+01,5.243105999999999461e-02,4.109870333333333110e+04
4.255500000000000000e+03,9.073857999999998469e+01,3.034935999999999884e-02,4.129280333333332965e+04
4.265500000000000000e+03,9.103857000000000710e+01,5.317254000000000425e-02,4.148736999999999534e+04
4.275500000000000000e+03,9.107713999999998578e+01,5.053904000000000035e-02,4.168237666666666337e+04
4.285500000000000000e+03,9.109856999999999516e+01,4.628981999999999541e-02,4.187787000000000262e+04
4.295500000000000000e+03,9.104429000000000372e+01,5.009187999999999835e-02,4.207379000000000087e+04
4.305500000000000000e+03,9.078286999999998841e+01,5.199882000000000115e-02,4.227018333333333430e+04
4.315500000000000000e+03,9.095428999999998609e+01,5.011681999999999249e-02,4.246702999999999884e+04
4.325500000000000000e+03,9.078716000000000008e+01,4.621146999999999755e-02,4.266433666666666250e+04
4.335500000000000000e+03,9.086999000000000137e+01,4.692744999999999556e-02,4.286210666666667385e+04
4.345500000000000000e+03,9.079999000000000819e+01,3.809069999999999817e-02,4.306032666666667501e+04
4.355500000000000000e+03,9.091427999999999088e+01,5.090278000000000164e-02,4.325901333333332877e+04
4.365500000000000000e+03,9.085284000000000049e+01,3.780160999999999938e-02,4.345814666666666744e+04
4.375500000000000000e+03,9.087573000000000434e+01,4.765782000000000351e-02,4.365772666666666919e+04
4.385500000000000000e+03,9.100001000000000317e+01,3.515359999999999319e-02,4.385777333333333809e+04
4.395500000000000000e+03,9.074145000000001460e+01,4.127573999999999826e-02,4.405828333333333285e+04
4.405500000000000000e+03,9.094571000000000538e+01,4.619003000000000692e-02,4.425925999999999476e+04
4.415500000000000000e+03,9.103001999999999327e+01,3.360664000000000012e-02,4.446068000000000029e+04
4.425500000000000000e+03,9.083714000000000510e+01,3.927188000000000206e-02,4.466255999999999767e+04
4.435500000000000000e+03,9.091001999999998873e+01,3.442732000000000431e-02,4.486489999999999418e+04
4.445500000000000000e+03,9.121571999999999036e+01,3.944140999999999619e-02,4.506770333333332383e+04
4.455500000000000000e+03,9.090570999999998492e+01,3.419693000000000038e-02,4.527096666666666715e+04
4.465500000000000000e+03,9.086570000000000391e+01,3.067577999999999624e-02,4.547466999999999825e+04
4.475500000000000000e+03,9.090142000000000166e+01,3.853425000000000600e-02,4.567884666666667181e+04
4.485500000000000000e+03,9.106000000000000227e+01,3.453770000000000451e-02,4.588347333333334245e+04
4.495500000000000000e+03,9.076429000000000258e+01,3.215897000000000200e-02,4.608857000000000698e+04
4.505500000000000000e+03,9.097857000000000482e+01,3.189724000000000032e-02,4.629411333333332732e+04
4.515500000000000000e+03,9.089572000000001140e+01,2.896369999999999847e-02,4.650011999999999534e+04
4.525500000000000000e+03,9.119572999999999752e+01,3.048142000000000212e-02,4.670656999999999971e+04
4.535500000000000000e+03,9.102857000000000198e+01,2.751255000000000367e-02,4.691349000000000524e+04
4.545500000000000000e+03,9.096572000000000457e+01,2.753989999999999910e-02,4.712087333333333663e+04
4.555500000000000000e+03,9.100285999999999831e+01,2.967724000000000056e-02,4.732870333333333110e+04
4.565500000000000000e+03,9.099856000000001188e+01,3.412965999999999916e-02,4.753700000000000000e+04
4.575500000000000000e+03,9.106714000000000908e+01,2.717450000000000074e-02,4.774574333333333198e+04
4.585500000000000000e+03,9.115716000000000463e+01,3.034533000000000369e-02,4.795496333333333314e+04
4.595500000000000000e+03,9.094715999999998246e+01,3.323811999999999600e-02,4.816462333333332936e+04
4.605500000000000000e+03,9.101001999999999725e+01,2.806357999999999769e-02,4.837475333333334129e+04
4.615500000000000000e+03,9.104713999999999885e+01,3.032215999999999731e-02,4.858533333333332848e+04
4.625500000000000000e+03,9.095427999999998292e+01,2.511375999999999539e-02,4.879637666666666337e+04
4.635500000000000000e+03,9.111713999999999203e+01,2.473601000000000272e-02,4.900788999999999942e+04
4.645500000000000000e+03,9.106859000000000037e+01,2.941675999999999666e-02,4.921984666666666453e+04
4.655500000000000000e+03,9.105855999999999995e+01,2.775566000000000491e-02,4.943225666666666802e+04
4.665500000000000000e+03,9.116857000000001676e+01,3.297433999999999782e-02,4.964513999999999942e+04
4.675500000000000000e+03,9.095286999999999011e+01,2.599978000000000011e-02,4.985846333333333314e+04
4.685500000000000000e+03,9.104712000000000671e+01,2.559808000000000222e-02,5.007225999999999476e+04
4.695500000000000000e+03,9.121856999999998550e+01,2.705043000000000378e-02,5.028649666666665871e+04
4.705500000000000000e+03,9.106857000000000824e+01,3.119698999999999736e-02,5.050120666666667239e+04
4.715500000000000000e+03,9.083856999999999005e+01,2.835907999999999832e-02,5.071636999999999534e+04
4.725500000000000000e+03,9.108856999999999005e+01,2.866788999999999449e-02,5.093198666666666395e+04
4.735500000000000000e+03,9.109857999999999834e+01,2.604987000000000275e-02,5.114806666666666570e+04
4.745500000000000000e+03,9.101427999999999940e+01,2.486382999999999649e-02,5.136460000000000582e+04
4.755500000000000000e+03,9.112142000000001474e+01,2.442961999999999564e-02,5.158160333333333983e+04
4.765500000000000000e+03,9.109856999999999516e+01,2.733743000000000284e-02,5.179905000000000291e+04
4.775500000000000000e+03,9.096999999999999886e+01,2.787788999999999892e-02,5.201695999999999913e+04
4.785500000000000000e+03,9.104286000000000456e+01,2.574211999999999681e-02,5.223533333333332848e+04
4.795500000000000000e+03,9.106713999999999487e+01,2.538922000000000054e-02,5.245415666666667676e+04
4.805500000000000000e+03,9.107000000000000739e+01,2.432205999999999604e-02,5.267348333333333721e+04
4.815500000000000000e+03,9.114856999999999232e+01,2.570566000000000170e-02,5.289325999999999476e+04
4.825500000000000000e+03,9.104427999999998633e+01,2.423492999999999828e-02,5.311350666666666802e+04
4.835500000000000000e+03,9.108714000000000510e+01,2.433768999999999863e-02,5.333419999999999709e+04
4.845500000000000000e+03,9.112143000000000370e+01,2.525014999999999898e-02,5.355534666666665726e+04
4.855500000000000000e+03,9.095714999999999861e+01,2.559925000000000048e-02,5.377696333333333314e+04
4.865500000000000000e+03,9.106571999999998468e+01,2.660239999999999827e-02,5.399903666666666686e+04
4.875500000000000000e+03,9.119571000000000538e+01,2.491802000000000253e-02,5.422155999999999767e+04
4.885500000000000000e+03,9.108572000000000912e+01,2.412062999999999707e-02,5.444453666666666686e+04
4.895500000000000000e+03,9.114285000000000991e+01,2.572473000000000121e-02,5.466797666666666191e+04
4.905500000000000000e+03,9.101856000000000790e+01,2.481333000000000150e-02,5.489187666666666337e+04
4.915500000000000000e+03,9.109430000000000405e+01,2.417108999999999924e-02,5.511623333333333721e+04
4.925500000000000000e+03,9.118143000000000598e+01,2.409076999999999746e-02,5.534103666666665958e+04
4.935500000000000000e+03,9.105428000000000566e+01,2.734547999999999840e-02,5.556631666666666570e+04
4.945500000000000000e+03,9.117284999999999684e+01,2.533637000000000389e-02,5.579203999999999360e+04
4.955500000000000000e+03,9.110712999999999795e+01,2.487933000000000158e-02,5.601822666666666191e+04
4.965500000000000000e+03,9.117999999999999261e+01,3.188406000000000573e-02,5.624486666666667588e+04
4.975500000000000000e+03,9.117143000000000086e+01,2.786121999999999904e-02,5.647196333333333314e+04
4.985500000000000000e+03,9.123284999999999911e+01,2.392245999999999956e-02,5.669952000000000407e+04
4.995500000000000000e+03,9.112001000000000772e+01,2.394378999999999952e-02,5.692753666666666686e+04
