5.500000000000000000e+00,8.955000000000001137e+01,6.804963000000000761e+01,7.229958833333333112e-02
1.550000000000000000e+01,8.276000000000001933e+01,2.113260000000000360e+01,4.167733000000000132e-01
2.550000000000000000e+01,8.759856000000000620e+01,1.464935000000000187e+01,1.061814099999999872e+00
3.550000000000000000e+01,8.472857000000000482e+01,9.619466000000000960e+00,2.004844666666666608e+00
4.550000000000000000e+01,8.603713999999999373e+01,7.460388000000000019e+00,3.245868666666666513e+00
5.550000000000000000e+01,8.462856000000000734e+01,6.728423999999999516e+00,4.785066666666667246e+00
6.550000000000000000e+01,8.270714000000000965e+01,6.350104999999999222e+00,6.620882333333332426e+00
7.550000000000000000e+01,8.084286000000000172e+01,5.068986999999999910e+00,8.752466000000000079e+00
8.550000000000000000e+01,8.233858999999999639e+01,4.013618000000000130e+00,1.118146666666666533e+01
9.550000000000000000e+01,8.319571000000000538e+01,3.583172999999999941e+00,1.390686000000000000e+01
1.055000000000000000e+02,8.384855999999999199e+01,2.912515699999999708e+00,1.692999666666666769e+01
1.155000000000000000e+02,8.690716000000000463e+01,2.886787299999999945e+00,2.024987666666666897e+01
1.255000000000000000e+02,8.640430000000000632e+01,3.263649000000000022e+00,2.386781333333333421e+01
1.355000000000000000e+02,8.732998999999999512e+01,3.208321000000000200e+00,2.778750666666666547e+01
1.455000000000000000e+02,8.686857000000000539e+01,2.943416000000000032e+00,3.200198333333334233e+01
1.555000000000000000e+02,8.823143000000001734e+01,2.951162599999999969e+00,3.651068333333333271e+01
1.655000000000000000e+02,8.975714000000000681e+01,2.713840999999999948e+00,4.131460333333332358e+01
1.755000000000000000e+02,8.743143000000000598e+01,2.501733999999999902e+00,4.641325333333333703e+01
1.855000000000000000e+02,8.807857000000001335e+01,2.071269700000000213e+00,5.180677666666666425e+01
1.955000000000000000e+02,8.821000999999998271e+01,2.069817700000000205e+00,5.749501333333332553e+01
2.055000000000000000e+02,8.771142000000000394e+01,2.270553600000000394e+00,6.347822666666665725e+01
2.155000000000000000e+02,8.843858000000000175e+01,1.870833900000000272e+00,6.975678666666667027e+01
2.255000000000000000e+02,8.830141999999999314e+01,2.115070000000000228e+00,7.633087666666666848e+01
2.355000000000000000e+02,8.838715999999998019e+01,2.059244999999999770e+00,8.320129666666666424e+01
2.455000000000000000e+02,9.017140999999999451e+01,1.940447000000000033e+00,9.036817666666667037e+01
2.555000000000000000e+02,8.764858999999999867e+01,1.927734999999999754e+00,9.783095333333332633e+01
2.655000000000000000e+02,8.995429000000000030e+01,1.693111000000000033e+00,1.055889999999999844e+02
2.755000000000000000e+02,9.003428999999998439e+01,1.820384000000000002e+00,1.136433333333333167e+02
2.855000000000000000e+02,9.035714000000000112e+01,1.509799999999999809e+00,1.219932666666666563e+02
2.955000000000000000e+02,9.036571000000000708e+01,1.511155000000000026e+00,1.306377666666666642e+02
3.055000000000000000e+02,9.075571000000000765e+01,1.482480000000000020e+00,1.395775333333333208e+02
3.155000000000000000e+02,9.065571000000001334e+01,1.246961000000000208e+00,1.488146666666666817e+02
3.255000000000000000e+02,9.026572000000000173e+01,1.250379000000000129e+00,1.583472333333333495e+02
3.355000000000000000e+02,9.130143999999998528e+01,1.219387699999999963e+00,1.681773333333333369e+02
3.455000000000000000e+02,9.196998999999999569e+01,1.145676900000000220e+00,1.783043666666666809e+02
3.555000000000000000e+02,9.107999999999999829e+01,9.133744999999999781e-01,1.887318000000000211e+02
3.655000000000000000e+02,9.094285000000000707e+01,8.435659000000000907e-01,1.994569666666666876e+02
3.755000000000000000e+02,9.070286000000000115e+01,1.087029400000000035e+00,2.104790666666666823e+02
3.855000000000000000e+02,9.138714000000000226e+01,1.080779000000000156e+00,2.217974999999999852e+02
3.955000000000000000e+02,9.044429999999999836e+01,8.927861999999999743e-01,2.334136666666666713e+02
4.055000000000000000e+02,9.187856000000000734e+01,1.004694799999999999e+00,2.453270666666666671e+02
4.155000000000000000e+02,9.199712999999999852e+01,8.177229999999999777e-01,2.575377666666666983e+02
4.255000000000000000e+02,9.156426999999999339e+01,7.075168000000000568e-01,2.700457666666666228e+02
4.355000000000000000e+02,9.141000999999999976e+01,8.926319999999998700e-01,2.828500999999999976e+02
4.455000000000000000e+02,9.189572000000001140e+01,9.532116999999999951e-01,2.959526333333333810e+02
4.555000000000000000e+02,9.182429000000000485e+01,7.890386000000001454e-01,3.093518666666666377e+02
4.655000000000000000e+02,9.151712999999999454e+01,8.809964000000001239e-01,3.230493333333333226e+02
4.755000000000000000e+02,9.133570000000000277e+01,1.043167899999999815e+00,3.370464666666666744e+02
4.855000000000000000e+02,9.163856000000001245e+01,8.873004999999999365e-01,3.513455333333333215e+02
4.955000000000000000e+02,9.187142000000001474e+01,9.662290999999999519e-01,3.659423666666666577e+02
5.055000000000000000e+02,9.170713999999999544e+01,7.571822000000000275e-01,3.808381333333333600e+02
5.155000000000000000e+02,9.123570000000000846e+01,5.725770000000000026e-01,3.960311333333333437e+02
5.255000000000000000e+02,9.097571000000000652e+01,6.101870999999999823e-01,4.115232333333333372e+02
5.355000000000000000e+02,9.135858000000000345e+01,7.185774999999999801e-01,4.273129999999999882e+02
5.455000000000000000e+02,9.198999000000000592e+01,8.732561000000000906e-01,4.434017666666666742e+02
5.555000000000000000e+02,9.154141999999998802e+01,1.017683000000000115e+00,4.597888666666665927e+02
5.655000000000000000e+02,9.151286000000000342e+01,6.427441999999999878e-01,4.764743666666666968e+02
5.755000000000000000e+02,9.119857000000000369e+01,6.640339000000000658e-01,4.934587000000000216e+02
5.855000000000000000e+02,9.144001000000000090e+01,5.207070999999999783e-01,5.107402999999999338e+02
5.955000000000000000e+02,9.118428000000000111e+01,8.547135999999999623e-01,5.283173666666665440e+02
6.055000000000000000e+02,9.061570999999999287e+01,7.347985000000000211e-01,5.461923666666666577e+02
6.155000000000000000e+02,9.123143999999999210e+01,6.769849999999999479e-01,5.643676000000001522e+02
6.255000000000000000e+02,9.158714000000000510e+01,8.331224000000000407e-01,5.828416333333332204e+02
6.355000000000000000e+02,9.049857999999998981e+01,7.411219000000000001e-01,6.016131333333332805e+02
6.455000000000000000e+02,9.148287000000000546e+01,8.549453999999998555e-01,6.206830333333334693e+02
6.555000000000000000e+02,9.069714999999999350e+01,9.115914000000000517e-01,6.400515666666667585e+02
6.655000000000000000e+02,9.104713999999998464e+01,6.682735000000000758e-01,6.597188999999999623e+02
6.755000000000000000e+02,9.140142000000000166e+01,7.605649000000000992e-01,6.796863666666665722e+02
6.855000000000000000e+02,9.099712999999999852e+01,7.986709999999999088e-01,6.999547666666667283e+02
6.955000000000000000e+02,9.164858000000000970e+01,8.062257000000000451e-01,7.205229333333332988e+02
7.055000000000000000e+02,9.172570999999999231e+01,7.037425999999999959e-01,7.413898333333332857e+02
7.155000000000000000e+02,9.198856999999999573e+01,6.276937000000001321e-01,7.625548999999998614e+02
7.255000000000000000e+02,9.173144999999999527e+01,7.614853000000000316e-01,7.840202000000000453e+02
7.355000000000000000e+02,9.160571000000000197e+01,5.844407999999999825e-01,8.057852333333333945e+02
7.455000000000000000e+02,9.203999999999999204e+01,6.009945999999999344e-01,8.278494666666667854e+02
7.555000000000000000e+02,9.193143000000000598e+01,6.725203999999999072e-01,8.502145000000000437e+02
7.655000000000000000e+02,9.179142999999999120e+01,6.356146999999999769e-01,8.728799666666666326e+02
7.755000000000000000e+02,9.225856999999999175e+01,6.724254000000000620e-01,8.958460666666667294e+02
7.855000000000000000e+02,9.215570999999999913e+01,5.950262000000000606e-01,9.191121999999999161e+02
7.955000000000000000e+02,9.217571000000000936e+01,7.403410000000000268e-01,9.426775000000000091e+02
8.055000000000000000e+02,9.189712999999997578e+01,6.287840000000001206e-01,9.665412666666665018e+02
8.155000000000000000e+02,9.215143000000000484e+01,7.972501999999999089e-01,9.907041666666667652e+02
8.255000000000000000e+02,9.190144999999998277e+01,6.655121999999999982e-01,1.015165999999999940e+03
8.355000000000000000e+02,9.199284999999999002e+01,6.063173999999998953e-01,1.039925999999999931e+03
8.455000000000000000e+02,9.239999000000000251e+01,7.117303999999999853e-01,1.064985333333333301e+03
8.555000000000000000e+02,9.221143999999999608e+01,6.556933999999999818e-01,1.090343000000000075e+03
8.655000000000000000e+02,9.215715000000001567e+01,5.777399000000000839e-01,1.115999333333333652e+03
8.755000000000000000e+02,9.223284999999999911e+01,5.421928999999999776e-01,1.141951666666666597e+03
8.855000000000000000e+02,9.170286000000000115e+01,6.474721999999999422e-01,1.168207666666666682e+03
8.955000000000000000e+02,9.256859000000000037e+01,5.681573999999999236e-01,1.194756333333333259e+03
9.055000000000000000e+02,9.211857000000000539e+01,5.650849999999999485e-01,1.221605666666666593e+03
9.155000000000000000e+02,9.188858999999999355e+01,5.018513000000000002e-01,1.248754000000000133e+03
9.255000000000000000e+02,9.204143000000000541e+01,6.882344000000000239e-01,1.276200666666666621e+03
9.355000000000000000e+02,9.242141999999999769e+01,5.415453000000001182e-01,1.303945666666666511e+03
9.455000000000000000e+02,9.184141999999999939e+01,3.995193900000000298e-01,1.331988666666666631e+03
9.555000000000000000e+02,9.265572000000000230e+01,5.285879999999999468e-01,1.360331999999999880e+03
9.655000000000000000e+02,9.199712999999999852e+01,4.535221999999999865e-01,1.388972333333333381e+03
9.755000000000000000e+02,9.189428000000000907e+01,4.113024999999999598e-01,1.417913999999999987e+03
9.855000000000000000e+02,9.216285000000000593e+01,4.999222999999999861e-01,1.447155000000000200e+03
9.955000000000000000e+02,9.195143999999999096e+01,4.070246000000000697e-01,1.476694666666666762e+03
1.005500000000000000e+03,9.233428999999999576e+01,4.161787999999999599e-01,1.506534000000000106e+03
1.015500000000000000e+03,9.234283999999999537e+01,4.598513000000000739e-01,1.536671666666666624e+03
1.025500000000000000e+03,9.209144000000000574e+01,3.941995999999999833e-01,1.567107999999999947e+03
1.035500000000000000e+03,9.201714000000001192e+01,4.758256000000000152e-01,1.597846666666666806e+03
1.045500000000000000e+03,9.224429000000000656e+01,4.629632000000000192e-01,1.628885333333333392e+03
1.055500000000000000e+03,9.191285000000000593e+01,5.218300000000001271e-01,1.660223666666666759e+03
1.065500000000000000e+03,9.207001999999999953e+01,4.861603999999999925e-01,1.691861999999999853e+03
1.075500000000000000e+03,9.228427999999999543e+01,5.708532000000000606e-01,1.723799333333333607e+03
1.085500000000000000e+03,9.221000000000000796e+01,5.184162999999999411e-01,1.756037333333333208e+03
1.095500000000000000e+03,9.215287000000000717e+01,4.944359000000000393e-01,1.788573666666666668e+03
1.105500000000000000e+03,9.231000000000001648e+01,5.447340000000000515e-01,1.821410333333333256e+03
1.115500000000000000e+03,9.219998999999999967e+01,5.242905999999999400e-01,1.854548666666666350e+03
1.125500000000000000e+03,9.225570999999999344e+01,5.335189000000000181e-01,1.887987333333333254e+03
1.135500000000000000e+03,9.234427999999999770e+01,4.539035000000000153e-01,1.921725333333333083e+03
1.145500000000000000e+03,9.210999999999998522e+01,4.356487999999999472e-01,1.955761999999999944e+03
1.155500000000000000e+03,9.222714000000000567e+01,4.771330999999999212e-01,1.990099333333333107e+03
1.165500000000000000e+03,9.226142000000000110e+01,4.393421000000000132e-01,2.024734666666666726e+03
1.175500000000000000e+03,9.228143000000000029e+01,4.338780999999999888e-01,2.059669666666666672e+03
1.185500000000000000e+03,9.236285999999999774e+01,4.141093999999999609e-01,2.094904000000000451e+03
1.195500000000000000e+03,9.239142999999999972e+01,4.724982999999999822e-01,2.130434666666666999e+03
1.205500000000000000e+03,9.231284999999999741e+01,3.958454000000000139e-01,2.166265333333333729e+03
1.215500000000000000e+03,9.251427999999999940e+01,4.154550999999999661e-01,2.202396666666666533e+03
1.225500000000000000e+03,9.258999000000000024e+01,4.317230999999999708e-01,2.238826666666666824e+03
1.235500000000000000e+03,9.237143000000000370e+01,4.453460999999999670e-01,2.275553666666667141e+03
1.245500000000000000e+03,9.251572000000000173e+01,4.248103000000000296e-01,2.312579000000000178e+03
1.255500000000000000e+03,9.242857000000000767e+01,4.018464999999999954e-01,2.349902666666666391e+03
1.265500000000000000e+03,9.218287000000000830e+01,4.322614999999999652e-01,2.387524666666666690e+03
1.275500000000000000e+03,9.217428000000001020e+01,3.857597000000000387e-01,2.425445000000000618e+03
1.285500000000000000e+03,9.255858999999998105e+01,3.952630000000000310e-01,2.463663333333332957e+03
1.295500000000000000e+03,9.271857000000001392e+01,4.172851999999999673e-01,2.502181666666666843e+03
1.305500000000000000e+03,9.243429000000000428e+01,4.349503000000000119e-01,2.540997333333333245e+03
1.315500000000000000e+03,9.233999999999998920e+01,4.229748999999999870e-01,2.580111333333333278e+03
1.325500000000000000e+03,9.210856999999998607e+01,3.842858999999999581e-01,2.619526999999999589e+03
1.335500000000000000e+03,9.212999999999999545e+01,4.155524999999999913e-01,2.659239000000000033e+03
1.345500000000000000e+03,9.227285999999999433e+01,3.866505999999999554e-01,2.699250999999999749e+03
1.355500000000000000e+03,9.229285999999999035e+01,4.320808999999999900e-01,2.739561333333333096e+03
1.365500000000000000e+03,9.236571999999999605e+01,4.218460000000000543e-01,2.780170333333333019e+03
1.375500000000000000e+03,9.233998000000001127e+01,4.457383000000000317e-01,2.821078666666666777e+03
1.385500000000000000e+03,9.194571000000000538e+01,4.144279000000000157e-01,2.862284999999999854e+03
1.395500000000000000e+03,9.216141000000000361e+01,3.975161999999999862e-01,2.903789333333333161e+03
1.405500000000000000e+03,9.253000999999999010e+01,3.947673999999999905e-01,2.945593666666666195e+03
1.415500000000000000e+03,9.249571999999999150e+01,3.827377000000000140e-01,2.987697333333333518e+03
1.425500000000000000e+03,9.208144000000000062e+01,3.475318000000000018e-01,3.030099999999999454e+03
1.435500000000000000e+03,9.244285999999999603e+01,3.780283999999999867e-01,3.072799666666666781e+03
1.445500000000000000e+03,9.217284999999999684e+01,3.557116999999999640e-01,3.115799666666666781e+03
1.455500000000000000e+03,9.237284999999999968e+01,4.019053000000000209e-01,3.159097666666667010e+03
1.465500000000000000e+03,9.238572999999999524e+01,3.794029999999999903e-01,3.202694333333333361e+03
1.475500000000000000e+03,9.238142000000000564e+01,3.919497000000000120e-01,3.246590666666666493e+03
1.485500000000000000e+03,9.229000999999998101e+01,4.161948000000000869e-01,3.290783999999999651e+03
1.495500000000000000e+03,9.203857999999999606e+01,3.806585000000000663e-01,3.335276666666666188e+03
1.505500000000000000e+03,9.213857000000000141e+01,4.156697000000000308e-01,3.380066333333333205e+03
1.515500000000000000e+03,9.242428000000001020e+01,4.275432000000000121e-01,3.425157000000000153e+03
1.525500000000000000e+03,9.224285999999999319e+01,3.730938999999999783e-01,3.470544666666667126e+03
1.535500000000000000e+03,9.255714000000000397e+01,3.873617999999999784e-01,3.516231999999999061e+03
1.545500000000000000e+03,9.233427999999999258e+01,4.071375999999999884e-01,3.562218666666666650e+03
1.555500000000000000e+03,9.230141000000000417e+01,3.740630999999999817e-01,3.608504333333333307e+03
1.565500000000000000e+03,9.213428000000001816e+01,3.881391999999999620e-01,3.655089333333333343e+03
1.575500000000000000e+03,9.217142999999998665e+01,3.548492000000000313e-01,3.701973333333333812e+03
1.585500000000000000e+03,9.268143999999999494e+01,3.622269000000000738e-01,3.749157333333333554e+03
1.595500000000000000e+03,9.192144000000000403e+01,4.057304999999999384e-01,3.796640666666666220e+03
1.605500000000000000e+03,9.208854999999999791e+01,3.252097000000000460e-01,3.844423333333333630e+03
1.615500000000000000e+03,9.196000999999999692e+01,3.562739999999999796e-01,3.892508333333332757e+03
1.625500000000000000e+03,9.185855999999999710e+01,3.608177000000000190e-01,3.940892333333333227e+03
1.635500000000000000e+03,9.186428000000002214e+01,3.408866999999999869e-01,3.989574999999999818e+03
1.645500000000000000e+03,9.214570999999999401e+01,3.497500999999999527e-01,4.038555999999999585e+03
1.655500000000000000e+03,9.192714000000000851e+01,3.295070999999999972e-01,4.087836666666667043e+03
1.665500000000000000e+03,9.207715000000000316e+01,3.140685999999999756e-01,4.137415333333332455e+03
1.675500000000000000e+03,9.192714000000000851e+01,3.277967999999999438e-01,4.187292999999999665e+03
1.685500000000000000e+03,9.195144000000000517e+01,2.722430000000000128e-01,4.237470333333332746e+03
1.695500000000000000e+03,9.208714000000000510e+01,3.212421999999999778e-01,4.287946666666666715e+03
1.705500000000000000e+03,9.217571999999999832e+01,3.549951999999999552e-01,4.338722333333334063e+03
1.715500000000000000e+03,9.195857000000000880e+01,3.738337999999999939e-01,4.389795333333333474e+03
1.725500000000000000e+03,9.183284999999999343e+01,3.023174999999999613e-01,4.441170000000000073e+03
1.735500000000000000e+03,9.200714000000000681e+01,3.511029999999999984e-01,4.492842333333333045e+03
1.745500000000000000e+03,9.210571999999999093e+01,3.043378999999999945e-01,4.544814333333333707e+03
1.755500000000000000e+03,9.186144999999999072e+01,3.109110999999999403e-01,4.597085333333333438e+03
1.765500000000000000e+03,9.208856000000000108e+01,3.361243999999999899e-01,4.649655333333334056e+03
1.775500000000000000e+03,9.205715000000000714e+01,3.130411999999999639e-01,4.702524333333333743e+03
1.785500000000000000e+03,9.213000000000000966e+01,3.560386999999999857e-01,4.755693999999999505e+03
1.795500000000000000e+03,9.199142000000000507e+01,3.055657999999999985e-01,4.809161000000000058e+03
1.805500000000000000e+03,9.202572000000000685e+01,3.101870000000000460e-01,4.862927666666665573e+03
1.815500000000000000e+03,9.218143999999999494e+01,3.861397999999999775e-01,4.916996666666665988e+03
1.825500000000000000e+03,9.192429999999998813e+01,3.384411999999999976e-01,4.971363333333332776e+03
1.835500000000000000e+03,9.200571999999999662e+01,3.495646000000000031e-01,5.026030666666667457e+03
1.845500000000000000e+03,9.224571999999999150e+01,3.447939999999999894e-01,5.080998666666666395e+03
1.855500000000000000e+03,9.170571999999999946e+01,3.534015999999999824e-01,5.136264666666666926e+03
1.865500000000000000e+03,9.178714999999999691e+01,3.587995999999999963e-01,5.191831666666666933e+03
1.875500000000000000e+03,9.186715000000000941e+01,3.587162000000000406e-01,5.247697666666666009e+03
1.885500000000000000e+03,9.185142999999999347e+01,3.434556000000000275e-01,5.303864999999999782e+03
1.895500000000000000e+03,9.181569999999999254e+01,3.965059999999999696e-01,5.360330666666666730e+03
1.905500000000000000e+03,9.172284999999999400e+01,2.806914999999999827e-01,5.417097666666666555e+03
1.915500000000000000e+03,9.190286999999999296e+01,3.663900999999999963e-01,5.474164333333334071e+03
1.925500000000000000e+03,9.197571000000000652e+01,3.507277999999999785e-01,5.531530000000000655e+03
1.935500000000000000e+03,9.206143000000000143e+01,3.457122000000000250e-01,5.589195333333334020e+03
1.945500000000000000e+03,9.166857999999999151e+01,3.332942999999999878e-01,5.647162000000000262e+03
1.955500000000000000e+03,9.193715000000000259e+01,3.302262000000000253e-01,5.705426999999998770e+03
1.965500000000000000e+03,9.167141999999999769e+01,4.116386000000000212e-01,5.763992666666666992e+03
1.975500000000000000e+03,9.194428000000000623e+01,3.887694000000000427e-01,5.822856999999999061e+03
1.985500000000000000e+03,9.198428999999998723e+01,3.715727999999999254e-01,5.882023000000000138e+03
1.995500000000000000e+03,9.176999000000000706e+01,3.039044999999999663e-01,5.941487000000000990e+03
2.005500000000000000e+03,9.177715999999999497e+01,3.341165999999999858e-01,6.001252666666666300e+03
2.015500000000000000e+03,9.160286000000002105e+01,3.060958999999999763e-01,6.061315000000000509e+03
2.025500000000000000e+03,9.160001000000001170e+01,3.462390999999999663e-01,6.121679000000000087e+03
2.035500000000000000e+03,9.177715000000000600e+01,2.786990999999999774e-01,6.182342666666666446e+03
2.045500000000000000e+03,9.186715999999999838e+01,2.605027999999999788e-01,6.243303333333333285e+03
2.055500000000000000e+03,9.166571000000000424e+01,3.147963999999999762e-01,6.304571666666666715e+03
2.065500000000000000e+03,9.180998999999999910e+01,3.612857999999999903e-01,6.366170666666666875e+03
2.075500000000000000e+03,9.162142999999998949e+01,2.918474999999999819e-01,6.428110333333333074e+03
2.085500000000000000e+03,9.146569999999999823e+01,3.600942000000000309e-01,6.490389000000000124e+03
2.095500000000000000e+03,9.168571000000000026e+01,3.219028999999999918e-01,6.553009666666666817e+03
2.105500000000000000e+03,9.134142999999998835e+01,3.677156000000000313e-01,6.615969333333332543e+03
2.115500000000000000e+03,9.158426999999998941e+01,3.125635000000000496e-01,6.679269999999999527e+03
2.125500000000000000e+03,9.161285000000000878e+01,3.585004999999999997e-01,6.742909333333333961e+03
2.135500000000000000e+03,9.170000000000000284e+01,3.535256000000000509e-01,6.806890666666668039e+03
2.145500000000000000e+03,9.138998999999999739e+01,3.578529000000000293e-01,6.871211666666667043e+03
2.155500000000000000e+03,9.164858000000000970e+01,4.160251999999999839e-01,6.935873333333333903e+03
2.165500000000000000e+03,9.141570000000000107e+01,3.583228000000000524e-01,7.000873999999998887e+03
2.175500000000000000e+03,9.133571999999999491e+01,3.755946000000000007e-01,7.066215666666666039e+03
2.185500000000000000e+03,9.153001000000000431e+01,3.586975999999999498e-01,7.131897999999999229e+03
2.195500000000000000e+03,9.140571999999998809e+01,3.465136000000000327e-01,7.197922999999999774e+03
2.205500000000000000e+03,9.107857999999998810e+01,3.390963000000000171e-01,7.264287666666666155e+03
2.215500000000000000e+03,9.140570999999999913e+01,3.171777999999999542e-01,7.330992999999999483e+03
2.225500000000000000e+03,9.147714999999998042e+01,3.239994000000000485e-01,7.398039000000001579e+03
2.235500000000000000e+03,9.133286000000001081e+01,3.600647000000000153e-01,7.465422999999999774e+03
2.245500000000000000e+03,9.142999999999999261e+01,3.602826000000000084e-01,7.533149333333332834e+03
2.255500000000000000e+03,9.170428999999998609e+01,3.701860000000000150e-01,7.601214000000001761e+03
2.265500000000000000e+03,9.153857999999999606e+01,3.543852000000000113e-01,7.669620000000000800e+03
2.275500000000000000e+03,9.106713999999999487e+01,3.137817999999999996e-01,7.738366333333333387e+03
2.285500000000000000e+03,9.114714999999999634e+01,3.300373999999999808e-01,7.807453666666666322e+03
2.295500000000000000e+03,9.109143999999999153e+01,3.272576999999999847e-01,7.876880333333332601e+03
2.305500000000000000e+03,9.131144000000000460e+01,2.974081000000000086e-01,7.946647666666666737e+03
2.315500000000000000e+03,9.148570999999999742e+01,3.726621999999999990e-01,8.016755666666666912e+03
2.325500000000000000e+03,9.128429000000001281e+01,3.066963999999999801e-01,8.087205666666665820e+03
2.335500000000000000e+03,9.115143000000000484e+01,3.242410999999999488e-01,8.157992333333332681e+03
2.345500000000000000e+03,9.110856000000001131e+01,2.730625999999999887e-01,8.229118999999998778e+03
2.355500000000000000e+03,9.104571999999998866e+01,3.288408999999999915e-01,8.300585999999999331e+03
2.365500000000000000e+03,9.085142000000000451e+01,3.341603999999999686e-01,8.372395333333332019e+03
2.375500000000000000e+03,9.131857999999999720e+01,2.751610999999999918e-01,8.444546666666667079e+03
2.385500000000000000e+03,9.129999000000000819e+01,3.181460000000000399e-01,8.517039666666667472e+03
2.395500000000000000e+03,9.097713999999999146e+01,2.854763999999999635e-01,8.589869333333332179e+03
2.405500000000000000e+03,9.130573000000001116e+01,3.041318999999999551e-01,8.663047000000000480e+03
2.415500000000000000e+03,9.121142000000000394e+01,3.235463999999999563e-01,8.736567666666665900e+03
2.425500000000000000e+03,9.107571000000000083e+01,2.597549000000000108e-01,8.810429000000000087e+03
2.435500000000000000e+03,9.099571000000000254e+01,2.915428999999999937e-01,8.884631999999999607e+03
2.445500000000000000e+03,9.097857000000000482e+01,3.432711999999999430e-01,8.959176000000001295e+03
2.455500000000000000e+03,9.103143000000000029e+01,2.479976000000000125e-01,9.034064000000002125e+03
2.465500000000000000e+03,9.127285999999999433e+01,2.847378000000000409e-01,9.109301333333332877e+03
2.475500000000000000e+03,9.126285000000000025e+01,3.394701000000000524e-01,9.184900333333333037e+03
2.485500000000000000e+03,9.111571000000000708e+01,2.838839999999999142e-01,9.260858666666666977e+03
2.495500000000000000e+03,9.083286999999999978e+01,2.865340000000000109e-01,9.337177333333334900e+03
2.505500000000000000e+03,9.117428999999999917e+01,3.003500000000000059e-01,9.413858333333333576e+03
2.515500000000000000e+03,9.100284999999999513e+01,3.222538000000000347e-01,9.490899333333332834e+03
2.525500000000000000e+03,9.099572000000000571e+01,3.504535999999999762e-01,9.568300333333332674e+03
2.535500000000000000e+03,9.098427999999999827e+01,3.519531999999999661e-01,9.646055666666667094e+03
2.545500000000000000e+03,9.106714000000000908e+01,3.556804999999999550e-01,9.724120666666665784e+03
2.555500000000000000e+03,9.081427999999998235e+01,3.045426800000000656e-01,9.802487333333334391e+03
2.565500000000000000e+03,9.126142999999999006e+01,3.727150000000000185e-01,9.881154666666665435e+03
2.575500000000000000e+03,9.141857000000000255e+01,3.280683999999999823e-01,9.960124000000001615e+03
2.585500000000000000e+03,9.123571000000001163e+01,2.978222999999999843e-01,1.003938600000000224e+04
2.595500000000000000e+03,9.123571000000001163e+01,3.185183999999999793e-01,1.011896000000000095e+04
2.605500000000000000e+03,9.119427999999999201e+01,2.859271499999999633e-01,1.019881666666666752e+04
2.615500000000000000e+03,9.125999000000000194e+01,3.383274000000000004e-01,1.027898333333333358e+04
2.625500000000000000e+03,9.129285999999999035e+01,3.033991000000000327e-01,1.035945666666666693e+04
2.635500000000000000e+03,9.121713000000001159e+01,3.577183999999999919e-01,1.044022666666666737e+04
2.645500000000000000e+03,9.135998999999999626e+01,3.320712000000000108e-01,1.052128333333333285e+04
2.655500000000000000e+03,9.110571999999999093e+01,2.970572000000000212e-01,1.060264999999999964e+04
2.665500000000000000e+03,9.110998999999999626e+01,2.785922000000000121e-01,1.068431000000000131e+04
2.675500000000000000e+03,9.116715999999999553e+01,3.026961999999999708e-01,1.076626666666666642e+04
2.685500000000000000e+03,9.122427999999999315e+01,3.305920999999999998e-01,1.084853666666666504e+04
2.695500000000000000e+03,9.115569999999999595e+01,3.178204000000000029e-01,1.093110666666666657e+04
2.705500000000000000e+03,9.106714999999999804e+01,3.081094999999999806e-01,1.101395666666666693e+04
2.715500000000000000e+03,9.122428000000000736e+01,3.108596000000000137e-01,1.109712333333333299e+04
2.725500000000000000e+03,9.133284999999999343e+01,3.006645000000000012e-01,1.118059000000000015e+04
2.735500000000000000e+03,9.116571999999999321e+01,2.843094999999999928e-01,1.126435666666666657e+04
2.745500000000000000e+03,9.123999999999998067e+01,3.017325000000000701e-01,1.134842666666666446e+04
2.755500000000000000e+03,9.144572000000000855e+01,2.848649200000000214e-01,1.143277000000000044e+04
2.765500000000000000e+03,9.130570999999999060e+01,3.085444999999999993e-01,1.151743999999999869e+04
2.775500000000000000e+03,9.130143999999999949e+01,2.959764000000000284e-01,1.160238999999999942e+04
2.785500000000000000e+03,9.146571000000001561e+01,2.725154000000000187e-01,1.168765333333333365e+04
2.795500000000000000e+03,9.115999999999999659e+01,3.088872999999999758e-01,1.177321000000000095e+04
2.805500000000000000e+03,9.140142000000000166e+01,3.147050999999999599e-01,1.185906999999999971e+04
2.815500000000000000e+03,9.146144000000001029e+01,2.738220000000000098e-01,1.194523333333333358e+04
2.825500000000000000e+03,9.146571000000000140e+01,3.046627000000000640e-01,1.203169333333333270e+04
2.835500000000000000e+03,9.156570999999999572e+01,2.879108000000000223e-01,1.211845000000000073e+04
2.845500000000000000e+03,9.119140999999999053e+01,2.715436999999999990e-01,1.220551999999999862e+04
2.855500000000000000e+03,9.118572000000001765e+01,2.645640999999999687e-01,1.229287666666666701e+04
2.865500000000000000e+03,9.120714000000000965e+01,2.813384999999999914e-01,1.238053666666666686e+04
2.875500000000000000e+03,9.113570000000001414e+01,2.848340000000000316e-01,1.246850999999999840e+04
2.885500000000000000e+03,9.103999999999999204e+01,2.829062000000000521e-01,1.255676999999999862e+04
2.895500000000000000e+03,9.132998999999999512e+01,2.780040000000000289e-01,1.264532666666666591e+04
2.905500000000000000e+03,9.146142000000001815e+01,2.984883000000000397e-01,1.273418333333333248e+04
2.915500000000000000e+03,9.108000000000001251e+01,2.642920000000000269e-01,1.282335333333333438e+04
2.925500000000000000e+03,9.105284000000001754e+01,2.649625999999999926e-01,1.291282333333333372e+04
2.935500000000000000e+03,9.145001999999999498e+01,2.735014999999999530e-01,1.300258666666666613e+04
2.945500000000000000e+03,9.108714999999999407e+01,2.517778000000000516e-01,1.309264333333333161e+04
2.955500000000000000e+03,9.130998999999999910e+01,2.407354999999999912e-01,1.318300999999999840e+04
2.965500000000000000e+03,9.097141999999999484e+01,2.121951999999999727e-01,1.327367333333333409e+04
2.975500000000000000e+03,9.121428999999997700e+01,2.567019000000000384e-01,1.336464333333333161e+04
2.985500000000000000e+03,9.120286999999999011e+01,2.750510999999999928e-01,1.345590999999999985e+04
2.995500000000000000e+03,9.100571999999999662e+01,2.612403999999999837e-01,1.354748999999999978e+04
3.005500000000000000e+03,9.142570999999999515e+01,2.346679000000000404e-01,1.363935000000000036e+04
3.015500000000000000e+03,9.126572000000000173e+01,2.274414000000000158e-01,1.373150999999999840e+04
3.025500000000000000e+03,9.113714000000000226e+01,2.667416000000000231e-01,1.382397666666666555e+04
3.035500000000000000e+03,9.115998999999999342e+01,2.586190999999999907e-01,1.391675000000000000e+04
3.045500000000000000e+03,9.123570000000000846e+01,2.100423999999999902e-01,1.400981666666666570e+04
3.055500000000000000e+03,9.132714999999998895e+01,2.211996999999999713e-01,1.410317333333333409e+04
3.065500000000000000e+03,9.130284000000000333e+01,2.546758000000000632e-01,1.419684333333333234e+04
3.075500000000000000e+03,9.134569999999999368e+01,2.321169999999999622e-01,1.429082666666666591e+04
3.085500000000000000e+03,9.134855000000000302e+01,2.064229000000000203e-01,1.438507999999999811e+04
3.095500000000000000e+03,9.138858000000000459e+01,2.476939999999999975e-01,1.447964333333333525e+04
3.105500000000000000e+03,9.121002000000000010e+01,2.242411999999999739e-01,1.457450333333333219e+04
3.115500000000000000e+03,9.139572000000001140e+01,2.046075999999999728e-01,1.466967333333333409e+04
3.125500000000000000e+03,9.128857000000002131e+01,2.287663999999999809e-01,1.476513333333333139e+04
3.135500000000000000e+03,9.122999000000000080e+01,2.178124000000000449e-01,1.486090333333333183e+04
3.145500000000000000e+03,9.112429999999999097e+01,2.100503999999999982e-01,1.495695333333333292e+04
3.155500000000000000e+03,9.098141999999998575e+01,2.252879000000000131e-01,1.505332666666666591e+04
3.165500000000000000e+03,9.132286999999999466e+01,2.112532000000000298e-01,1.514998666666666395e+04
3.175500000000000000e+03,9.102285999999999433e+01,2.093789999999999818e-01,1.524695333333333474e+04
3.185500000000000000e+03,9.127572000000000685e+01,2.071373999999999993e-01,1.534420333333333292e+04
3.195500000000000000e+03,9.116425999999999874e+01,2.091463000000000072e-01,1.544176000000000022e+04
3.205500000000000000e+03,9.134427999999999770e+01,1.863039999999999696e-01,1.553961666666666861e+04
3.215500000000000000e+03,9.125286000000001252e+01,2.392979999999999552e-01,1.563776999999999862e+04
3.225500000000000000e+03,9.121142000000000394e+01,1.702705999999999942e-01,1.573623333333333358e+04
3.235500000000000000e+03,9.119286000000002446e+01,1.784581000000000084e-01,1.583498666666666759e+04
3.245500000000000000e+03,9.103000000000000114e+01,1.881881999999999999e-01,1.593402333333333445e+04
3.255500000000000000e+03,9.105571000000000481e+01,1.864456000000000169e-01,1.603338333333333503e+04
3.265500000000000000e+03,9.123573000000000377e+01,2.084558999999999995e-01,1.613303666666666686e+04
3.275500000000000000e+03,9.131287000000000376e+01,1.823006399999999583e-01,1.623298666666666395e+04
3.285500000000000000e+03,9.098998999999999171e+01,1.573397999999999741e-01,1.633323999999999978e+04
3.295500000000000000e+03,9.124715000000000487e+01,1.970714000000000077e-01,1.643377999999999884e+04
3.305500000000000000e+03,9.104999000000000819e+01,2.061678000000000122e-01,1.653463999999999942e+04
3.315500000000000000e+03,9.115856999999999744e+01,1.683672999999999975e-01,1.663578333333333285e+04
3.325500000000000000e+03,9.095857999999999777e+01,1.960810000000000053e-01,1.673722999999999956e+04
3.335500000000000000e+03,9.140000000000001990e+01,1.772421000000000135e-01,1.683897666666666555e+04
3.345500000000000000e+03,9.122571999999999548e+01,1.736873999999999918e-01,1.694101333333332877e+04
3.355500000000000000e+03,9.123571999999998638e+01,1.792492000000000252e-01,1.704336666666666861e+04
3.365500000000000000e+03,9.151999000000000706e+01,1.719602299999999917e-01,1.714601666666666279e+04
3.375500000000000000e+03,9.137284999999999968e+01,1.780603499999999784e-01,1.724895999999999913e+04
3.385500000000000000e+03,9.120142999999998779e+01,2.045859499999999609e-01,1.735219666666666308e+04
3.395500000000000000e+03,9.103430000000000177e+01,1.614317500000000405e-01,1.745574000000000160e+04
3.405500000000000000e+03,9.106001000000000545e+01,2.036289000000000016e-01,1.755958333333333576e+04
3.415500000000000000e+03,9.091144000000001313e+01,1.725580999999999920e-01,1.766372999999999956e+04
3.425500000000000000e+03,9.113284999999999059e+01,1.935104999999999742e-01,1.776818000000000029e+04
3.435500000000000000e+03,9.116570999999999003e+01,1.471184999999999854e-01,1.787292333333333227e+04
3.445500000000000000e+03,9.091428999999999405e+01,1.599430999999999770e-01,1.797796333333333314e+04
3.455500000000000000e+03,9.121285000000000309e+01,1.632930999999999966e-01,1.808332666666666773e+04
3.465500000000000000e+03,9.125285999999999831e+01,1.617561999999999889e-01,1.818896333333333314e+04
3.475500000000000000e+03,9.133285999999999660e+01,1.461274899999999988e-01,1.829490999999999985e+04
3.485500000000000000e+03,9.091143999999999892e+01,1.912337699999999974e-01,1.840116666666666424e+04
3.495500000000000000e+03,9.101144000000000744e+01,1.573550999999999978e-01,1.850772000000000116e+04
3.505500000000000000e+03,9.132428000000000168e+01,1.661360799999999638e-01,1.861455666666666730e+04
3.515500000000000000e+03,9.109713999999999601e+01,1.407394299999999987e-01,1.872170999999999913e+04
3.525500000000000000e+03,9.129286999999999352e+01,1.529850999999999850e-01,1.882917666666666628e+04
3.535500000000000000e+03,9.110142000000000451e+01,1.577031400000000194e-01,1.893691666666666424e+04
3.545500000000000000e+03,9.125859999999998706e+01,1.555540999999999729e-01,1.904497666666666555e+04
3.555500000000000000e+03,9.139142999999998551e+01,1.584492000000000123e-01,1.915332333333333008e+04
3.565500000000000000e+03,9.133285999999999660e+01,1.491234399999999960e-01,1.926198666666666759e+04
3.575500000000000000e+03,9.093999999999999773e+01,1.603194000000000008e-01,1.937093000000000029e+04
3.585500000000000000e+03,9.086428000000000793e+01,1.470658199999999860e-01,1.948018333333333794e+04
3.595500000000000000e+03,9.100001000000000317e+01,1.687039600000000139e-01,1.958973999999999796e+04
3.605500000000000000e+03,9.119427000000000305e+01,1.729499999999999926e-01,1.969958666666666977e+04
3.615500000000000000e+03,9.099428000000000338e+01,1.431120800000000026e-01,1.980975333333333401e+04
3.625500000000000000e+03,9.106430999999999187e+01,1.502144299999999821e-01,1.992019666666666672e+04
3.635500000000000000e+03,9.091285999999999490e+01,1.723880999999999886e-01,2.003095333333333110e+04
3.645500000000000000e+03,9.124284000000000106e+01,1.370388300000000004e-01,2.014200333333333401e+04
3.655500000000000000e+03,9.095430000000000348e+01,1.489457000000000142e-01,2.025336333333333459e+04
3.665500000000000000e+03,9.093571999999998923e+01,1.383815800000000040e-01,2.036501333333333605e+04
3.675500000000000000e+03,9.113858000000000459e+01,1.366345999999999949e-01,2.047697999999999956e+04
3.685500000000000000e+03,9.087140999999999735e+01,1.520927000000000251e-01,2.058922333333333154e+04
3.695500000000000000e+03,9.102858000000000516e+01,1.499620700000000029e-01,2.070179000000000087e+04
3.705500000000000000e+03,9.126857999999998583e+01,1.316138400000000375e-01,2.081463666666666904e+04
3.715500000000000000e+03,9.101856999999999687e+01,1.362877700000000025e-01,2.092779000000000087e+04
3.725500000000000000e+03,9.083571000000000595e+01,1.279079500000000202e-01,2.104125333333333037e+04
3.735500000000000000e+03,9.082000999999999635e+01,1.387066700000000041e-01,2.115500333333333401e+04
3.745500000000000000e+03,9.084572000000000003e+01,1.342421900000000112e-01,2.126906999999999971e+04
3.755500000000000000e+03,9.085000999999999749e+01,1.279562399999999989e-01,2.138341333333333750e+04
3.765500000000000000e+03,9.118427999999998690e+01,1.386755299999999913e-01,2.149806333333333168e+04
3.775500000000000000e+03,9.122285999999999717e+01,1.195414299999999902e-01,2.161300999999999840e+04
3.785500000000000000e+03,9.117429000000001338e+01,1.287114500000000050e-01,2.172828000000000247e+04
3.795500000000000000e+03,9.114142999999998551e+01,1.304288400000000181e-01,2.184382666666666410e+04
3.805500000000000000e+03,9.111429999999998586e+01,1.269944900000000154e-01,2.195969333333333634e+04
3.815500000000000000e+03,9.099715000000000487e+01,1.367011200000000093e-01,2.207584999999999854e+04
3.825500000000000000e+03,9.106570000000000675e+01,1.392381199999999930e-01,2.219230666666666366e+04
3.835500000000000000e+03,9.096999999999999886e+01,1.240439400000000053e-01,2.230906000000000495e+04
3.845500000000000000e+03,9.095571999999998525e+01,1.236254999999999854e-01,2.242612666666666701e+04
3.855500000000000000e+03,9.116143000000000995e+01,1.043582700000000169e-01,2.254346333333333678e+04
3.865500000000000000e+03,9.103856000000000392e+01,1.209445199999999998e-01,2.266111666666666861e+04
3.875500000000000000e+03,9.108856999999997583e+01,1.080595700000000214e-01,2.277907333333333372e+04
3.885500000000000000e+03,9.083716000000001145e+01,1.197843799999999820e-01,2.289732666666666773e+04
3.895500000000000000e+03,9.112999999999999545e+01,1.209942100000000187e-01,2.301587333333333299e+04
3.905500000000000000e+03,9.098857999999998469e+01,1.135616299999999967e-01,2.313473333333332994e+04
3.915500000000000000e+03,9.129286000000000456e+01,1.063059400000000015e-01,2.325389000000000306e+04
3.925500000000000000e+03,9.102142000000000621e+01,1.081118399999999868e-01,2.337333666666666613e+04
3.935500000000000000e+03,9.110855999999999710e+01,1.069583099999999731e-01,2.349308666666666250e+04
3.945500000000000000e+03,9.115570999999999913e+01,8.803162999999999960e-02,2.361313666666666541e+04
3.955500000000000000e+03,9.106573000000000206e+01,1.016434399999999877e-01,2.373350000000000000e+04
3.965500000000000000e+03,9.109716000000000236e+01,1.042763899999999966e-01,2.385415666666666584e+04
3.975500000000000000e+03,9.117285000000001105e+01,1.039479600000000198e-01,2.397510333333333620e+04
3.985500000000000000e+03,9.092713000000000534e+01,9.355495999999999257e-02,2.409636000000000058e+04
3.995500000000000000e+03,9.079713999999999885e+01,1.004537399999999997e-01,2.421790999999999985e+04
4.005500000000000000e+03,9.106999000000000422e+01,1.102632699999999827e-01,2.433976666666666642e+04
4.015500000000000000e+03,9.091142999999999574e+01,8.827858000000000926e-02,2.446191666666666788e+04
4.025500000000000000e+03,9.112998999999999228e+01,1.040761000000000047e-01,2.458438333333333503e+04
4.035500000000000000e+03,9.119142999999999688e+01,1.080887999999999849e-01,2.470714333333333343e+04
4.045500000000000000e+03,9.104715000000001623e+01,9.714446000000000192e-02,2.483020666666666875e+04
4.055500000000000000e+03,9.093856999999999857e+01,7.099144000000000287e-02,2.495354999999999563e+04
4.065500000000000000e+03,9.108000000000001251e+01,9.026000999999998775e-02,2.507720666666666511e+04
4.075500000000000000e+03,9.117431000000001973e+01,7.624396000000001339e-02,2.520115999999999985e+04
4.085500000000000000e+03,9.095714999999999861e+01,1.017861700000000091e-01,2.532541333333333750e+04
4.095500000000000000e+03,9.116857000000000255e+01,8.075134000000000478e-02,2.544997999999999956e+04
4.105500000000000000e+03,9.103000999999999010e+01,8.046634999999999205e-02,2.557481999999999971e+04
4.115500000000000000e+03,9.106999000000000422e+01,9.664645999999998960e-02,2.569998333333333358e+04
4.125500000000000000e+03,9.092999000000000365e+01,8.941657000000000077e-02,2.582543333333333430e+04
4.135500000000000000e+03,9.102142000000000621e+01,8.824706000000000217e-02,2.595119333333333270e+04
4.145500000000000000e+03,9.107715000000000316e+01,8.895885000000000598e-02,2.607725666666666439e+04
4.155500000000000000e+03,9.108714000000000510e+01,8.384537000000000240e-02,2.620360333333332892e+04
4.165500000000000000e+03,9.109856999999999516e+01,9.304772000000001431e-02,2.633025666666667166e+04
4.175500000000000000e+03,9.128284999999999627e+01,7.497416999999999276e-02,2.645722000000000116e+04
4.185500000000000000e+03,9.104143999999999437e+01,7.029146999999999479e-02,2.658447333333332790e+04
4.195500000000000000e+03,9.118857999999997332e+01,7.553203000000000000e-02,2.671202666666666482e+04
4.205500000000000000e+03,9.096714000000000055e+01,9.847830999999999946e-02,2.683989000000000306e+04
4.215500000000000000e+03,9.106856999999999402e+01,7.602462999999999582e-02,2.696804666666666890e+04
4.225500000000000000e+03,9.094284999999999286e+01,6.816989999999999161e-02,2.709651666666667006e+04
4.235500000000000000e+03,9.097857999999999379e+01,6.680044999999999733e-02,2.722526000000000204e+04
4.245500000000000000e+03,9.115427999999999997e+01,7.888398999999998717e-02,2.735430999999999767e+04
4.255500000000000000e+03,9.092143000000000086e+01,6.706301000000000623e-02,2.748368666666666832e+04
4.265500000000000000e+03,9.113714000000001647e+01,6.474795000000001244e-02,2.761334333333333416e+04
4.275500000000000000e+03,9.101142999999999006e+01,6.389697999999999212e-02,2.774329999999999927e+04
4.285500000000000000e+03,9.104000999999998101e+01,8.574017999999999917e-02,2.787356666666666933e+04
4.295500000000000000e+03,9.116571000000001845e+01,6.765416999999999959e-02,2.800413333333333139e+04
4.305500000000000000e+03,9.114000000000000057e+01,7.050028999999999324e-02,2.813499000000000160e+04
4.315500000000000000e+03,9.099857000000000085e+01,7.100264000000000575e-02,2.826614666666666744e+04
4.325500000000000000e+03,9.114142999999999972e+01,8.486859000000000763e-02,2.839759999999999854e+04
4.335500000000000000e+03,9.104283000000000925e+01,5.714354000000000655e-02,2.852937333333333299e+04
4.345500000000000000e+03,9.119425999999998567e+01,6.964729000000000059e-02,2.866144333333333634e+04
4.355500000000000000e+03,9.108997999999999706e+01,5.547345000000000054e-02,2.879379333333333489e+04
4.365500000000000000e+03,9.103855999999998971e+01,7.063579000000000385e-02,2.892645666666666511e+04
4.375500000000000000e+03,9.104429000000000372e+01,7.135463999999999696e-02,2.905943000000000029e+04
4.385500000000000000e+03,9.114430000000000121e+01,5.757191999999999865e-02,2.919268666666666468e+04
4.395500000000000000e+03,9.101000999999999408e+01,6.358547999999999978e-02,2.932625333333333401e+04
4.405500000000000000e+03,9.110285000000001787e+01,6.604553999999999980e-02,2.946012000000000262e+04
4.415500000000000000e+03,9.103141999999999712e+01,6.552157999999999594e-02,2.959428333333333285e+04
4.425500000000000000e+03,9.098571000000001163e+01,4.680801999999999186e-02,2.972876333333332877e+04
4.435500000000000000e+03,9.095140999999999565e+01,5.667196999999999513e-02,2.986352333333333445e+04
4.445500000000000000e+03,9.101856000000000790e+01,4.718458999999999154e-02,2.999859333333333416e+04
4.455500000000000000e+03,9.114428000000000907e+01,5.650667000000000190e-02,3.013396000000000276e+04
4.465500000000000000e+03,9.107142999999999233e+01,6.211849000000000537e-02,3.026962999999999738e+04
4.475500000000000000e+03,9.106286000000000058e+01,5.552997999999999962e-02,3.040558666666666977e+04
4.485500000000000000e+03,9.103143000000000029e+01,6.424786000000000386e-02,3.054186000000000422e+04
4.495500000000000000e+03,9.109570999999999685e+01,5.949123999999998691e-02,3.067843666666666832e+04
4.505500000000000000e+03,9.096144000000001029e+01,5.593835000000000474e-02,3.081530333333333328e+04
4.515500000000000000e+03,9.100570999999999344e+01,5.996516999999999820e-02,3.095246666666666715e+04
4.525500000000000000e+03,9.110857000000001449e+01,5.066002000000000699e-02,3.108992333333333227e+04
4.535500000000000000e+03,9.112287000000000603e+01,4.290594000000000352e-02,3.122770000000000073e+04
4.545500000000000000e+03,9.114714000000000738e+01,6.369382999999999295e-02,3.136577666666667210e+04
4.555500000000000000e+03,9.104716000000000520e+01,5.644638999999999907e-02,3.150415333333333183e+04
4.565500000000000000e+03,9.091286999999999807e+01,5.420985000000000387e-02,3.164281333333333168e+04
4.575500000000000000e+03,9.090856999999999744e+01,4.280097000000000068e-02,3.178177666666666482e+04
4.585500000000000000e+03,9.092857000000000767e+01,5.059098000000000761e-02,3.192105333333333328e+04
4.595500000000000000e+03,9.096426999999999907e+01,4.662960000000000022e-02,3.206062333333333299e+04
4.605500000000000000e+03,9.108000000000001251e+01,4.875304999999999916e-02,3.220049666666666599e+04
4.615500000000000000e+03,9.104429000000000372e+01,4.736185999999999868e-02,3.234068333333333067e+04
4.625500000000000000e+03,9.098285000000001332e+01,5.123913000000000079e-02,3.248113666666666904e+04
4.635500000000000000e+03,9.101716000000000406e+01,4.675587999999999272e-02,3.262191666666666424e+04
4.645500000000000000e+03,9.104283999999999821e+01,4.377585999999999283e-02,3.276298333333332994e+04
4.655500000000000000e+03,9.087999999999999545e+01,4.090676000000000034e-02,3.290434999999999854e+04
4.665500000000000000e+03,9.092999999999999261e+01,4.731950000000000045e-02,3.304603333333334012e+04
4.675500000000000000e+03,9.089144000000000290e+01,4.353320000000000800e-02,3.318798999999999796e+04
4.685500000000000000e+03,9.096858000000000288e+01,3.371849999999999847e-02,3.333027333333333081e+04
4.695500000000000000e+03,9.095999999999999375e+01,3.250704999999999567e-02,3.347284666666666453e+04
4.705500000000000000e+03,9.100000000000000000e+01,5.582862000000000935e-02,3.361573000000000320e+04
4.715500000000000000e+03,9.090284999999998661e+01,3.617426999999999448e-02,3.375890333333333547e+04
4.725500000000000000e+03,9.089856000000000336e+01,3.671497999999999429e-02,3.390236999999999534e+04
4.735500000000000000e+03,9.097856999999999061e+01,3.166771000000000169e-02,3.404614333333333343e+04
4.745500000000000000e+03,9.093426999999999794e+01,4.135489000000000526e-02,3.419022666666666919e+04
4.755500000000000000e+03,9.102286000000000854e+01,3.389671000000000350e-02,3.433458666666666977e+04
4.765500000000000000e+03,9.098000000000000398e+01,4.283828000000000635e-02,3.447926333333333605e+04
4.775500000000000000e+03,9.088427999999998974e+01,3.102806000000000314e-02,3.462425333333333401e+04
4.785500000000000000e+03,9.093856999999999857e+01,3.208047000000000676e-02,3.476951333333334333e+04
4.795500000000000000e+03,9.100714999999999577e+01,2.786641000000000118e-02,3.491509999999999854e+04
4.805500000000000000e+03,9.100856999999999175e+01,3.287110999999999505e-02,3.506099333333333198e+04
4.815500000000000000e+03,9.099858000000000402e+01,4.773939000000000654e-02,3.520719000000000233e+04
4.825500000000000000e+03,9.098856000000000677e+01,4.119541000000000175e-02,3.535367666666666628e+04
4.835500000000000000e+03,9.085285999999999262e+01,3.200635999999999759e-02,3.550047000000000116e+04
4.845500000000000000e+03,9.080569999999998743e+01,3.065084000000000211e-02,3.564756333333332441e+04
4.855500000000000000e+03,9.071998999999999569e+01,3.163657999999999748e-02,3.579495333333332383e+04
4.865500000000000000e+03,9.093855999999999540e+01,4.723156000000000576e-02,3.594265666666666948e+04
4.875500000000000000e+03,9.085427999999998860e+01,3.377631000000000383e-02,3.609064333333333343e+04
4.885500000000000000e+03,9.094857000000000369e+01,3.796476000000000017e-02,3.623894333333334362e+04
4.895500000000000000e+03,9.095143000000001621e+01,3.232996999999999954e-02,3.638752999999999156e+04
4.905500000000000000e+03,9.082286000000000570e+01,2.623137999999999859e-02,3.653643000000000029e+04
4.915500000000000000e+03,9.078571000000000879e+01,3.628826000000000274e-02,3.668561666666667588e+04
4.925500000000000000e+03,9.091999999999998749e+01,3.040838000000000221e-02,3.683511666666666861e+04
4.935500000000000000e+03,9.083858000000000743e+01,3.710436999999999763e-02,3.698490666666666220e+04
4.945500000000000000e+03,9.081856999999999402e+01,3.712681999999999788e-02,3.713500333333333401e+04
4.955500000000000000e+03,9.084856999999999516e+01,2.558221999999999927e-02,3.728538999999999942e+04
4.965500000000000000e+03,9.080714000000000397e+01,3.600862000000000507e-02,3.743609999999999854e+04
4.975500000000000000e+03,9.079142999999999120e+01,3.305953999999999837e-02,3.758708666666666977e+04
4.985500000000000000e+03,9.086572999999999922e+01,4.336587000000000081e-02,3.773838000000000466e+04
4.995500000000000000e+03,9.084857999999999834e+01,4.716420000000000334e-02,3.788998333333332994e+04
5.005500000000000000e+03,9.067143000000000086e+01,3.160229999999999984e-02,3.804187333333332936e+04
5.015500000000000000e+03,9.077142000000000621e+01,3.160772000000000581e-02,3.819407333333334100e+04
5.025500000000000000e+03,9.084141999999999939e+01,3.290408999999999695e-02,3.834656999999999243e+04
5.035500000000000000e+03,9.082572000000000401e+01,3.588895000000000279e-02,3.849937000000000262e+04
5.045500000000000000e+03,9.089428999999999803e+01,4.694655999999999135e-02,3.865247333333332790e+04
5.055500000000000000e+03,9.078285999999999945e+01,3.641168000000000182e-02,3.880586000000000058e+04
5.065500000000000000e+03,9.068429000000000428e+01,4.604998999999999898e-02,3.895957333333333372e+04
5.075500000000000000e+03,9.084428999999998666e+01,4.376574000000000436e-02,3.911356333333333168e+04
5.085500000000000000e+03,9.065572000000000230e+01,2.995118999999999906e-02,3.926787333333333663e+04
5.095500000000000000e+03,9.077570000000000050e+01,4.183586999999999723e-02,3.942247333333334245e+04
5.105500000000000000e+03,9.070286000000000115e+01,4.309841000000000366e-02,3.957738333333333867e+04
5.115500000000000000e+03,9.076572999999999070e+01,3.304618999999999612e-02,3.973258333333332848e+04
5.125500000000000000e+03,9.085714000000000112e+01,3.012980000000000519e-02,3.988809999999999854e+04
5.135500000000000000e+03,9.074141999999999086e+01,4.366507000000000027e-02,4.004390000000000146e+04
5.145500000000000000e+03,9.063286000000000797e+01,4.545856999999999676e-02,4.020000666666666802e+04
5.155500000000000000e+03,9.071143000000000711e+01,4.130613999999999814e-02,4.035641999999999825e+04
5.165500000000000000e+03,9.075428999999999746e+01,3.348915999999999699e-02,4.051312666666666337e+04
5.175500000000000000e+03,9.078141999999999712e+01,3.389393999999999740e-02,4.067016333333333750e+04
5.185500000000000000e+03,9.070286000000000115e+01,3.106504999999999336e-02,4.082755666666667094e+04
5.195500000000000000e+03,9.061857000000000539e+01,3.552516000000000701e-02,4.098531999999999243e+04
5.205500000000000000e+03,9.073000000000000398e+01,4.079676000000000136e-02,4.114341333333333750e+04
5.215500000000000000e+03,9.051572000000000173e+01,4.330240999999999951e-02,4.130187666666666337e+04
5.225500000000000000e+03,9.055857999999997787e+01,3.415191000000000060e-02,4.146067333333332499e+04
5.235500000000000000e+03,9.069001000000000090e+01,4.079037000000000635e-02,4.161984333333333780e+04
5.245500000000000000e+03,9.068858000000000175e+01,3.768062000000000494e-02,4.177936666666666861e+04
5.255500000000000000e+03,9.070571000000001050e+01,4.084625000000000061e-02,4.193923333333333721e+04
5.265500000000000000e+03,9.065855999999999426e+01,5.197259999999999380e-02,4.209946333333333314e+04
5.275500000000000000e+03,9.056001999999999441e+01,2.790569000000000036e-02,4.226004666666666890e+04
5.285500000000000000e+03,9.065427000000001101e+01,3.117106000000000043e-02,4.242098333333332994e+04
5.295500000000000000e+03,9.056571000000000993e+01,3.787590999999999875e-02,4.258227666666666482e+04
5.305500000000000000e+03,9.059000000000000341e+01,3.301411999999999403e-02,4.274393000000000029e+04
5.315500000000000000e+03,9.054715000000001623e+01,2.888225999999999988e-02,4.290593333333333430e+04
5.325500000000000000e+03,9.055430000000001201e+01,2.794008999999999382e-02,4.306827333333333081e+04
5.335500000000000000e+03,9.058000999999998726e+01,3.395704000000000083e-02,4.323098999999999796e+04
5.345500000000000000e+03,9.059569999999999368e+01,4.032489999999999686e-02,4.339406000000000495e+04
5.355500000000000000e+03,9.053999000000000308e+01,3.002190000000000067e-02,4.355746333333333314e+04
5.365500000000000000e+03,9.048572000000000060e+01,4.162088000000000593e-02,4.372123999999999796e+04
5.375500000000000000e+03,9.057287000000000887e+01,3.407558000000000809e-02,4.388537666666666337e+04
5.385500000000000000e+03,9.064572000000001140e+01,3.567439000000000027e-02,4.404984999999999854e+04
5.395500000000000000e+03,9.056428999999999974e+01,3.304876999999999815e-02,4.421468666666666832e+04
5.405500000000000000e+03,9.069572000000000855e+01,3.712752999999999887e-02,4.437987333333333663e+04
5.415500000000000000e+03,9.058572000000000912e+01,3.149782000000000276e-02,4.454541000000000349e+04
5.425500000000000000e+03,9.059283999999999537e+01,2.913122999999999754e-02,4.471132666666666773e+04
5.435500000000000000e+03,9.052713000000001387e+01,2.553066999999999837e-02,4.487757333333333372e+04
5.445500000000000000e+03,9.062573000000000434e+01,3.421039999999999498e-02,4.504418999999999505e+04
5.455500000000000000e+03,9.058713000000000193e+01,2.916176999999999658e-02,4.521115000000000146e+04
5.465500000000000000e+03,9.046428000000000225e+01,2.784851999999999814e-02,4.537846333333334042e+04
5.475500000000000000e+03,9.054571999999998866e+01,2.751785999999999816e-02,4.554612000000000262e+04
5.485500000000000000e+03,9.065999999999999659e+01,2.581685000000000230e-02,4.571415000000000146e+04
5.495500000000000000e+03,9.047141999999999484e+01,2.537332999999999950e-02,4.588254000000000087e+04
5.505500000000000000e+03,9.061285999999999774e+01,2.672447000000000017e-02,4.605127999999999884e+04
5.515500000000000000e+03,9.070999999999999375e+01,2.455991000000000077e-02,4.622036000000000058e+04
5.525500000000000000e+03,9.060571999999999093e+01,2.684221999999999997e-02,4.638979666666666890e+04
5.535500000000000000e+03,9.058428000000000679e+01,2.834756999999999902e-02,4.655960333333333256e+04
5.545500000000000000e+03,9.062713999999999714e+01,2.819351999999999969e-02,4.672976333333332150e+04
5.555500000000000000e+03,9.065569999999999595e+01,2.574332000000000356e-02,4.690026666666666279e+04
5.565500000000000000e+03,9.054000999999999522e+01,2.670281000000000390e-02,4.707112333333332936e+04
5.575500000000000000e+03,9.060285999999999262e+01,2.468462000000000087e-02,4.724233666666666250e+04
5.585500000000000000e+03,9.061144000000001597e+01,2.440311999999999690e-02,4.741391666666667152e+04
5.595500000000000000e+03,9.057998000000000616e+01,2.883976999999999721e-02,4.758583666666666250e+04
5.605500000000000000e+03,9.038714000000000226e+01,2.442092000000000221e-02,4.775811666666666861e+04
5.615500000000000000e+03,9.053856000000000392e+01,2.429817999999999908e-02,4.793075000000000000e+04
5.625500000000000000e+03,9.046428000000000225e+01,2.432638999999999635e-02,4.810374000000000524e+04
5.635500000000000000e+03,9.048286000000000229e+01,2.691494999999999999e-02,4.827707333333332645e+04
5.645500000000000000e+03,9.058286999999998557e+01,2.556324999999999917e-02,4.845077666666665755e+04
5.655500000000000000e+03,9.052142999999999518e+01,2.525273000000000101e-02,4.862483000000000175e+04
5.665500000000000000e+03,9.049143000000000825e+01,2.437891000000000016e-02,4.879923333333332994e+04
5.675500000000000000e+03,9.042143000000001507e+01,2.663953999999999975e-02,4.897400666666666802e+04
5.685500000000000000e+03,9.050713999999999260e+01,2.416922999999999988e-02,4.914911333333332732e+04
5.695500000000000000e+03,9.032286000000000570e+01,2.427576999999999860e-02,4.932458999999998923e+04
5.705500000000000000e+03,9.035715000000000430e+01,2.418491999999999864e-02,4.950041333333333023e+04
5.715500000000000000e+03,9.053000000000000114e+01,2.412321999999999730e-02,4.967660333333333256e+04
5.725500000000000000e+03,9.040000999999999465e+01,2.419637999999999997e-02,4.985313333333333139e+04
5.735500000000000000e+03,9.051715000000001510e+01,2.418334999999999929e-02,5.003000999999999476e+04
5.745500000000000000e+03,9.043285999999999092e+01,2.419217000000000242e-02,5.020718333333333430e+04
5.755500000000000000e+03,9.039573000000000036e+01,2.414064999999999961e-02,5.038465000000000146e+04
5.765500000000000000e+03,9.053997999999999990e+01,2.409309000000000103e-02,5.056242333333333227e+04
5.775500000000000000e+03,9.051570000000000960e+01,2.403846999999999928e-02,5.074049000000000524e+04
5.785500000000000000e+03,9.036857000000000539e+01,2.399333000000000021e-02,5.091886333333332732e+04
5.795500000000000000e+03,9.071715000000000373e+01,2.389672999999999797e-02,5.109754000000000087e+04
5.805500000000000000e+03,9.039284999999999570e+01,2.401947000000000110e-02,5.127653666666666686e+04
5.815500000000000000e+03,9.034000999999997816e+01,2.398644999999999944e-02,5.145582666666666046e+04
5.825500000000000000e+03,9.038714000000001647e+01,2.395690999999999793e-02,5.163543333333332703e+04
5.835500000000000000e+03,9.046714000000000055e+01,2.548196999999999962e-02,5.181531999999999243e+04
5.845500000000000000e+03,9.051142999999999006e+01,2.382915000000000033e-02,5.199553000000000611e+04
5.855500000000000000e+03,9.060714999999999009e+01,2.382235999999999729e-02,5.217602333333333081e+04
5.865500000000000000e+03,9.036428000000000793e+01,2.387921000000000488e-02,5.235681333333333896e+04
5.875500000000000000e+03,9.045426999999997975e+01,2.380004999999999621e-02,5.253793333333333430e+04
5.885500000000000000e+03,9.050570000000000448e+01,2.378053999999999932e-02,5.271931333333333896e+04
5.895500000000000000e+03,9.036856000000000222e+01,2.375483999999999929e-02,5.290101333333332877e+04
5.905500000000000000e+03,9.043714000000001363e+01,2.385253000000000026e-02,5.308302000000000407e+04
5.915500000000000000e+03,9.042000999999999067e+01,2.382624000000000200e-02,5.326531999999999243e+04
5.925500000000000000e+03,9.041429000000000826e+01,2.369036000000000058e-02,5.344791333333333023e+04
5.935500000000000000e+03,9.054283999999998400e+01,2.366226999999999914e-02,5.363081666666667297e+04
5.945500000000000000e+03,9.060285000000000366e+01,2.367959999999999857e-02,5.381401000000000931e+04
5.955500000000000000e+03,9.054000000000000625e+01,2.364865000000000023e-02,5.399751666666666279e+04
5.965500000000000000e+03,9.040572000000000230e+01,2.372125000000000275e-02,5.418132000000000698e+04
5.975500000000000000e+03,9.032856999999999914e+01,2.398756000000000499e-02,5.436543333333333430e+04
5.985500000000000000e+03,9.050000000000000000e+01,2.362186999999999620e-02,5.454981333333333896e+04
5.995500000000000000e+03,9.054715000000000202e+01,2.367849000000000342e-02,5.473451999999999680e+04
