5.500000000000000000e+00,8.980571000000000481e+01,6.190660000000000451e+01,1.224241119999999877e-01
1.550000000000000000e+01,8.778569999999999141e+01,2.119551000000000229e+01,7.152450000000000196e-01
2.550000000000000000e+01,8.616999000000001274e+01,1.511280000000000179e+01,1.840698333333333325e+00
3.550000000000000000e+01,8.533570999999999174e+01,1.108219199999999915e+01,3.485891000000000073e+00
4.550000000000000000e+01,8.090716000000000463e+01,8.218550999999999718e+00,5.647868333333333268e+00
5.550000000000000000e+01,7.920001000000002023e+01,7.400357000000001406e+00,8.323632666666666680e+00
6.550000000000000000e+01,8.002429000000002191e+01,6.247241000000000710e+00,1.151493233333333421e+01
7.550000000000000000e+01,7.936715000000000941e+01,4.988565000000000360e+00,1.522944000000000031e+01
8.550000000000000000e+01,8.076000000000000512e+01,4.652510999999999619e+00,1.945833666666666772e+01
9.550000000000000000e+01,8.200428000000000850e+01,4.730196000000000289e+00,2.419870333333333434e+01
1.055000000000000000e+02,8.286570000000000391e+01,4.248903000000000318e+00,2.944859333333333140e+01
1.155000000000000000e+02,8.443428000000001532e+01,3.774329000000000267e+00,3.520858666666666181e+01
1.255000000000000000e+02,8.497428999999999633e+01,3.208935000000000315e+00,4.147849333333333277e+01
1.355000000000000000e+02,8.560714999999999009e+01,2.670046000000000141e+00,4.825686666666666724e+01
1.455000000000000000e+02,8.612145000000001005e+01,2.264782999999999991e+00,5.554457333333333224e+01
1.555000000000000000e+02,8.611855999999997380e+01,2.433466000000000129e+00,6.337983000000000544e+01
1.655000000000000000e+02,8.569857999999999265e+01,1.892650999999999639e+00,7.174462666666666166e+01
1.755000000000000000e+02,8.645426999999999396e+01,2.290005999999999986e+00,8.061885333333333392e+01
1.855000000000000000e+02,8.589141999999999655e+01,1.798679599999999823e+00,9.000153666666668073e+01
1.955000000000000000e+02,8.528570999999999458e+01,1.553806900000000102e+00,9.989314666666668074e+01
2.055000000000000000e+02,8.606143000000000143e+01,1.572501200000000043e+00,1.102938333333333532e+02
2.155000000000000000e+02,8.734714999999999918e+01,1.627058699999999858e+00,1.212080333333333328e+02
2.255000000000000000e+02,8.778571999999999775e+01,1.206640099999999993e+00,1.326368000000000222e+02
2.355000000000000000e+02,8.777855999999999881e+01,1.549422499999999925e+00,1.445785999999999945e+02
2.455000000000000000e+02,8.747141000000002009e+01,1.562936199999999998e+00,1.570350333333333026e+02
2.555000000000000000e+02,8.904285999999999035e+01,1.405681399999999970e+00,1.700010000000000048e+02
2.655000000000000000e+02,8.805999000000001331e+01,1.457243900000000369e+00,1.834758333333333553e+02
2.755000000000000000e+02,8.802285999999998012e+01,1.428170200000000056e+00,1.974610000000000127e+02
2.855000000000000000e+02,8.831426999999999339e+01,1.351703300000000052e+00,2.119564000000000306e+02
2.955000000000000000e+02,8.859143999999999153e+01,1.402070999999999845e+00,2.269629999999999654e+02
3.055000000000000000e+02,8.954141999999998802e+01,1.353847999999999940e+00,2.424781666666666808e+02
3.155000000000000000e+02,8.792001000000000488e+01,1.220781899999999975e+00,2.585039333333333502e+02
3.255000000000000000e+02,8.958715000000000828e+01,1.273526899999999795e+00,2.750378333333333671e+02
3.355000000000000000e+02,8.810713000000001216e+01,1.237670799999999849e+00,2.920804333333333034e+02
3.455000000000000000e+02,8.856001000000000545e+01,1.172029299999999941e+00,3.096304666666666776e+02
3.555000000000000000e+02,8.943713999999999942e+01,1.130277800000000221e+00,3.276883666666666386e+02
3.655000000000000000e+02,8.891571999999999321e+01,1.179807099999999886e+00,3.462552999999999770e+02
3.755000000000000000e+02,8.929572999999999183e+01,9.573051999999998563e-01,3.653320999999999685e+02
3.855000000000000000e+02,8.967284999999999684e+01,1.053475000000000161e+00,3.849166999999999348e+02
3.955000000000000000e+02,8.901285000000000025e+01,9.548275000000000512e-01,4.050082666666666569e+02
4.055000000000000000e+02,8.932998999999998091e+01,9.958346000000000142e-01,4.256070666666666398e+02
4.155000000000000000e+02,8.952284000000000219e+01,1.072127899999999912e+00,4.467139666666665789e+02
4.255000000000000000e+02,8.927714999999999179e+01,1.005752800000000002e+00,4.683284666666666567e+02
4.355000000000000000e+02,8.954144999999999754e+01,9.790635999999999228e-01,4.904505666666667025e+02
4.455000000000000000e+02,8.939570999999999401e+01,8.357534000000000907e-01,5.130810333333333801e+02
4.555000000000000000e+02,8.938000999999998442e+01,9.034174999999999844e-01,5.362189999999999372e+02
4.655000000000000000e+02,8.971714999999998952e+01,9.213142000000000831e-01,5.598651999999999589e+02
4.755000000000000000e+02,8.926998999999999285e+01,8.667871999999998689e-01,5.840195666666666057e+02
4.855000000000000000e+02,8.971427000000001328e+01,8.901134999999997799e-01,6.086824000000000296e+02
4.955000000000000000e+02,8.939142999999998551e+01,9.298080000000000789e-01,6.338553666666666686e+02
5.055000000000000000e+02,8.972570000000000334e+01,8.432261000000000895e-01,6.595370333333332837e+02
5.155000000000000000e+02,8.974573000000000889e+01,8.946319999999999828e-01,6.857269666666668400e+02
5.255000000000000000e+02,9.003573000000000093e+01,9.274149999999998784e-01,7.124245333333333292e+02
5.355000000000000000e+02,8.956571000000000993e+01,9.006066999999999823e-01,7.396312666666667610e+02
5.455000000000000000e+02,8.975285999999998410e+01,8.568948000000000675e-01,7.673460999999999785e+02
5.555000000000000000e+02,8.961713999999999203e+01,7.977402999999998467e-01,7.955676333333333332e+02
5.655000000000000000e+02,9.013712999999998488e+01,7.905491000000000046e-01,8.242971000000000004e+02
5.755000000000000000e+02,8.998143999999999210e+01,8.257033999999998652e-01,8.535365333333332956e+02
5.855000000000000000e+02,9.017715999999998644e+01,7.476724999999999621e-01,8.832887333333334254e+02
5.955000000000000000e+02,9.002999999999998693e+01,7.648637999999998716e-01,9.135537333333334118e+02
6.055000000000000000e+02,8.995429000000000030e+01,7.516344999999999832e-01,9.444536333333333005e+02
6.155000000000000000e+02,9.013141000000000247e+01,7.920498000000000260e-01,9.759378000000000384e+02
6.255000000000000000e+02,8.967712999999999113e+01,8.132388999999999868e-01,1.007936433333333525e+03
6.355000000000000000e+02,9.024998000000000786e+01,8.560777999999998888e-01,1.040448666666666668e+03
6.455000000000000000e+02,8.999571999999997729e+01,7.326492000000000004e-01,1.073478666666666413e+03
6.555000000000000000e+02,8.959570999999998264e+01,7.851453999999999933e-01,1.107020666666666784e+03
6.655000000000000000e+02,8.950143999999998812e+01,7.785917999999999450e-01,1.141071999999999889e+03
6.755000000000000000e+02,9.027142000000000621e+01,7.220759999999999401e-01,1.175633333333333439e+03
6.855000000000000000e+02,9.012857999999999947e+01,8.160279000000001393e-01,1.210704666666666526e+03
6.955000000000000000e+02,8.971999999999999886e+01,7.332023000000000845e-01,1.246286333333333459e+03
7.055000000000000000e+02,9.002142000000000621e+01,7.467574999999999630e-01,1.282378666666666732e+03
7.155000000000000000e+02,9.075572999999999979e+01,6.865281000000000855e-01,1.318980333333333419e+03
7.255000000000000000e+02,9.068857999999997332e+01,6.491934999999998679e-01,1.356094000000000051e+03
7.355000000000000000e+02,9.062287000000000603e+01,6.316660999999998971e-01,1.393715999999999894e+03
7.455000000000000000e+02,9.042856999999999346e+01,6.392832000000000514e-01,1.431848999999999933e+03
7.555000000000000000e+02,9.060999999999998522e+01,6.651093999999999618e-01,1.470493666666666741e+03
7.655000000000000000e+02,9.064570000000000505e+01,6.371134999999999993e-01,1.509648333333333085e+03
7.755000000000000000e+02,9.065287000000000717e+01,6.498223999999999112e-01,1.549312999999999874e+03
7.855000000000000000e+02,9.037715000000000032e+01,5.869343000000000199e-01,1.589486333333333505e+03
7.955000000000000000e+02,9.057285999999999149e+01,5.568689000000000000e-01,1.630170999999999822e+03
8.055000000000000000e+02,9.077855999999999881e+01,6.485636999999999652e-01,1.671374333333333652e+03
8.155000000000000000e+02,9.100142999999999915e+01,5.629583000000000226e-01,1.713088000000000193e+03
8.255000000000000000e+02,9.065715000000000146e+01,6.073671999999999960e-01,1.755316000000000031e+03
8.355000000000000000e+02,9.084427999999999770e+01,5.914078999999998754e-01,1.798053666666666686e+03
8.455000000000000000e+02,9.090858000000000061e+01,5.365206000000000142e-01,1.841302000000000135e+03
8.555000000000000000e+02,9.038712999999998488e+01,5.990429000000000448e-01,1.885058999999999969e+03
8.655000000000000000e+02,9.115715000000000146e+01,5.151788999999999952e-01,1.929327333333333172e+03
8.755000000000000000e+02,9.036855999999998801e+01,5.295936999999999450e-01,1.974105999999999767e+03
8.855000000000000000e+02,9.101570000000000960e+01,4.608590999999999660e-01,2.019395999999999958e+03
8.955000000000000000e+02,9.049856000000001188e+01,5.384541999999999939e-01,2.065198666666666213e+03
9.055000000000000000e+02,9.056428999999999974e+01,4.762902999999999443e-01,2.111511333333332914e+03
9.155000000000000000e+02,9.094284999999999286e+01,4.235735999999999946e-01,2.158335000000000036e+03
9.255000000000000000e+02,9.086429000000001110e+01,4.539079999999999226e-01,2.205670000000000073e+03
9.355000000000000000e+02,9.034855999999999199e+01,5.534190999999999416e-01,2.253514000000000124e+03
9.455000000000000000e+02,9.067000999999999067e+01,4.512384999999999313e-01,2.301868666666666741e+03
9.555000000000000000e+02,9.048429999999999040e+01,4.762503000000000708e-01,2.350732666666666773e+03
9.655000000000000000e+02,9.077570000000000050e+01,4.567105999999999666e-01,2.400105333333333419e+03
9.755000000000000000e+02,9.129856999999999800e+01,4.482112999999999792e-01,2.449989999999999782e+03
9.855000000000000000e+02,9.030715000000000714e+01,4.142583999999999156e-01,2.500386666666666315e+03
9.955000000000000000e+02,9.133999000000000024e+01,4.569451999999999958e-01,2.551297000000000025e+03
1.005500000000000000e+03,9.093572000000000344e+01,3.890224000000000459e-01,2.602717666666666446e+03
1.015500000000000000e+03,9.048857000000000994e+01,4.071721000000000368e-01,2.654648999999999887e+03
1.025500000000000000e+03,9.086428999999999689e+01,4.246506999999999366e-01,2.707092666666666446e+03
1.035500000000000000e+03,9.055427999999999145e+01,4.112987000000000171e-01,2.760047333333332972e+03
1.045500000000000000e+03,9.125714000000002102e+01,4.243997000000000464e-01,2.813512333333333572e+03
1.055500000000000000e+03,9.103144000000000347e+01,4.065026999999999946e-01,2.867489999999999782e+03
1.065500000000000000e+03,9.093143000000000598e+01,4.434554999999999469e-01,2.921979333333333216e+03
1.075500000000000000e+03,9.070857999999999777e+01,3.883575000000000221e-01,2.976980333333333419e+03
1.085500000000000000e+03,9.065285000000000082e+01,3.717579000000000300e-01,3.032493666666666741e+03
1.095500000000000000e+03,9.089858000000000970e+01,4.022200999999999693e-01,3.088519333333333179e+03
1.105500000000000000e+03,9.066285000000000593e+01,4.104500999999999844e-01,3.145056999999999789e+03
1.115500000000000000e+03,9.107858999999999128e+01,3.899226000000000081e-01,3.202104666666666162e+03
1.125500000000000000e+03,9.117001000000000488e+01,3.859885000000000121e-01,3.259663333333332957e+03
1.135500000000000000e+03,9.105284999999999229e+01,3.658598999999999601e-01,3.317733000000000175e+03
1.145500000000000000e+03,9.051429000000000258e+01,3.507147999999999932e-01,3.376313999999999851e+03
1.155500000000000000e+03,9.082571999999998980e+01,3.821448000000000067e-01,3.435407333333332645e+03
1.165500000000000000e+03,9.128141999999999712e+01,3.732048000000000032e-01,3.495012333333333572e+03
1.175500000000000000e+03,9.085430999999998392e+01,3.597659000000000273e-01,3.555129333333333307e+03
1.185500000000000000e+03,9.068142999999999176e+01,3.928899999999999615e-01,3.615759333333333871e+03
1.195500000000000000e+03,9.169429999999998415e+01,4.077893000000000212e-01,3.676904999999999745e+03
1.205500000000000000e+03,9.085430000000000916e+01,3.132135999999999809e-01,3.738616333333333841e+03
1.215500000000000000e+03,9.090286999999999296e+01,3.522325000000000594e-01,3.800861333333332823e+03
1.225500000000000000e+03,9.164286999999998784e+01,3.801458999999999810e-01,3.863616666666666333e+03
1.235500000000000000e+03,9.130857999999999208e+01,3.356780000000000319e-01,3.926883333333333667e+03
1.245500000000000000e+03,9.092427999999999599e+01,3.033330999999999666e-01,3.990661333333333459e+03
1.255500000000000000e+03,9.106286000000000058e+01,3.354914999999999980e-01,4.054949666666666417e+03
1.265500000000000000e+03,9.150000000000001421e+01,3.565232000000000401e-01,4.119750666666666802e+03
1.275500000000000000e+03,9.162143000000000370e+01,3.263148999999999633e-01,4.185065666666667312e+03
1.285500000000000000e+03,9.095858000000001198e+01,3.226554999999999840e-01,4.250890000000000327e+03
1.295500000000000000e+03,9.115999999999999659e+01,3.149351000000000234e-01,4.317226333333333969e+03
1.305500000000000000e+03,9.173715000000001396e+01,3.337689999999999824e-01,4.384074666666667326e+03
1.315500000000000000e+03,9.120000000000000284e+01,2.889774999999999983e-01,4.451432999999999993e+03
1.325500000000000000e+03,9.110569999999999879e+01,2.945429999999999993e-01,4.519301666666667188e+03
1.335500000000000000e+03,9.108142999999999745e+01,2.894495000000000262e-01,4.587678999999999178e+03
1.345500000000000000e+03,9.130857000000000312e+01,3.126762000000000707e-01,4.656575333333333219e+03
1.355500000000000000e+03,9.141141999999999257e+01,2.718280000000000141e-01,4.725987333333332572e+03
1.365500000000000000e+03,9.178571999999999775e+01,2.972770999999999608e-01,4.795910999999999149e+03
1.375500000000000000e+03,9.153143000000000029e+01,3.242729000000000306e-01,4.866345666666667057e+03
1.385500000000000000e+03,9.117286000000001422e+01,3.130646000000000262e-01,4.937294333333333270e+03
1.395500000000000000e+03,9.132284999999998831e+01,2.966901000000000121e-01,5.008752333333332899e+03
1.405500000000000000e+03,9.144284999999999286e+01,2.589903999999999540e-01,5.080722666666667465e+03
1.415500000000000000e+03,9.105143999999999949e+01,3.278382999999999714e-01,5.153204666666666526e+03
1.425500000000000000e+03,9.119428999999999519e+01,2.928396000000000332e-01,5.226198666666666213e+03
1.435500000000000000e+03,9.179143000000001962e+01,2.092093999999999898e-01,5.299705666666666730e+03
1.445500000000000000e+03,9.125001000000000317e+01,2.408080400000000287e-01,5.373724000000000160e+03
1.455500000000000000e+03,9.116141999999999257e+01,3.046391000000000515e-01,5.448253000000000611e+03
1.465500000000000000e+03,9.146715000000000373e+01,2.077716999999999758e-01,5.523291000000000167e+03
1.475500000000000000e+03,9.123857000000000994e+01,2.824453000000000102e-01,5.598841333333332841e+03
1.485500000000000000e+03,9.119142000000000792e+01,2.256691000000000114e-01,5.674905333333333147e+03
1.495500000000000000e+03,9.165570999999999913e+01,2.426012000000000446e-01,5.751482999999999265e+03
1.505500000000000000e+03,9.136285999999999774e+01,2.844029000000000140e-01,5.828584333333334143e+03
1.515500000000000000e+03,9.169714999999999350e+01,2.456643000000000021e-01,5.906202999999999520e+03
1.525500000000000000e+03,9.172572999999999865e+01,2.425222000000000211e-01,5.984333999999999833e+03
1.535500000000000000e+03,9.135571000000000197e+01,2.823816000000000104e-01,6.062978333333334376e+03
1.545500000000000000e+03,9.152285000000000537e+01,2.311014000000000124e-01,6.142139333333332615e+03
1.555500000000000000e+03,9.144571000000000538e+01,2.334978000000000053e-01,6.221820333333334020e+03
1.565500000000000000e+03,9.149141000000000190e+01,2.631181999999999688e-01,6.302014333333333525e+03
1.575500000000000000e+03,9.172142999999999802e+01,2.427339000000000024e-01,6.382722666666666555e+03
1.585500000000000000e+03,9.166429999999999723e+01,2.353959000000000468e-01,6.463944666666666308e+03
1.595500000000000000e+03,9.086571000000000708e+01,2.073588099999999768e-01,6.545679666666666890e+03
1.605500000000000000e+03,9.155143000000001052e+01,2.431547000000000014e-01,6.627927666666665573e+03
1.615500000000000000e+03,9.180426999999998827e+01,2.400844999999999785e-01,6.710689333333332797e+03
1.625500000000000000e+03,9.117998000000001468e+01,2.296227000000000129e-01,6.793962333333332026e+03
1.635500000000000000e+03,9.127000999999999920e+01,2.513877999999999946e-01,6.877747333333332790e+03
1.645500000000000000e+03,9.120144000000000517e+01,2.044913999999999898e-01,6.962046333333333678e+03
1.655500000000000000e+03,9.124143999999999721e+01,2.099584000000000172e-01,7.046855333333332965e+03
1.665500000000000000e+03,9.118999999999999773e+01,1.991836999999999913e-01,7.132177666666667392e+03
1.675500000000000000e+03,9.147569999999998913e+01,2.128403999999999852e-01,7.218011333333333823e+03
1.685500000000000000e+03,9.165570999999999913e+01,2.005629599999999846e-01,7.304354333333333670e+03
1.695500000000000000e+03,9.138714000000000226e+01,2.025826000000000016e-01,7.391211666666667043e+03
1.705500000000000000e+03,9.129285999999999035e+01,1.866986999999999952e-01,7.478580333333333328e+03
1.715500000000000000e+03,9.132572999999999297e+01,1.922216000000000202e-01,7.566464333333332434e+03
1.725500000000000000e+03,9.148714000000001079e+01,1.773996999999999935e-01,7.654858333333334485e+03
1.735500000000000000e+03,9.112713999999999714e+01,1.725057000000000118e-01,7.743769333333334544e+03
1.745500000000000000e+03,9.150571999999999662e+01,1.755489699999999709e-01,7.833194999999999709e+03
1.755500000000000000e+03,9.127142999999999518e+01,1.647675999999999863e-01,7.923133666666666613e+03
1.765500000000000000e+03,9.109857000000000937e+01,1.829491999999999785e-01,8.013581333333332623e+03
1.775500000000000000e+03,9.146000999999999692e+01,1.899618999999999891e-01,8.104542333333333772e+03
1.785500000000000000e+03,9.127571000000000367e+01,1.825012000000000023e-01,8.196018000000000029e+03
1.795500000000000000e+03,9.127000000000001023e+01,1.614105000000000123e-01,8.288004666666663979e+03
1.805500000000000000e+03,9.133286999999998557e+01,1.788184000000000162e-01,8.380502666666665391e+03
1.815500000000000000e+03,9.114000000000000057e+01,1.566294200000000192e-01,8.473511333333332004e+03
1.825500000000000000e+03,9.144001000000000090e+01,1.544511999999999829e-01,8.567031666666665842e+03
1.835500000000000000e+03,9.156286000000001479e+01,1.715182000000000095e-01,8.661062999999998283e+03
1.845500000000000000e+03,9.145856000000000563e+01,1.875784000000000062e-01,8.755606333333333168e+03
1.855500000000000000e+03,9.152285000000000537e+01,1.478670000000000262e-01,8.850661666666665042e+03
1.865500000000000000e+03,9.150428999999999746e+01,1.506770399999999843e-01,8.946229333333332761e+03
1.875500000000000000e+03,9.141285999999999490e+01,1.370980400000000043e-01,9.042309333333334507e+03
1.885500000000000000e+03,9.175000000000000000e+01,1.690676000000000123e-01,9.138900666666666439e+03
1.895500000000000000e+03,9.142571000000000936e+01,1.417019299999999760e-01,9.236003999999998996e+03
1.905500000000000000e+03,9.166714999999999236e+01,1.457838800000000046e-01,9.333617666666666992e+03
1.915500000000000000e+03,9.166285999999999490e+01,1.798499199999999965e-01,9.431741666666666788e+03
1.925500000000000000e+03,9.160000999999999749e+01,1.575428000000000106e-01,9.530378666666667414e+03
1.935500000000000000e+03,9.157572000000000401e+01,1.909114600000000050e-01,9.629528333333331830e+03
1.945500000000000000e+03,9.150856000000000279e+01,1.519696799999999959e-01,9.729189666666667108e+03
1.955500000000000000e+03,9.143142999999999176e+01,1.893674900000000272e-01,9.829363666666667996e+03
1.965500000000000000e+03,9.139857000000000653e+01,2.171710000000000029e-01,9.930047333333333881e+03
1.975500000000000000e+03,9.116285000000000593e+01,1.835907999999999984e-01,1.003123766666666597e+04
1.985500000000000000e+03,9.136571000000000708e+01,1.572784500000000141e-01,1.013295333333333292e+04
1.995500000000000000e+03,9.125142999999999915e+01,1.823933999999999833e-01,1.023516333333333387e+04
2.005500000000000000e+03,9.147857000000000482e+01,1.841606100000000024e-01,1.033790666666666766e+04
2.015500000000000000e+03,9.133857000000000426e+01,1.804356400000000082e-01,1.044114333333333525e+04
2.025500000000000000e+03,9.153857000000000710e+01,1.858649399999999785e-01,1.054490000000000146e+04
2.035500000000000000e+03,9.129571000000001391e+01,1.819702000000000264e-01,1.064915999999999985e+04
2.045500000000000000e+03,9.148001000000000715e+01,2.113672999999999802e-01,1.075395333333333292e+04
2.055500000000000000e+03,9.163000000000000966e+01,1.802350199999999958e-01,1.085923666666666759e+04
2.065500000000000000e+03,9.132999999999999829e+01,1.679338999999999971e-01,1.096503000000000065e+04
2.075500000000000000e+03,9.130714000000000397e+01,1.933747000000000105e-01,1.107135666666666657e+04
2.085500000000000000e+03,9.169285000000000707e+01,1.924734999999999918e-01,1.117819666666666672e+04
2.095500000000000000e+03,9.140142000000000166e+01,1.598309200000000152e-01,1.128554999999999927e+04
2.105500000000000000e+03,9.125285000000000935e+01,1.927487000000000228e-01,1.139341333333333387e+04
2.115500000000000000e+03,9.121000999999999692e+01,1.422776300000000160e-01,1.150179666666666526e+04
2.125500000000000000e+03,9.163714999999999122e+01,1.994829000000000185e-01,1.161067666666666628e+04
2.135500000000000000e+03,9.149571000000000254e+01,1.908461000000000185e-01,1.172008333333333212e+04
2.145500000000000000e+03,9.133285000000002185e+01,1.503477000000000285e-01,1.182999000000000160e+04
2.155500000000000000e+03,9.125144000000000233e+01,1.593641499999999822e-01,1.194042333333333227e+04
2.165500000000000000e+03,9.167286000000000001e+01,1.580458899999999944e-01,1.205135666666666657e+04
2.175500000000000000e+03,9.140572000000000230e+01,1.563219299999999978e-01,1.216280666666666548e+04
2.185500000000000000e+03,9.140285000000001503e+01,1.733978099999999856e-01,1.227476666666666642e+04
2.195500000000000000e+03,9.155714000000000397e+01,1.543414999999999926e-01,1.238723999999999978e+04
2.205500000000000000e+03,9.129285000000001560e+01,1.556327399999999916e-01,1.250023000000000138e+04
2.215500000000000000e+03,9.148570000000000846e+01,1.574547099999999977e-01,1.261373999999999978e+04
2.225500000000000000e+03,9.127857000000000198e+01,1.764051000000000091e-01,1.272775666666666621e+04
2.235500000000000000e+03,9.129142999999999120e+01,1.632693900000000142e-01,1.284227333333333445e+04
2.245500000000000000e+03,9.137429000000000201e+01,1.857559000000000016e-01,1.295731333333333350e+04
2.255500000000000000e+03,9.146857000000001392e+01,1.536510999999999849e-01,1.307286666666666679e+04
2.265500000000000000e+03,9.114856999999999232e+01,1.789726999999999846e-01,1.318893666666666650e+04
2.275500000000000000e+03,9.120427999999999713e+01,1.391610100000000017e-01,1.330552333333333445e+04
2.285500000000000000e+03,9.136713999999999203e+01,1.638398000000000077e-01,1.342261999999999898e+04
2.295500000000000000e+03,9.134713999999999601e+01,1.580970200000000048e-01,1.354021666666666533e+04
2.305500000000000000e+03,9.109999999999999432e+01,1.457625800000000027e-01,1.365834333333333234e+04
2.315500000000000000e+03,9.138857999999999038e+01,1.345798500000000009e-01,1.377698000000000138e+04
2.325500000000000000e+03,9.138856999999998720e+01,1.417083499999999829e-01,1.389613333333333503e+04
2.335500000000000000e+03,9.135285000000000366e+01,1.480948300000000106e-01,1.401581000000000131e+04
2.345500000000000000e+03,9.160571000000000197e+01,1.571204999999999963e-01,1.413599666666666781e+04
2.355500000000000000e+03,9.149427000000000021e+01,1.375139199999999839e-01,1.425667999999999847e+04
2.365500000000000000e+03,9.147428999999999633e+01,1.422131799999999946e-01,1.437788666666666359e+04
2.375500000000000000e+03,9.166284000000001697e+01,1.542687299999999928e-01,1.449961666666666861e+04
2.385500000000000000e+03,9.140287000000000717e+01,1.365608199999999717e-01,1.462184333333333234e+04
2.395500000000000000e+03,9.134429999999998984e+01,1.480377999999999972e-01,1.474460333333333256e+04
2.405500000000000000e+03,9.144428000000000623e+01,1.392010199999999809e-01,1.486805666666666730e+04
2.415500000000000000e+03,9.152855999999999881e+01,1.453921999999999992e-01,1.499203333333333103e+04
2.425500000000000000e+03,9.140572000000000230e+01,1.520266000000000117e-01,1.511654000000000269e+04
2.435500000000000000e+03,9.140858000000000061e+01,1.354795200000000199e-01,1.524156333333333532e+04
2.445500000000000000e+03,9.136141999999999541e+01,1.381667099999999704e-01,1.536707666666666591e+04
2.455500000000000000e+03,9.117714999999999748e+01,1.451983599999999985e-01,1.549311000000000058e+04
2.465500000000000000e+03,9.139142999999999972e+01,1.267212300000000180e-01,1.561967000000000189e+04
2.475500000000000000e+03,9.138286000000000797e+01,1.311120500000000078e-01,1.574674333333333198e+04
2.485500000000000000e+03,9.160711999999998056e+01,1.334057800000000016e-01,1.587431000000000131e+04
2.495500000000000000e+03,9.137000000000000455e+01,1.186407800000000012e-01,1.600239333333333525e+04
2.505500000000000000e+03,9.150000999999998896e+01,1.374247000000000107e-01,1.613100333333333219e+04
2.515500000000000000e+03,9.132285000000000252e+01,1.175088600000000066e-01,1.626011666666666497e+04
2.525500000000000000e+03,9.143856999999999857e+01,1.076171900000000015e-01,1.638973000000000320e+04
2.535500000000000000e+03,9.137000000000001876e+01,1.168074500000000071e-01,1.651986333333333096e+04
2.545500000000000000e+03,9.135429999999999495e+01,1.096326799999999962e-01,1.665053333333333285e+04
2.555500000000000000e+03,9.146571000000000140e+01,1.283156999999999770e-01,1.678167000000000553e+04
2.565500000000000000e+03,9.108714999999999407e+01,1.031867499999999938e-01,1.691334000000000378e+04
2.575500000000000000e+03,9.137427999999999884e+01,1.000719899999999996e-01,1.704552333333333081e+04
2.585500000000000000e+03,9.126000000000001933e+01,1.030764200000000158e-01,1.717823666666666759e+04
2.595500000000000000e+03,9.132714999999998895e+01,9.564182000000000239e-02,1.731145666666666511e+04
2.605500000000000000e+03,9.135142999999999347e+01,1.214808699999999908e-01,1.744517333333333227e+04
2.615500000000000000e+03,9.137001000000000772e+01,1.061333099999999946e-01,1.757942666666666992e+04
2.625500000000000000e+03,9.151429999999999154e+01,1.005209299999999945e-01,1.771418666666666832e+04
2.635500000000000000e+03,9.142857999999999663e+01,9.486245000000001482e-02,1.784945999999999913e+04
2.645500000000000000e+03,9.144714000000000453e+01,1.020868800000000187e-01,1.798523999999999796e+04
2.655500000000000000e+03,9.132999999999998408e+01,9.661714000000000413e-02,1.812153666666666686e+04
2.665500000000000000e+03,9.130713000000000079e+01,9.656490000000000906e-02,1.825834999999999854e+04
2.675500000000000000e+03,9.143142000000000280e+01,1.164688200000000007e-01,1.839569000000000233e+04
2.685500000000000000e+03,9.131999000000001843e+01,1.002756999999999954e-01,1.853352000000000044e+04
2.695500000000000000e+03,9.134856999999999516e+01,1.152400999999999981e-01,1.867187999999999738e+04
2.705500000000000000e+03,9.143713999999999942e+01,9.455589999999999828e-02,1.881073999999999796e+04
2.715500000000000000e+03,9.147857999999999379e+01,8.043639999999999124e-02,1.895011333333333459e+04
2.725500000000000000e+03,9.126427999999999940e+01,7.630950999999999707e-02,1.909002000000000044e+04
2.735500000000000000e+03,9.155857000000000312e+01,9.030721999999999361e-02,1.923041333333333387e+04
2.745500000000000000e+03,9.138142999999999461e+01,8.264743000000000783e-02,1.937133666666666613e+04
2.755500000000000000e+03,9.139141999999998234e+01,8.475644000000000233e-02,1.951277000000000044e+04
2.765500000000000000e+03,9.132713999999999999e+01,9.078160000000000396e-02,1.965471000000000276e+04
2.775500000000000000e+03,9.138570999999998890e+01,8.528336999999999724e-02,1.979716666666666424e+04
2.785500000000000000e+03,9.152570000000000050e+01,9.069674000000001179e-02,1.994013333333333503e+04
2.795500000000000000e+03,9.141000999999999976e+01,8.185508999999999147e-02,2.008361666666666861e+04
2.805500000000000000e+03,9.128713999999999373e+01,8.987939000000000345e-02,2.022762999999999738e+04
2.815500000000000000e+03,9.158572999999999809e+01,8.339602999999998212e-02,2.037213999999999578e+04
2.825500000000000000e+03,9.132143999999999551e+01,6.695647000000001792e-02,2.051715333333333183e+04
2.835500000000000000e+03,9.127714000000000283e+01,7.682920999999999501e-02,2.066269666666667035e+04
2.845500000000000000e+03,9.130714000000000397e+01,8.685127000000000819e-02,2.080875333333333401e+04
2.855500000000000000e+03,9.137431000000000836e+01,7.777557999999999694e-02,2.095531999999999971e+04
2.865500000000000000e+03,9.116857000000001676e+01,7.998853000000000213e-02,2.110239666666666744e+04
2.875500000000000000e+03,9.126856999999999687e+01,8.129342999999999986e-02,2.124999333333332834e+04
2.885500000000000000e+03,9.115285999999998978e+01,6.887838000000000294e-02,2.139809666666666453e+04
2.895500000000000000e+03,9.148001000000000715e+01,6.800188999999999540e-02,2.154672000000000116e+04
2.905500000000000000e+03,9.136571999999999605e+01,9.074551000000000145e-02,2.169585666666666657e+04
2.915500000000000000e+03,9.115570999999999913e+01,7.236618000000001605e-02,2.184550666666666802e+04
2.925500000000000000e+03,9.154570999999999970e+01,7.189680999999999156e-02,2.199567000000000189e+04
2.935500000000000000e+03,9.144001999999998986e+01,8.506920000000001147e-02,2.214636000000000058e+04
2.945500000000000000e+03,9.121284999999998888e+01,8.379730000000000512e-02,2.229753666666667050e+04
2.955500000000000000e+03,9.121000000000000796e+01,7.561418999999999779e-02,2.244924666666666599e+04
2.965500000000000000e+03,9.132287000000000887e+01,7.347725999999998869e-02,2.260146333333333314e+04
2.975500000000000000e+03,9.119713000000000136e+01,5.963534000000000196e-02,2.275419666666666672e+04
2.985500000000000000e+03,9.156141999999999825e+01,7.034218000000000415e-02,2.290744333333333634e+04
2.995500000000000000e+03,9.111572999999999922e+01,6.139012000000000635e-02,2.306119333333333270e+04
3.005500000000000000e+03,9.109572000000000003e+01,6.603296999999999639e-02,2.321546666666666715e+04
3.015500000000000000e+03,9.143143000000000598e+01,7.372767999999998989e-02,2.337025999999999840e+04
3.025500000000000000e+03,9.143998999999999455e+01,6.593786999999999565e-02,2.352556666666666570e+04
3.035500000000000000e+03,9.118429999999999325e+01,5.626119999999999732e-02,2.368137999999999738e+04
3.045500000000000000e+03,9.114142999999999972e+01,5.718735000000000485e-02,2.383770999999999913e+04
3.055500000000000000e+03,9.117856000000000449e+01,5.922370000000000412e-02,2.399457333333333372e+04
3.065500000000000000e+03,9.132572000000001822e+01,5.869261999999999396e-02,2.415193666666666832e+04
3.075500000000000000e+03,9.121141000000001497e+01,6.703170999999999435e-02,2.430980333333333328e+04
3.085500000000000000e+03,9.128571999999999775e+01,5.843194000000000166e-02,2.446819333333333270e+04
3.095500000000000000e+03,9.127856999999998777e+01,5.381967000000000695e-02,2.462711666666666497e+04
3.105500000000000000e+03,9.108286999999999978e+01,6.284798999999999247e-02,2.478652333333333081e+04
3.115500000000000000e+03,9.121142999999999290e+01,5.093386999999999221e-02,2.494647333333333518e+04
3.125500000000000000e+03,9.126286000000001764e+01,6.319712000000000940e-02,2.510693666666666832e+04
3.135500000000000000e+03,9.122572000000000969e+01,4.975820000000000937e-02,2.526790000000000146e+04
3.145500000000000000e+03,9.144142999999999688e+01,5.327319000000000498e-02,2.542938666666666904e+04
3.155500000000000000e+03,9.120856000000000563e+01,6.300799999999999457e-02,2.559138000000000102e+04
3.165500000000000000e+03,9.118856999999999857e+01,5.994406000000000734e-02,2.575389666666666744e+04
3.175500000000000000e+03,9.129144000000000858e+01,5.690950999999999649e-02,2.591689999999999782e+04
3.185500000000000000e+03,9.124571000000000254e+01,5.075868999999999520e-02,2.608044999999999709e+04
3.195500000000000000e+03,9.124571000000000254e+01,4.283594999999999764e-02,2.624450666666666439e+04
3.205500000000000000e+03,9.118000000000000682e+01,4.039998999999999674e-02,2.640906333333333532e+04
3.215500000000000000e+03,9.139571999999999719e+01,4.971949999999999287e-02,2.657413666666666541e+04
3.225500000000000000e+03,9.130284999999999229e+01,3.950330999999999981e-02,2.673972666666666555e+04
3.235500000000000000e+03,9.123000999999999294e+01,5.043189999999999479e-02,2.690583666666666250e+04
3.245500000000000000e+03,9.114142000000001076e+01,4.104445999999999095e-02,2.707247000000000116e+04
3.255500000000000000e+03,9.118715000000000259e+01,3.412068999999999519e-02,2.723964666666666744e+04
3.265500000000000000e+03,9.124713999999998748e+01,3.600384999999999697e-02,2.740731999999999971e+04
3.275500000000000000e+03,9.130284999999999229e+01,3.966710999999999848e-02,2.757551666666667006e+04
3.285500000000000000e+03,9.115000000000000568e+01,3.364701999999999971e-02,2.774422333333333518e+04
3.295500000000000000e+03,9.135715000000000430e+01,5.478318000000000076e-02,2.791344000000000233e+04
3.305500000000000000e+03,9.124855999999999767e+01,4.243979999999999975e-02,2.808318000000000029e+04
3.315500000000000000e+03,9.115998000000000445e+01,3.928638999999999742e-02,2.825341666666666788e+04
3.325500000000000000e+03,9.131857999999999720e+01,3.938967000000000163e-02,2.842418333333333067e+04
3.335500000000000000e+03,9.137143000000000370e+01,4.163002999999999842e-02,2.859544666666666672e+04
3.345500000000000000e+03,9.118571000000001447e+01,3.573552000000000672e-02,2.876722999999999956e+04
3.355500000000000000e+03,9.146571000000001561e+01,4.298325000000000756e-02,2.893953333333333285e+04
3.365500000000000000e+03,9.138570999999998890e+01,4.050186000000000064e-02,2.911234333333333416e+04
3.375500000000000000e+03,9.120714000000000965e+01,3.557499999999999551e-02,2.928568000000000029e+04
3.385500000000000000e+03,9.132999999999999829e+01,4.338538000000000117e-02,2.945952333333333809e+04
3.395500000000000000e+03,9.119998999999999967e+01,3.766810999999999077e-02,2.963389000000000306e+04
3.405500000000000000e+03,9.129715000000000202e+01,3.360983000000000026e-02,2.980876333333332877e+04
3.415500000000000000e+03,9.146715000000000373e+01,3.331623000000000223e-02,2.998414666666666017e+04
3.425500000000000000e+03,9.144712999999998715e+01,3.590196000000000359e-02,3.016003999999999724e+04
3.435500000000000000e+03,9.122999999999998977e+01,3.304257000000000721e-02,3.033645999999999913e+04
3.445500000000000000e+03,9.129286000000000456e+01,3.660225999999999064e-02,3.051339000000000306e+04
3.455500000000000000e+03,9.139572000000001140e+01,3.267702000000000107e-02,3.069084333333333052e+04
3.465500000000000000e+03,9.136570000000000391e+01,3.433639999999999609e-02,3.086879333333333489e+04
3.475500000000000000e+03,9.129285999999999035e+01,2.661749000000000059e-02,3.104726333333332877e+04
3.485500000000000000e+03,9.131856999999999402e+01,4.197588000000000014e-02,3.122626333333333605e+04
3.495500000000000000e+03,9.140855999999999426e+01,2.625696000000000280e-02,3.140576333333333605e+04
3.505500000000000000e+03,9.143143000000000598e+01,3.269863999999999410e-02,3.158578000000000611e+04
3.515500000000000000e+03,9.129429000000000372e+01,3.019379999999999981e-02,3.176630666666666366e+04
3.525500000000000000e+03,9.142714999999999748e+01,2.531382999999999897e-02,3.194735333333333256e+04
3.535500000000000000e+03,9.139856999999999232e+01,2.644565999999999931e-02,3.212890333333333183e+04
3.545500000000000000e+03,9.133856000000000108e+01,3.015281999999999685e-02,3.231097333333333518e+04
3.555500000000000000e+03,9.128856999999999289e+01,2.832757000000000330e-02,3.249355666666666366e+04
3.565500000000000000e+03,9.138712999999999909e+01,2.693421999999999830e-02,3.267665666666666948e+04
3.575500000000000000e+03,9.132000999999999635e+01,2.612287999999999763e-02,3.286026333333332877e+04
3.585500000000000000e+03,9.136572999999999922e+01,2.821739999999999665e-02,3.304439333333333343e+04
3.595500000000000000e+03,9.130142999999998210e+01,2.513672999999999602e-02,3.322903666666666686e+04
3.605500000000000000e+03,9.131572000000001310e+01,2.570615999999999873e-02,3.341418666666666832e+04
3.615500000000000000e+03,9.153856000000000392e+01,2.517653000000000252e-02,3.359986333333332732e+04
3.625500000000000000e+03,9.136571999999999605e+01,3.129173999999999845e-02,3.378602666666666482e+04
3.635500000000000000e+03,9.148145000000000948e+01,2.838216000000000003e-02,3.397272666666666919e+04
3.645500000000000000e+03,9.127285000000000537e+01,3.088867000000000002e-02,3.415992333333333227e+04
3.655500000000000000e+03,9.141428999999999405e+01,2.724757000000000567e-02,3.434764333333334071e+04
3.665500000000000000e+03,9.138427999999998974e+01,2.712409000000000001e-02,3.453587000000000262e+04
3.675500000000000000e+03,9.140283999999999764e+01,2.754493000000000219e-02,3.472460333333333256e+04
3.685500000000000000e+03,9.157283000000001039e+01,2.494286000000000073e-02,3.491386333333332732e+04
3.695500000000000000e+03,9.134571000000001106e+01,2.478199000000000027e-02,3.510362666666666337e+04
3.705500000000000000e+03,9.139714999999998213e+01,2.953705999999999693e-02,3.529390666666666220e+04
3.715500000000000000e+03,9.149857000000001506e+01,2.472374000000000099e-02,3.548469666666666308e+04
3.725500000000000000e+03,9.131570000000000675e+01,2.459122999999999865e-02,3.567600666666666802e+04
3.735500000000000000e+03,9.140143000000000484e+01,2.463297999999999877e-02,3.586781999999999243e+04
3.745500000000000000e+03,9.152142000000000621e+01,3.342381999999999298e-02,3.606015666666666220e+04
3.755500000000000000e+03,9.134286000000000172e+01,2.625688999999999801e-02,3.625300000000000000e+04
3.765500000000000000e+03,9.129713999999999885e+01,2.914632000000000334e-02,3.644636333333332732e+04
3.775500000000000000e+03,9.128713000000000477e+01,3.745384000000000213e-02,3.664025666666666802e+04
3.785500000000000000e+03,9.138142999999999461e+01,2.818957999999999881e-02,3.683463666666667268e+04
3.795500000000000000e+03,9.143856999999999857e+01,3.051496000000000069e-02,3.702955333333332965e+04
3.805500000000000000e+03,9.136857000000000539e+01,2.581080000000000180e-02,3.722495999999999913e+04
3.815500000000000000e+03,9.141287000000001228e+01,2.695387000000000130e-02,3.742088666666666541e+04
3.825500000000000000e+03,9.147429000000002475e+01,3.194357999999999920e-02,3.761733666666666977e+04
3.835500000000000000e+03,9.147284999999999400e+01,2.944749999999999798e-02,3.781428999999999360e+04
3.845500000000000000e+03,9.147428999999999633e+01,2.889827999999999841e-02,3.801176666666667006e+04
3.855500000000000000e+03,9.129429999999999268e+01,2.808300000000000379e-02,3.820974333333333198e+04
3.865500000000000000e+03,9.129571000000001391e+01,2.831807000000000074e-02,3.840825333333333401e+04
3.875500000000000000e+03,9.133428000000000679e+01,3.261352000000000001e-02,3.860727333333333081e+04
3.885500000000000000e+03,9.152715000000000600e+01,3.013331000000000343e-02,3.880679666666666890e+04
3.895500000000000000e+03,9.130572000000000799e+01,3.035006000000000162e-02,3.900684666666666453e+04
3.905500000000000000e+03,9.132571000000000083e+01,2.740437999999999902e-02,3.920739333333333343e+04
3.915500000000000000e+03,9.137429000000000201e+01,2.679928999999999645e-02,3.940847666666666919e+04
3.925500000000000000e+03,9.147429999999999950e+01,3.304001000000000160e-02,3.961008333333332848e+04
3.935500000000000000e+03,9.132430000000000803e+01,3.026965999999999685e-02,3.981219333333332906e+04
3.945500000000000000e+03,9.162713000000000818e+01,2.878075000000000078e-02,4.001483666666667705e+04
3.955500000000000000e+03,9.142715999999998644e+01,2.469100999999999935e-02,4.021797666666666919e+04
3.965500000000000000e+03,9.148142999999998892e+01,2.395084000000000102e-02,4.042163666666667268e+04
3.975500000000000000e+03,9.147000999999998783e+01,2.402352999999999780e-02,4.062581666666667297e+04
3.985500000000000000e+03,9.144714000000000453e+01,2.713713999999999710e-02,4.083049333333333198e+04
3.995500000000000000e+03,9.138428000000000395e+01,2.399480000000000363e-02,4.103572333333334245e+04
4.005500000000000000e+03,9.153999000000000308e+01,2.493615999999999888e-02,4.124144999999999709e+04
4.015500000000000000e+03,9.148570999999999742e+01,2.574268000000000042e-02,4.144768333333332703e+04
4.025500000000000000e+03,9.148855999999999256e+01,2.528916999999999971e-02,4.165443333333333430e+04
4.035500000000000000e+03,9.147142999999999802e+01,2.983132000000000145e-02,4.186169666666666308e+04
4.045500000000000000e+03,9.142857000000000767e+01,2.370719999999999772e-02,4.206946999999999389e+04
4.055500000000000000e+03,9.148573000000000377e+01,2.716787999999999842e-02,4.227777000000000407e+04
4.065500000000000000e+03,9.151714000000001192e+01,2.366582999999999881e-02,4.248657666666667501e+04
4.075500000000000000e+03,9.142856000000000449e+01,2.617507000000000167e-02,4.269590333333333547e+04
4.085500000000000000e+03,9.152571000000000367e+01,2.359909999999999786e-02,4.290574666666666599e+04
4.095500000000000000e+03,9.147427999999999315e+01,2.391803999999999805e-02,4.311609666666666453e+04
4.105500000000000000e+03,9.149716000000000804e+01,2.552280000000000174e-02,4.332694999999999709e+04
4.115500000000000000e+03,9.140569999999999595e+01,2.350928999999999866e-02,4.353833666666666977e+04
4.125500000000000000e+03,9.155713999999998975e+01,2.337045000000000095e-02,4.375022333333333518e+04
4.135500000000000000e+03,9.159000000000000341e+01,2.333722999999999700e-02,4.396263666666667268e+04
4.145500000000000000e+03,9.168857000000001278e+01,2.342341999999999688e-02,4.417553999999999360e+04
4.155500000000000000e+03,9.145000999999999181e+01,2.332421000000000494e-02,4.438898333333332994e+04
4.165500000000000000e+03,9.145286000000001536e+01,2.320499000000000173e-02,4.460293666666666832e+04
4.175500000000000000e+03,9.151714000000001192e+01,2.321830999999999895e-02,4.481740666666666220e+04
4.185500000000000000e+03,9.156714999999999804e+01,2.327383000000000229e-02,4.503236999999999534e+04
4.195500000000000000e+03,9.152000000000001023e+01,2.320443000000000505e-02,4.524786666666666861e+04
4.205500000000000000e+03,9.157000000000000739e+01,2.318908000000000427e-02,4.546387666666666337e+04
4.215500000000000000e+03,9.150142999999999915e+01,2.326788999999999941e-02,4.568039666666666744e+04
4.225500000000000000e+03,9.154429000000000372e+01,2.309626999999999861e-02,4.589744666666666308e+04
4.235500000000000000e+03,9.148571000000001163e+01,2.309084999999999957e-02,4.611499333333333198e+04
4.245500000000000000e+03,9.143712999999999624e+01,2.302113999999999897e-02,4.633306333333333168e+04
4.255500000000000000e+03,9.150142999999999915e+01,2.311256000000000074e-02,4.655163333333333867e+04
4.265500000000000000e+03,9.152429000000000769e+01,2.293036000000000380e-02,4.677073000000000320e+04
4.275500000000000000e+03,9.154857999999998697e+01,2.293603999999999782e-02,4.699035666666666657e+04
4.285500000000000000e+03,9.160426999999999964e+01,2.293939000000000047e-02,4.721046000000000640e+04
4.295500000000000000e+03,9.141858000000000573e+01,2.305429999999999632e-02,4.743109333333333780e+04
4.305500000000000000e+03,9.157000999999999635e+01,2.286968999999999808e-02,4.765224666666666599e+04
4.315500000000000000e+03,9.148857000000000994e+01,2.293993000000000074e-02,4.787390333333332819e+04
4.325500000000000000e+03,9.153143000000000029e+01,2.287635000000000016e-02,4.809606000000000495e+04
4.335500000000000000e+03,9.164716000000001372e+01,2.298756000000000063e-02,4.831874666666665871e+04
4.345500000000000000e+03,9.147999999999998977e+01,2.280831000000000178e-02,4.854194666666667035e+04
4.355500000000000000e+03,9.147143000000001223e+01,2.278646999999999617e-02,4.876565333333333547e+04
4.365500000000000000e+03,9.155856000000001416e+01,2.273687999999999751e-02,4.898988666666667268e+04
4.375500000000000000e+03,9.156426999999999339e+01,2.272523000000000251e-02,4.921463000000000466e+04
4.385500000000000000e+03,9.162286000000000286e+01,2.267937999999999898e-02,4.943986999999999534e+04
4.395500000000000000e+03,9.161141999999999541e+01,2.261360999999999927e-02,4.966563999999999214e+04
4.405500000000000000e+03,9.158001000000000147e+01,2.260649999999999465e-02,4.989190333333333547e+04
4.415500000000000000e+03,9.172999999999998977e+01,2.270634000000000194e-02,5.011869333333333634e+04
4.425500000000000000e+03,9.159714999999999918e+01,2.267389000000000210e-02,5.034600000000000728e+04
4.435500000000000000e+03,9.152712999999999965e+01,2.254769000000000218e-02,5.057380333333333692e+04
4.445500000000000000e+03,9.156000000000000227e+01,2.265242999999999771e-02,5.080212000000000262e+04
4.455500000000000000e+03,9.164000999999998953e+01,2.246969000000000050e-02,5.103096999999999389e+04
4.465500000000000000e+03,9.152714999999999179e+01,2.259942999999999674e-02,5.126030000000000291e+04
4.475500000000000000e+03,9.156713999999999487e+01,2.251381999999999689e-02,5.149018333333333430e+04
4.485500000000000000e+03,9.169856000000000051e+01,2.242736000000000035e-02,5.172054666666666890e+04
4.495500000000000000e+03,9.163143999999999778e+01,2.242593999999999838e-02,5.195143666666666832e+04
4.505500000000000000e+03,9.158999000000000024e+01,2.248098999999999931e-02,5.218284999999999854e+04
4.515500000000000000e+03,9.165426999999999680e+01,2.235562999999999786e-02,5.241476000000000204e+04
4.525500000000000000e+03,9.165000000000000568e+01,2.234513999999999598e-02,5.264719999999999709e+04
4.535500000000000000e+03,9.158715999999999724e+01,2.227457999999999869e-02,5.288015999999999622e+04
4.545500000000000000e+03,9.169571999999999434e+01,2.230697000000000235e-02,5.311362000000000990e+04
4.555500000000000000e+03,9.161571999999998184e+01,2.237495000000000109e-02,5.334759999999999854e+04
4.565500000000000000e+03,9.158286999999999978e+01,2.225468000000000238e-02,5.358207333333334100e+04
4.575500000000000000e+03,9.170001000000000602e+01,2.219971999999999918e-02,5.381707333333334100e+04
4.585500000000000000e+03,9.167571999999999832e+01,2.217967000000000202e-02,5.405259999999999854e+04
4.595500000000000000e+03,9.170144000000000517e+01,2.218519000000000047e-02,5.428861333333332732e+04
4.605500000000000000e+03,9.162715000000000032e+01,2.214255999999999863e-02,5.452514666666665289e+04
4.615500000000000000e+03,9.163428000000000395e+01,2.218619999999999967e-02,5.476220666666666511e+04
4.625500000000000000e+03,9.174143000000000825e+01,2.216509000000000534e-02,5.499976666666666279e+04
4.635500000000000000e+03,9.155428000000000566e+01,2.213098999999999622e-02,5.523784333333333780e+04
4.645500000000000000e+03,9.165713999999999828e+01,2.206112000000000004e-02,5.547643666666666832e+04
4.655500000000000000e+03,9.163428000000000395e+01,2.204046000000000130e-02,5.571553333333332557e+04
4.665500000000000000e+03,9.162001000000000772e+01,2.200285999999999909e-02,5.595515333333333547e+04
4.675500000000000000e+03,9.166571999999999321e+01,2.202630000000000213e-02,5.619527333333333809e+04
4.685500000000000000e+03,9.169284000000001811e+01,2.194325999999999915e-02,5.643590999999999622e+04
4.695500000000000000e+03,9.177430000000001087e+01,2.204994000000000051e-02,5.667706666666667297e+04
4.705500000000000000e+03,9.181430000000000291e+01,2.198307999999999859e-02,5.691873333333333721e+04
4.715500000000000000e+03,9.171572000000000457e+01,2.190420000000000214e-02,5.716092666666665900e+04
4.725500000000000000e+03,9.178283999999999310e+01,2.191465999999999900e-02,5.740360333333333256e+04
4.735500000000000000e+03,9.175142999999999915e+01,2.186572999999999989e-02,5.764682666666666046e+04
4.745500000000000000e+03,9.160857999999998924e+01,2.192117999999999844e-02,5.789056999999999243e+04
4.755500000000000000e+03,9.176428000000001362e+01,2.190170000000000311e-02,5.813479333333333489e+04
4.765500000000000000e+03,9.185429000000000599e+01,2.187223999999999766e-02,5.837955000000000291e+04
4.775500000000000000e+03,9.177286999999999750e+01,2.178062000000000401e-02,5.862482666666667501e+04
4.785500000000000000e+03,9.169570999999999117e+01,2.183027999999999705e-02,5.887061666666666133e+04
4.795500000000000000e+03,9.169428999999999519e+01,2.174943000000000015e-02,5.911725333333334129e+04
4.805500000000000000e+03,9.167570999999999515e+01,2.171412000000000342e-02,5.936523333333333721e+04
4.815500000000000000e+03,9.174000999999999806e+01,2.176953000000000221e-02,5.961376000000000931e+04
4.825500000000000000e+03,9.172427999999999315e+01,2.179305999999999605e-02,5.986279333333333489e+04
4.835500000000000000e+03,9.180858000000000629e+01,2.163978999999999903e-02,6.011233666666665522e+04
4.845500000000000000e+03,9.183285000000000764e+01,2.166438000000000044e-02,6.036239333333333343e+04
4.855500000000000000e+03,9.178569999999999141e+01,2.158122000000000165e-02,6.061296666666667443e+04
4.865500000000000000e+03,9.170142000000001303e+01,2.163343999999999684e-02,6.086405666666666366e+04
4.875500000000000000e+03,9.172571000000000652e+01,2.157268999999999853e-02,6.111564666666666744e+04
4.885500000000000000e+03,9.176427999999999940e+01,2.154041999999999762e-02,6.136774333333333198e+04
4.895500000000000000e+03,9.175428000000000850e+01,2.152810000000000140e-02,6.162036999999999534e+04
4.905500000000000000e+03,9.176858000000000004e+01,2.148056000000000271e-02,6.187349000000000524e+04
4.915500000000000000e+03,9.174856999999998663e+01,2.142825000000000285e-02,6.212712333333333663e+04
4.925500000000000000e+03,9.173999000000000592e+01,2.141710999999999962e-02,6.238128000000000611e+04
4.935500000000000000e+03,9.181427999999999656e+01,2.142441999999999611e-02,6.263592999999999302e+04
4.945500000000000000e+03,9.182142000000001758e+01,2.143299000000000246e-02,6.289110666666666657e+04
4.955500000000000000e+03,9.190000000000000568e+01,2.135408999999999918e-02,6.314678000000000611e+04
4.965500000000000000e+03,9.176999999999999602e+01,2.139477000000000045e-02,6.340299666666666599e+04
4.975500000000000000e+03,9.184569999999999368e+01,2.134034000000000278e-02,6.365969999999999709e+04
4.985500000000000000e+03,9.179571000000001391e+01,2.129061999999999968e-02,6.391691333333333023e+04
4.995500000000000000e+03,9.181570999999999572e+01,2.123188999999999979e-02,6.417464666666666744e+04
