5.500000000000000000e+00,8.211428700000000447e+01,2.785443000000000069e+01,1.658186736666666661e-01
1.550000000000000000e+01,8.683426999999998941e+01,9.764790999999998888e+00,9.592661000000000104e-01
2.550000000000000000e+01,8.468998999999999455e+01,5.135047999999999391e+00,2.443723666666666627e+00
3.550000000000000000e+01,8.546428000000000225e+01,1.927903900000000004e+00,4.611331666666666607e+00
4.550000000000000000e+01,8.720998000000000161e+01,1.404187000000000296e+00,7.465103000000000932e+00
5.550000000000000000e+01,8.856714000000000908e+01,1.732574599999999965e+00,1.101466666666666683e+01
6.550000000000000000e+01,8.792142999999998665e+01,1.294508299999999945e+00,1.525233000000000061e+01
7.550000000000000000e+01,8.933999000000000024e+01,1.139525899999999980e+00,2.016949999999999932e+01
8.550000000000000000e+01,8.722713999999999146e+01,2.372274000000000049e-01,2.576712999999999809e+01
9.550000000000000000e+01,8.856570999999999572e+01,3.614746000000000348e-01,3.203973666666666276e+01
1.055000000000000000e+02,8.928143000000000029e+01,6.126991999999999994e-01,3.898771333333333189e+01
1.155000000000000000e+02,8.634427999999999770e+01,7.606954000000000216e-01,4.661205666666666758e+01
1.255000000000000000e+02,8.637284000000001072e+01,1.700907700000000133e+00,5.491374000000000422e+01
1.355000000000000000e+02,8.521999999999999886e+01,7.503791000000001876e-01,6.389244000000000767e+01
1.455000000000000000e+02,8.574143000000000825e+01,4.338355999999999324e-01,7.354668999999999812e+01
1.555000000000000000e+02,8.663427999999998974e+01,6.563571999999998630e-01,8.387850666666666655e+01
1.655000000000000000e+02,8.552428000000000452e+01,4.058900000000000285e-01,9.488787333333334573e+01
1.755000000000000000e+02,8.597428000000000736e+01,8.237176999999998861e-01,1.065745333333333349e+02
1.855000000000000000e+02,8.719000000000001194e+01,4.241340000000000110e-01,1.189375000000000000e+02
1.955000000000000000e+02,8.529856999999999800e+01,2.157140000000000168e-01,1.319826999999999941e+02
2.055000000000000000e+02,8.695430000000000348e+01,3.712683000000000511e-01,1.457108999999999810e+02
2.155000000000000000e+02,8.778285000000001048e+01,2.826919200000000409e-01,1.601191000000000315e+02
2.255000000000000000e+02,8.988711999999999591e+01,6.569238199999999361e-01,1.752061666666666611e+02
2.355000000000000000e+02,8.825713999999999260e+01,2.313295499999999671e-01,1.909740333333333240e+02
2.455000000000000000e+02,8.909712999999999283e+01,4.739113100000000856e-01,2.074260000000000161e+02
2.555000000000000000e+02,8.948285999999998808e+01,6.689447200000000482e-01,2.245589666666666631e+02
2.655000000000000000e+02,8.883142999999999745e+01,4.853197800000000339e-01,2.423759333333333075e+02
2.755000000000000000e+02,8.826857000000001108e+01,7.033271400000000728e-01,2.608720333333333770e+02
2.855000000000000000e+02,8.876573000000000491e+01,2.427035799999999743e-01,2.800464000000000055e+02
2.955000000000000000e+02,8.880142000000000735e+01,2.067880900000000077e-01,2.998966000000000349e+02
3.055000000000000000e+02,8.889713000000000420e+01,1.898667800000000128e-01,3.204289666666666676e+02
3.155000000000000000e+02,8.936714000000000624e+01,2.106710200000000144e-01,3.416465000000000032e+02
3.255000000000000000e+02,8.915854999999999109e+01,5.460903399999998964e-01,3.635445333333333338e+02
3.355000000000000000e+02,8.846426999999999907e+01,5.600756199999999962e-01,3.861229333333333216e+02
3.455000000000000000e+02,8.877428000000000452e+01,3.546447199999999689e-01,4.093826333333333309e+02
3.555000000000000000e+02,8.896000000000000796e+01,3.251533100000000287e-01,4.333246333333333382e+02
3.655000000000000000e+02,9.031284999999999741e+01,3.372629900000000402e-01,4.579466000000000463e+02
3.755000000000000000e+02,8.967427999999999599e+01,2.945822699999999794e-01,4.832477999999999838e+02
3.855000000000000000e+02,8.857712999999999681e+01,2.557092500000000546e-01,5.092292333333332977e+02
3.955000000000000000e+02,8.991999000000001274e+01,3.257447800000000671e-01,5.358923333333334540e+02
4.055000000000000000e+02,8.968428999999999007e+01,3.912223599999999912e-01,5.632443666666665649e+02
4.155000000000000000e+02,8.998286000000000229e+01,2.261974900000000288e-01,5.912873999999999342e+02
4.255000000000000000e+02,8.983714000000000510e+01,2.179671499999999984e-01,6.200126666666667461e+02
4.355000000000000000e+02,8.959143999999999153e+01,2.421945000000000070e-01,6.494281666666665842e+02
4.455000000000000000e+02,8.887428000000001305e+01,2.343662300000000087e-01,6.795285333333333710e+02
4.555000000000000000e+02,8.900572999999999979e+01,3.283566299999999827e-01,7.103287000000000262e+02
4.655000000000000000e+02,8.938714000000000226e+01,1.402740600000000060e-01,7.418149999999999409e+02
4.755000000000000000e+02,8.887999000000000649e+01,3.871095000000000508e-01,7.739816666666665697e+02
4.855000000000000000e+02,8.947285999999999717e+01,1.842017699999999869e-01,8.068300666666666530e+02
4.955000000000000000e+02,8.921857000000001392e+01,1.903208099999999792e-01,8.403594666666665489e+02
5.055000000000000000e+02,8.942714999999999748e+01,2.466754599999999853e-01,8.745697999999998729e+02
5.155000000000000000e+02,8.960285000000000366e+01,2.633524399999999654e-01,9.094653666666666822e+02
5.255000000000000000e+02,8.955427000000000248e+01,1.997917599999999849e-01,9.450597333333332699e+02
5.355000000000000000e+02,8.967428999999999917e+01,7.370298000000000127e-02,9.813416333333334478e+02
5.455000000000000000e+02,8.930713000000000079e+01,2.412372499999999587e-01,1.018305899999999951e+03
5.555000000000000000e+02,8.897574000000000183e+01,1.001194600000000073e-01,1.055950333333333447e+03
5.655000000000000000e+02,8.988856000000001245e+01,1.093786400000000131e-01,1.094278333333333194e+03
5.755000000000000000e+02,9.028859000000002766e+01,1.234867600000000010e-01,1.133287666666666610e+03
5.855000000000000000e+02,8.912430000000000518e+01,1.526349499999999915e-01,1.172978999999999814e+03
5.955000000000000000e+02,8.986143999999998755e+01,1.290659599999999796e-01,1.213351666666666688e+03
6.055000000000000000e+02,8.927857999999999095e+01,1.926257199999999725e-01,1.254417333333333318e+03
6.155000000000000000e+02,8.941429000000000826e+01,9.610469000000002038e-02,1.296166999999999916e+03
6.255000000000000000e+02,9.048144000000000631e+01,1.648305099999999856e-01,1.338598333333333585e+03
6.355000000000000000e+02,8.913999000000001161e+01,1.896001200000000109e-01,1.381710000000000036e+03
6.455000000000000000e+02,8.935141999999999030e+01,1.790077699999999550e-01,1.425499000000000251e+03
6.555000000000000000e+02,8.989142000000001076e+01,1.372065799999999947e-01,1.469967666666666673e+03
6.655000000000000000e+02,8.950712000000000046e+01,2.612344599999999462e-01,1.515115666666666812e+03
6.755000000000000000e+02,8.957429000000001906e+01,1.210563999999999807e-01,1.560944333333333361e+03
6.855000000000000000e+02,9.029571999999998866e+01,1.740525299999999831e-01,1.607453666666666322e+03
6.955000000000000000e+02,8.999141000000000190e+01,1.280352499999999893e-01,1.654641333333333478e+03
7.055000000000000000e+02,9.059714999999999918e+01,1.624393399999999876e-01,1.702508333333333212e+03
7.155000000000000000e+02,8.977571000000000367e+01,1.404554399999999870e-01,1.751055666666666639e+03
7.255000000000000000e+02,8.994714000000001874e+01,1.444254199999999988e-01,1.800289666666666790e+03
7.355000000000000000e+02,8.952858000000000516e+01,8.815461999999998910e-02,1.850204000000000178e+03
7.455000000000000000e+02,9.056143999999999039e+01,1.190641299999999764e-01,1.900802333333333536e+03
7.555000000000000000e+02,8.971571000000000140e+01,1.733764100000000086e-01,1.952084000000000060e+03
7.655000000000000000e+02,9.042857000000000767e+01,1.026792399999999911e-01,2.004049999999999955e+03
7.755000000000000000e+02,9.081141999999999825e+01,6.458111000000001101e-02,2.056699666666666872e+03
7.855000000000000000e+02,9.030286000000000968e+01,6.644872999999999752e-02,2.110035666666666657e+03
7.955000000000000000e+02,9.015000999999998044e+01,6.360351999999999673e-02,2.164064666666666653e+03
8.055000000000000000e+02,9.058428999999999576e+01,6.127401999999999849e-02,2.218781333333333350e+03
8.155000000000000000e+02,9.015713000000000932e+01,9.250345000000000095e-02,2.274187333333333299e+03
8.255000000000000000e+02,9.090427999999999997e+01,9.255125999999999631e-02,2.330278333333333194e+03
8.355000000000000000e+02,9.033000999999998726e+01,8.330132000000001202e-02,2.387055999999999585e+03
8.455000000000000000e+02,9.051000000000001933e+01,4.787951999999999486e-02,2.444520999999999731e+03
8.555000000000000000e+02,9.096000000000000796e+01,8.271334999999999105e-02,2.502673999999999978e+03
8.655000000000000000e+02,9.077715000000000600e+01,6.649362000000000328e-02,2.561511666666666770e+03
8.755000000000000000e+02,9.013143999999999778e+01,8.053222000000000158e-02,2.621034000000000106e+03
8.855000000000000000e+02,9.055857000000000312e+01,5.329825000000000534e-02,2.681242000000000189e+03
8.955000000000000000e+02,8.975427999999999429e+01,6.980163999999999813e-02,2.742138333333333321e+03
9.055000000000000000e+02,9.083428000000000679e+01,7.799705999999999306e-02,2.803721666666666806e+03
9.155000000000000000e+02,9.123000999999999294e+01,5.957468000000000485e-02,2.865990333333332728e+03
9.255000000000000000e+02,9.023856999999999573e+01,4.624588999999999783e-02,2.928945666666666966e+03
9.355000000000000000e+02,9.057000000000000739e+01,4.620062999999999948e-02,2.992590999999999894e+03
9.455000000000000000e+02,9.086430000000000007e+01,5.487705999999999834e-02,3.056922333333332972e+03
9.555000000000000000e+02,9.091427999999999088e+01,7.295653999999998640e-02,3.121937999999999647e+03
9.655000000000000000e+02,9.081141999999998404e+01,4.786395999999999706e-02,3.187636666666666770e+03
9.755000000000000000e+02,9.083715000000000828e+01,5.040237000000000883e-02,3.254025000000000091e+03
9.855000000000000000e+02,9.036141999999999541e+01,4.485445999999999878e-02,3.321107666666666773e+03
9.955000000000000000e+02,9.104286000000000456e+01,4.464486000000000149e-02,3.388878333333333103e+03
1.005500000000000000e+03,9.073570000000000846e+01,4.464993000000000434e-02,3.457333000000000084e+03
1.015500000000000000e+03,9.083573000000001230e+01,4.411869999999999681e-02,3.526483999999999469e+03
1.025500000000000000e+03,9.084999999999999432e+01,4.584865000000000468e-02,3.596333000000000084e+03
1.035500000000000000e+03,9.100714999999999577e+01,4.320919000000000149e-02,3.666864000000000033e+03
1.045500000000000000e+03,9.146856000000001075e+01,4.665064000000000016e-02,3.738086333333333641e+03
1.055500000000000000e+03,9.118571000000000026e+01,4.283143000000000367e-02,3.810020000000000437e+03
1.065500000000000000e+03,9.047715999999999781e+01,4.217511000000000176e-02,3.882637000000000171e+03
1.075500000000000000e+03,9.084427000000000874e+01,5.325849000000000555e-02,3.955938000000000557e+03
1.085500000000000000e+03,9.105713000000000079e+01,4.789529000000000009e-02,4.029915666666666766e+03
1.095500000000000000e+03,9.055857000000000312e+01,4.902982999999999647e-02,4.104577333333333627e+03
1.105500000000000000e+03,9.064142999999998551e+01,4.208075000000000704e-02,4.179917666666666264e+03
1.115500000000000000e+03,9.065858000000000061e+01,4.153153999999999874e-02,4.255943000000000211e+03
1.125500000000000000e+03,9.060142999999999347e+01,4.135214000000000251e-02,4.332655666666667457e+03
1.135500000000000000e+03,9.053427999999999543e+01,4.117944999999999939e-02,4.410056333333333896e+03
1.145500000000000000e+03,9.077572000000000685e+01,5.297229999999999300e-02,4.488144666666667035e+03
1.155500000000000000e+03,9.028856000000000392e+01,4.049998000000000486e-02,4.566919333333333270e+03
1.165500000000000000e+03,9.101003000000000043e+01,4.058304999999999552e-02,4.646381666666666206e+03
1.175500000000000000e+03,9.068426999999999794e+01,4.027663999999999550e-02,4.726532333333333554e+03
1.185500000000000000e+03,9.073572000000001481e+01,4.293174000000000295e-02,4.807368666666667195e+03
1.195500000000000000e+03,9.052570999999998946e+01,4.028314000000000200e-02,4.888891333333333023e+03
1.205500000000000000e+03,9.103143000000000029e+01,4.129729999999999512e-02,4.971108999999999469e+03
1.215500000000000000e+03,9.049001000000001227e+01,3.953170999999999768e-02,5.054010666666667021e+03
1.225500000000000000e+03,9.053284999999999627e+01,3.847699999999999732e-02,5.137591999999999643e+03
1.235500000000000000e+03,9.034001000000000658e+01,4.173881000000000119e-02,5.221852666666667574e+03
1.245500000000000000e+03,9.098715000000001396e+01,4.980252999999999763e-02,5.306791333333333569e+03
1.255500000000000000e+03,9.025856000000000279e+01,3.810084999999999861e-02,5.392412666666667064e+03
1.265500000000000000e+03,9.062856999999999630e+01,3.854738000000000608e-02,5.478710333333333438e+03
1.275500000000000000e+03,9.065999000000000763e+01,3.897201999999999611e-02,5.565689999999999600e+03
1.285500000000000000e+03,9.020428999999998609e+01,3.899559999999999832e-02,5.653349999999999454e+03
1.295500000000000000e+03,9.069571000000000538e+01,4.650920000000000054e-02,5.741692000000000007e+03
1.305500000000000000e+03,9.017857999999999663e+01,4.032687999999999551e-02,5.830716333333333750e+03
1.315500000000000000e+03,9.061143000000001280e+01,4.585648999999999975e-02,5.920418999999999869e+03
1.325500000000000000e+03,9.096712999999999738e+01,3.807659000000000737e-02,6.010808333333332484e+03
1.335500000000000000e+03,9.071855999999999653e+01,4.466091999999999979e-02,6.101885666666666111e+03
1.345500000000000000e+03,9.088714999999999122e+01,3.926921999999999358e-02,6.193648999999999432e+03
1.355500000000000000e+03,9.056713999999999487e+01,3.981467000000000339e-02,6.286094000000000051e+03
1.365500000000000000e+03,9.058856999999999005e+01,3.819558999999999455e-02,6.379222999999999956e+03
1.375500000000000000e+03,8.995571999999999946e+01,3.681026999999999910e-02,6.473032333333333554e+03
1.385500000000000000e+03,9.045428000000001134e+01,3.640647999999999801e-02,6.567525999999999840e+03
1.395500000000000000e+03,9.042857999999999663e+01,3.830942999999999848e-02,6.662703333333332921e+03
1.405500000000000000e+03,9.044998999999999967e+01,3.567922000000000454e-02,6.758567333333334318e+03
1.415500000000000000e+03,9.015572999999999126e+01,3.602419999999999928e-02,6.855110333333333074e+03
1.425500000000000000e+03,9.078000000000000114e+01,3.578653999999999863e-02,6.952336999999999534e+03
1.435500000000000000e+03,9.082000999999999635e+01,3.901802000000000048e-02,7.050242333333333590e+03
1.445500000000000000e+03,9.061858000000000857e+01,3.666504000000000291e-02,7.148830333333334238e+03
1.455500000000000000e+03,9.017714000000000851e+01,3.761464999999999947e-02,7.248099666666666963e+03
1.465500000000000000e+03,9.070141999999999882e+01,3.548258999999999441e-02,7.348051000000001295e+03
1.475500000000000000e+03,9.089000000000000057e+01,3.493850000000000428e-02,7.448683666666666795e+03
1.485500000000000000e+03,9.087856999999999630e+01,3.504862000000000255e-02,7.550001666666666097e+03
1.495500000000000000e+03,9.048713999999999658e+01,3.480054000000000480e-02,7.652005666666666912e+03
1.505500000000000000e+03,9.068715000000000259e+01,3.433543999999999485e-02,7.754698999999998705e+03
1.515500000000000000e+03,9.060855999999999710e+01,3.419455999999999884e-02,7.858077333333334536e+03
1.525500000000000000e+03,9.040285000000000082e+01,3.440213999999999772e-02,7.962147999999999229e+03
1.535500000000000000e+03,9.113571000000000311e+01,3.417481999999999465e-02,8.066906333333334260e+03
1.545500000000000000e+03,9.073713000000000761e+01,3.438849000000000072e-02,8.172353000000000065e+03
1.555500000000000000e+03,9.106000000000000227e+01,3.375853000000000187e-02,8.278481999999999971e+03
1.565500000000000000e+03,9.084144000000000574e+01,3.384873000000000048e-02,8.385295000000000073e+03
1.575500000000000000e+03,9.042286000000000001e+01,3.371520000000000072e-02,8.492787666666667064e+03
1.585500000000000000e+03,9.085856000000001131e+01,3.366015999999999453e-02,8.600963333333331320e+03
1.595500000000000000e+03,9.069141000000000474e+01,3.335663999999999296e-02,8.709820999999999913e+03
1.605500000000000000e+03,9.096712999999999738e+01,3.329020000000000590e-02,8.819362333333334391e+03
1.615500000000000000e+03,9.068572000000000344e+01,3.343319999999999625e-02,8.929600000000000364e+03
1.625500000000000000e+03,9.113998999999999739e+01,3.321978999999999904e-02,9.040530333333332237e+03
1.635500000000000000e+03,9.048713000000000761e+01,3.306318000000000451e-02,9.152145333333333838e+03
1.645500000000000000e+03,9.078714999999999691e+01,3.399405999999999956e-02,9.264450000000000728e+03
1.655500000000000000e+03,9.057858000000000231e+01,3.328095000000000359e-02,9.377443333333332703e+03
1.665500000000000000e+03,9.097570999999999231e+01,3.261947000000000457e-02,9.491123333333332994e+03
1.675500000000000000e+03,9.079429999999999268e+01,3.271754999999999802e-02,9.605493666666665376e+03
1.685500000000000000e+03,9.122570999999999231e+01,3.254122000000000264e-02,9.720547999999998865e+03
1.695500000000000000e+03,9.082999999999999829e+01,3.276794000000000234e-02,9.836287000000000262e+03
1.705500000000000000e+03,9.070571999999998525e+01,3.266490999999999839e-02,9.952713999999999942e+03
1.715500000000000000e+03,9.058570999999999174e+01,3.270083000000000018e-02,1.006982999999999811e+04
1.725500000000000000e+03,9.127285000000000537e+01,3.204314999999999247e-02,1.018762666666666701e+04
1.735500000000000000e+03,9.075715999999998473e+01,3.248203999999999675e-02,1.030611999999999898e+04
1.745500000000000000e+03,9.054429000000000372e+01,3.190446000000000254e-02,1.042531333333333350e+04
1.755500000000000000e+03,9.080857000000000312e+01,3.235468999999999845e-02,1.054517333333333409e+04
1.765500000000000000e+03,9.092143000000000086e+01,3.295655000000000112e-02,1.066573666666666759e+04
1.775500000000000000e+03,9.096000999999999692e+01,3.308202000000000365e-02,1.078697999999999956e+04
1.785500000000000000e+03,9.071714000000000055e+01,3.208086000000000271e-02,1.090892000000000189e+04
1.795500000000000000e+03,9.071858000000000288e+01,3.381275000000000253e-02,1.103154666666666526e+04
1.805500000000000000e+03,9.092283999999999367e+01,3.351372999999999852e-02,1.115486000000000058e+04
1.815500000000000000e+03,9.111571999999999605e+01,3.146971000000000490e-02,1.127888000000000102e+04
1.825500000000000000e+03,9.074715000000000487e+01,3.170952999999999966e-02,1.140356333333333350e+04
1.835500000000000000e+03,9.067855000000000132e+01,3.117881999999999598e-02,1.152897333333333336e+04
1.845500000000000000e+03,9.127713000000001387e+01,3.197621000000000491e-02,1.165504666666666526e+04
1.855500000000000000e+03,9.094572000000000855e+01,3.131255000000000149e-02,1.178182666666666591e+04
1.865500000000000000e+03,9.146714999999998952e+01,3.175708000000000697e-02,1.190931666666666752e+04
1.875500000000000000e+03,9.114000000000001478e+01,3.139779000000000181e-02,1.203748666666666759e+04
1.885500000000000000e+03,9.121284999999998888e+01,3.097807999999999812e-02,1.216634000000000015e+04
1.895500000000000000e+03,9.091285000000000593e+01,3.073113000000000233e-02,1.229587333333333299e+04
1.905500000000000000e+03,9.097427999999999315e+01,3.091901000000000371e-02,1.242610000000000036e+04
1.915500000000000000e+03,9.134857000000000937e+01,3.128504000000000007e-02,1.255702000000000044e+04
1.925500000000000000e+03,9.084286000000000172e+01,3.049473999999999935e-02,1.268862333333333299e+04
1.935500000000000000e+03,9.064570999999999401e+01,3.069554999999999853e-02,1.282090333333333365e+04
1.945500000000000000e+03,9.112855000000000416e+01,3.041789999999999772e-02,1.295387666666666701e+04
1.955500000000000000e+03,9.105856999999998891e+01,3.070824999999999944e-02,1.308753666666666504e+04
1.965500000000000000e+03,9.091428000000000509e+01,3.071317999999999618e-02,1.322188666666666722e+04
1.975500000000000000e+03,9.110426999999999964e+01,3.128996999999999334e-02,1.335693666666666650e+04
1.985500000000000000e+03,9.143856000000002382e+01,3.213076999999999600e-02,1.349265333333333183e+04
1.995500000000000000e+03,9.113858000000000459e+01,3.027429000000000231e-02,1.362906666666666570e+04
2.005500000000000000e+03,9.090999999999999659e+01,3.029274999999999676e-02,1.376616666666666788e+04
2.015500000000000000e+03,9.086287000000000091e+01,3.023513000000000589e-02,1.390395666666666875e+04
2.025500000000000000e+03,9.090143000000000484e+01,3.007144999999999957e-02,1.404244666666666672e+04
2.035500000000000000e+03,9.119714000000001874e+01,2.975229000000000415e-02,1.418164333333333525e+04
2.045500000000000000e+03,9.098284999999998490e+01,3.009820999999999677e-02,1.432153666666666686e+04
2.055500000000000000e+03,9.089285999999998467e+01,3.006611000000000006e-02,1.446211666666666497e+04
2.065500000000000000e+03,9.109142999999998835e+01,2.979802000000000145e-02,1.460338333333333503e+04
2.075500000000000000e+03,9.091571000000000424e+01,2.973430999999999644e-02,1.474535333333333256e+04
2.085500000000000000e+03,9.135429000000002020e+01,3.047032999999999686e-02,1.488799333333333198e+04
2.095500000000000000e+03,9.143287000000000830e+01,2.991838999999999957e-02,1.503135000000000036e+04
2.105500000000000000e+03,9.093142000000000280e+01,2.967842000000000049e-02,1.517537333333333299e+04
2.115500000000000000e+03,9.134572999999998899e+01,2.954750999999999905e-02,1.532011000000000058e+04
2.125500000000000000e+03,9.100285999999999831e+01,2.942867999999999526e-02,1.546551333333333241e+04
2.135500000000000000e+03,9.127142999999999518e+01,2.984314000000000064e-02,1.561164333333333525e+04
2.145500000000000000e+03,9.127570000000000050e+01,2.938814000000000010e-02,1.575846666666666897e+04
2.155500000000000000e+03,9.153714999999999691e+01,2.933522000000000213e-02,1.590600666666666802e+04
2.165500000000000000e+03,9.119144000000000005e+01,2.974792999999999882e-02,1.605423000000000138e+04
2.175500000000000000e+03,9.136998000000001241e+01,2.917086999999999805e-02,1.620317333333333409e+04
2.185500000000000000e+03,9.139856999999999232e+01,2.911584999999999868e-02,1.635277333333333081e+04
2.195500000000000000e+03,9.087572000000000116e+01,2.919838000000000294e-02,1.650306333333333168e+04
2.205500000000000000e+03,9.128855999999998971e+01,2.912625000000000283e-02,1.665404666666666890e+04
2.215500000000000000e+03,9.118143000000000598e+01,2.898848000000000050e-02,1.680568666666666832e+04
2.225500000000000000e+03,9.115715000000000146e+01,2.902483000000000146e-02,1.695804666666666162e+04
2.235500000000000000e+03,9.158572000000000912e+01,2.881335999999999967e-02,1.711107999999999811e+04
2.245500000000000000e+03,9.099143999999999721e+01,2.894506000000000162e-02,1.726478666666666686e+04
2.255500000000000000e+03,9.139428999999999803e+01,2.873052999999999718e-02,1.741920333333333110e+04
2.265500000000000000e+03,9.118428000000000111e+01,2.865663000000000585e-02,1.757429999999999927e+04
2.275500000000000000e+03,9.138715999999998019e+01,2.863687999999999650e-02,1.773008333333333576e+04
2.285500000000000000e+03,9.126858000000001425e+01,2.853750999999999857e-02,1.788656333333333168e+04
2.295500000000000000e+03,9.104141999999998802e+01,2.840532000000000126e-02,1.804373666666666395e+04
2.305500000000000000e+03,9.133857000000000426e+01,2.834329999999999836e-02,1.820160333333333620e+04
2.315500000000000000e+03,9.132571999999998980e+01,2.839876000000000206e-02,1.836015999999999985e+04
2.325500000000000000e+03,9.145714999999999861e+01,2.822282999999999736e-02,1.851939000000000306e+04
2.335500000000000000e+03,9.138142000000000564e+01,2.816819000000000267e-02,1.867930333333333328e+04
2.345500000000000000e+03,9.074287000000001058e+01,2.788633999999999905e-02,1.883990333333333547e+04
2.355500000000000000e+03,9.121855999999999653e+01,2.828293000000000126e-02,1.900120666666666511e+04
2.365500000000000000e+03,9.099715000000000487e+01,2.796326999999999494e-02,1.916323333333333721e+04
2.375500000000000000e+03,9.127286999999998329e+01,2.806364000000000081e-02,1.932597333333333154e+04
2.385500000000000000e+03,9.118426999999999794e+01,2.793937000000000156e-02,1.948939333333333343e+04
2.395500000000000000e+03,9.126856000000000790e+01,2.786241999999999885e-02,1.965358333333333576e+04
2.405500000000000000e+03,9.113572000000002049e+01,2.764518000000000184e-02,1.981894666666666672e+04
2.415500000000000000e+03,9.105857000000000312e+01,2.761531999999999876e-02,1.998510666666666657e+04
2.425500000000000000e+03,9.093859000000000492e+01,2.799266999999999728e-02,2.015193666666666832e+04
2.435500000000000000e+03,9.144858000000002107e+01,2.776166999999999871e-02,2.031948333333333358e+04
2.445500000000000000e+03,9.118855999999999540e+01,2.775284999999999558e-02,2.048775333333333037e+04
2.455500000000000000e+03,9.140286999999999296e+01,2.756657000000000204e-02,2.065672000000000116e+04
2.465500000000000000e+03,9.131428999999999974e+01,2.759097999999999759e-02,2.082635999999999694e+04
2.475500000000000000e+03,9.124285000000000423e+01,2.735543000000000349e-02,2.099669333333333634e+04
2.485500000000000000e+03,9.139856000000000336e+01,2.741457000000000616e-02,2.116770666666666511e+04
2.495500000000000000e+03,9.129285999999999035e+01,2.715695000000000262e-02,2.133940666666666584e+04
2.505500000000000000e+03,9.110142999999999347e+01,2.715329000000000353e-02,2.151180666666666730e+04
2.515500000000000000e+03,9.085858000000000345e+01,2.705755999999999786e-02,2.168487666666666701e+04
2.525500000000000000e+03,9.151142999999999006e+01,2.712319999999999662e-02,2.185865666666666948e+04
2.535500000000000000e+03,9.127428000000000452e+01,2.715769999999999990e-02,2.203308333333333212e+04
2.545500000000000000e+03,9.129713999999999885e+01,2.723574999999999607e-02,2.220822666666666555e+04
2.555500000000000000e+03,9.089427000000000589e+01,2.693745000000000167e-02,2.238403666666667050e+04
2.565500000000000000e+03,9.134714999999999918e+01,2.702718999999999955e-02,2.256053666666666686e+04
2.575500000000000000e+03,9.091000999999999976e+01,2.715990000000000418e-02,2.273771333333333678e+04
2.585500000000000000e+03,9.105571000000000481e+01,2.700075000000000044e-02,2.291556999999999971e+04
2.595500000000000000e+03,9.156714000000000908e+01,2.695082999999999854e-02,2.309412333333332936e+04
2.605500000000000000e+03,9.105429000000000883e+01,2.681385000000000018e-02,2.327334999999999854e+04
2.615500000000000000e+03,9.145856999999999459e+01,2.667690000000000339e-02,2.345328666666666686e+04
2.625500000000000000e+03,9.143143000000000598e+01,2.674506999999999926e-02,2.363391666666666424e+04
2.635500000000000000e+03,9.108572000000000912e+01,2.658697999999999964e-02,2.381522999999999956e+04
2.645500000000000000e+03,9.131713999999999487e+01,2.671037999999999885e-02,2.399723666666667123e+04
2.655500000000000000e+03,9.114856000000000336e+01,2.639072999999999419e-02,2.417992666666666992e+04
2.665500000000000000e+03,9.143999000000000876e+01,2.645428000000000363e-02,2.436331000000000131e+04
2.675500000000000000e+03,9.151999999999999602e+01,2.673197000000000073e-02,2.454739000000000306e+04
2.685500000000000000e+03,9.140713999999999828e+01,2.636153000000000107e-02,2.473215333333333911e+04
2.695500000000000000e+03,9.152713999999998862e+01,2.641432000000000155e-02,2.491759333333333052e+04
2.705500000000000000e+03,9.121714000000000055e+01,2.618609000000000214e-02,2.510374333333333561e+04
2.715500000000000000e+03,9.157714999999998895e+01,2.639486000000000263e-02,2.529056666666666570e+04
2.725500000000000000e+03,9.135143000000000768e+01,2.622023999999999883e-02,2.547806999999999971e+04
2.735500000000000000e+03,9.153427999999999543e+01,2.618365000000000276e-02,2.566627333333333081e+04
2.745500000000000000e+03,9.140286000000000399e+01,2.613238000000000019e-02,2.585514333333333343e+04
2.755500000000000000e+03,9.148287000000000546e+01,2.591811999999999935e-02,2.604471333333333678e+04
2.765500000000000000e+03,9.164000000000001478e+01,2.608317999999999401e-02,2.623497000000000116e+04
2.775500000000000000e+03,9.147141999999999484e+01,2.603159000000000028e-02,2.642593333333333067e+04
2.785500000000000000e+03,9.131570999999999572e+01,2.565027999999999753e-02,2.661756999999999971e+04
2.795500000000000000e+03,9.151428999999998837e+01,2.590862000000000026e-02,2.680989000000000306e+04
2.805500000000000000e+03,9.154856999999999800e+01,2.565468999999999736e-02,2.700291333333333023e+04
2.815500000000000000e+03,9.157858000000001653e+01,2.566945000000000338e-02,2.719661666666666133e+04
2.825500000000000000e+03,9.135287000000002422e+01,2.575547999999999726e-02,2.739102333333332717e+04
2.835500000000000000e+03,9.148431000000000779e+01,2.558198999999999890e-02,2.758611666666666133e+04
2.845500000000000000e+03,9.152714000000000283e+01,2.548299000000000050e-02,2.778190333333333183e+04
2.855500000000000000e+03,9.171428000000000225e+01,2.553630000000000136e-02,2.797837999999999738e+04
2.865500000000000000e+03,9.152855999999999881e+01,2.550697000000000034e-02,2.817554666666666162e+04
2.875500000000000000e+03,9.153142000000001133e+01,2.534963999999999967e-02,2.837340333333333183e+04
2.885500000000000000e+03,9.129571999999998866e+01,2.539459000000000161e-02,2.857196000000000276e+04
2.895500000000000000e+03,9.163288000000000011e+01,2.542467999999999811e-02,2.877118999999999505e+04
2.905500000000000000e+03,9.167429000000001338e+01,2.528183999999999987e-02,2.897112000000000262e+04
2.915500000000000000e+03,9.161571000000000708e+01,2.520375999999999866e-02,2.917174333333333561e+04
2.925500000000000000e+03,9.147285999999999717e+01,2.523372999999999935e-02,2.937306999999999607e+04
2.935500000000000000e+03,9.156856999999999402e+01,2.507966999999999835e-02,2.957507333333334100e+04
2.945500000000000000e+03,9.165999999999999659e+01,2.498358999999999649e-02,2.977777999999999884e+04
2.955500000000000000e+03,9.141285000000000593e+01,2.508861000000000077e-02,2.998116666666666788e+04
2.965500000000000000e+03,9.137000000000000455e+01,2.505407000000000120e-02,3.018525000000000000e+04
2.975500000000000000e+03,9.155287000000001285e+01,2.505184999999999704e-02,3.039002666666666119e+04
2.985500000000000000e+03,9.161571999999998184e+01,2.492950999999999848e-02,3.059547666666667283e+04
2.995500000000000000e+03,9.134427000000000874e+01,2.491559999999999955e-02,3.080162000000000262e+04
3.005500000000000000e+03,9.152858000000000516e+01,2.476859000000000005e-02,3.100845000000000073e+04
3.015500000000000000e+03,9.171714000000000055e+01,2.486060999999999827e-02,3.121595999999999913e+04
3.025500000000000000e+03,9.152143000000000939e+01,2.477831999999999951e-02,3.142418000000000029e+04
3.035500000000000000e+03,9.145142000000001303e+01,2.473624999999999782e-02,3.163306666666666933e+04
3.045500000000000000e+03,9.159286000000000172e+01,2.471836000000000172e-02,3.184265000000000146e+04
3.055500000000000000e+03,9.151857000000001108e+01,2.455683000000000171e-02,3.205291333333333750e+04
3.065500000000000000e+03,9.141427999999999088e+01,2.457446999999999757e-02,3.226387666666666701e+04
3.075500000000000000e+03,9.147427000000000419e+01,2.465133000000000602e-02,3.247553000000000611e+04
3.085500000000000000e+03,9.153858999999998503e+01,2.457870000000000194e-02,3.268786000000000422e+04
3.095500000000000000e+03,9.140570999999999913e+01,2.455050999999999761e-02,3.290090000000000146e+04
3.105500000000000000e+03,9.141857999999999151e+01,2.447785000000000238e-02,3.311461999999999534e+04
3.115500000000000000e+03,9.136145000000001914e+01,2.438119999999999871e-02,3.332903333333334012e+04
3.125500000000000000e+03,9.142572000000001253e+01,2.436955000000000024e-02,3.354413333333332412e+04
3.135500000000000000e+03,9.155857000000000312e+01,2.459615000000000065e-02,3.375992333333333227e+04
3.145500000000000000e+03,9.141998999999999853e+01,2.439225999999999894e-02,3.397640333333332819e+04
3.155500000000000000e+03,9.144431000000000154e+01,2.442175000000000248e-02,3.419358666666666250e+04
3.165500000000000000e+03,9.160857000000000028e+01,2.433437999999999921e-02,3.441145666666666511e+04
3.175500000000000000e+03,9.154286000000000456e+01,2.416702999999999907e-02,3.463000999999999476e+04
3.185500000000000000e+03,9.146286000000000627e+01,2.425911000000000040e-02,3.484926999999999680e+04
3.195500000000000000e+03,9.157999000000000933e+01,2.417350000000000054e-02,3.506922000000000116e+04
3.205500000000000000e+03,9.158856999999999005e+01,2.409665000000000418e-02,3.528985666666666657e+04
3.215500000000000000e+03,9.148143000000000313e+01,2.416141000000000122e-02,3.551119666666666308e+04
3.225500000000000000e+03,9.147142000000000905e+01,2.409770000000000315e-02,3.573322666666666191e+04
3.235500000000000000e+03,9.143855999999999540e+01,2.410709999999999936e-02,3.595594000000000233e+04
3.245500000000000000e+03,9.156284000000000844e+01,2.393825000000000119e-02,3.617935333333333256e+04
3.255500000000000000e+03,9.164428999999998382e+01,2.406637999999999833e-02,3.640345666666666511e+04
3.265500000000000000e+03,9.147142000000000905e+01,2.392308000000000281e-02,3.662824666666665871e+04
3.275500000000000000e+03,9.147999999999998977e+01,2.398223999999999842e-02,3.685374666666666599e+04
3.285500000000000000e+03,9.131141999999999825e+01,2.396522999999999709e-02,3.707991666666667152e+04
3.295500000000000000e+03,9.157286999999999466e+01,2.392462999999999881e-02,3.730679666666666890e+04
3.305500000000000000e+03,9.161283999999999139e+01,2.387828999999999993e-02,3.753435666666667385e+04
3.315500000000000000e+03,9.161856000000000222e+01,2.393136000000000221e-02,3.776262000000000262e+04
3.325500000000000000e+03,9.139571999999999719e+01,2.380194000000000060e-02,3.799155666666666366e+04
3.335500000000000000e+03,9.147429999999999950e+01,2.388686000000000281e-02,3.822120999999999913e+04
3.345500000000000000e+03,9.140857000000001165e+01,2.381041999999999881e-02,3.845152666666665755e+04
3.355500000000000000e+03,9.162284999999999968e+01,2.381588000000000108e-02,3.868254666666666890e+04
3.365500000000000000e+03,9.153857999999999606e+01,2.374550000000000272e-02,3.891430999999999767e+04
3.375500000000000000e+03,9.155999999999998806e+01,2.364840000000000345e-02,3.914679333333333489e+04
3.385500000000000000e+03,9.155571000000000481e+01,2.373675000000000090e-02,3.937997000000000116e+04
3.395500000000000000e+03,9.151712999999999454e+01,2.357106999999999952e-02,3.961385333333333256e+04
3.405500000000000000e+03,9.148570999999999742e+01,2.354969999999999980e-02,3.984842666666666628e+04
3.415500000000000000e+03,9.129573000000000604e+01,2.339810999999999627e-02,4.008369666666667035e+04
3.425500000000000000e+03,9.148856999999999573e+01,2.352231999999999934e-02,4.031965666666666220e+04
3.435500000000000000e+03,9.144998999999999967e+01,2.354212000000000318e-02,4.055631666666666570e+04
3.445500000000000000e+03,9.146000999999998271e+01,2.345251999999999754e-02,4.079367666666667355e+04
3.455500000000000000e+03,9.149141999999999086e+01,2.325470999999999788e-02,4.103172666666666919e+04
3.465500000000000000e+03,9.137858000000001368e+01,2.340050999999999590e-02,4.127047333333333518e+04
3.475500000000000000e+03,9.139571000000000822e+01,2.341951999999999923e-02,4.150990999999999622e+04
3.485500000000000000e+03,9.165712999999999511e+01,2.333276000000000100e-02,4.175005666666666366e+04
3.495500000000000000e+03,9.149285999999999319e+01,2.333393000000000272e-02,4.199090333333333547e+04
3.505500000000000000e+03,9.149572000000000571e+01,2.314013000000000181e-02,4.223243000000000029e+04
3.515500000000000000e+03,9.137142000000000053e+01,2.308113000000000525e-02,4.247465333333333547e+04
3.525500000000000000e+03,9.157428000000000168e+01,2.315764999999999837e-02,4.271756999999999971e+04
3.535500000000000000e+03,9.150714000000000681e+01,2.318423000000000359e-02,4.296117666666666628e+04
3.545500000000000000e+03,9.127141999999999200e+01,2.315367999999999940e-02,4.320547333333332790e+04
3.555500000000000000e+03,9.145427999999999713e+01,2.311822000000000182e-02,4.345046333333333314e+04
3.565500000000000000e+03,9.143285999999999092e+01,2.309147999999999756e-02,4.369614666666667472e+04
3.575500000000000000e+03,9.165428999999998894e+01,2.310927999999999941e-02,4.394252666666667210e+04
3.585500000000000000e+03,9.150570999999999344e+01,2.293424999999999978e-02,4.418958333333332848e+04
3.595500000000000000e+03,9.135429000000000599e+01,2.301802999999999835e-02,4.443733666666666250e+04
3.605500000000000000e+03,9.150572000000002504e+01,2.291930000000000009e-02,4.468580333333332965e+04
3.615500000000000000e+03,9.129141999999998802e+01,2.299456999999999890e-02,4.493494333333333634e+04
3.625500000000000000e+03,9.136285000000000878e+01,2.289412999999999865e-02,4.518478333333332557e+04
3.635500000000000000e+03,9.141428999999999405e+01,2.285764000000000198e-02,4.543530000000000291e+04
3.645500000000000000e+03,9.123713999999999658e+01,2.275133999999999837e-02,4.568652000000000407e+04
3.655500000000000000e+03,9.134284999999999854e+01,2.285070000000000157e-02,4.593843000000000029e+04
3.665500000000000000e+03,9.143428000000000111e+01,2.285338999999999773e-02,4.619103000000000611e+04
3.675500000000000000e+03,9.145143000000001621e+01,2.279321999999999945e-02,4.644434000000000378e+04
3.685500000000000000e+03,9.150141999999999598e+01,2.283605000000000010e-02,4.669836000000000058e+04
3.695500000000000000e+03,9.146144000000001029e+01,2.284597000000000017e-02,4.695307000000000698e+04
3.705500000000000000e+03,9.129428000000000054e+01,2.280963999999999908e-02,4.720846999999999389e+04
3.715500000000000000e+03,9.142285999999998580e+01,2.275318000000000132e-02,4.746457666666666773e+04
3.725500000000000000e+03,9.144712000000001240e+01,2.274198999999999665e-02,4.772138666666667268e+04
3.735500000000000000e+03,9.142857000000000767e+01,2.260675999999999658e-02,4.797888666666667268e+04
3.745500000000000000e+03,9.142287000000001740e+01,2.269256999999999871e-02,4.823708999999999651e+04
3.755500000000000000e+03,9.154428000000000054e+01,2.256688999999999917e-02,4.849598333333332994e+04
3.765500000000000000e+03,9.143287999999999727e+01,2.266235000000000124e-02,4.875557333333332645e+04
3.775500000000000000e+03,9.121286999999999523e+01,2.252138000000000057e-02,4.901587999999999738e+04
3.785500000000000000e+03,9.149284000000001527e+01,2.255742000000000164e-02,4.927686333333332732e+04
3.795500000000000000e+03,9.144998999999999967e+01,2.257055999999999646e-02,4.953855333333332965e+04
3.805500000000000000e+03,9.134572000000000003e+01,2.241546000000000510e-02,4.980092666666667355e+04
3.815500000000000000e+03,9.129285000000000139e+01,2.243409000000000028e-02,5.006400333333333401e+04
3.825500000000000000e+03,9.132999000000000933e+01,2.228982000000000185e-02,5.032775999999999476e+04
3.835500000000000000e+03,9.140857000000001165e+01,2.238516999999999937e-02,5.059219999999999709e+04
3.845500000000000000e+03,9.155570000000000164e+01,2.244365000000000249e-02,5.085734333333333052e+04
3.855500000000000000e+03,9.142714999999999748e+01,2.224554999999999935e-02,5.112315333333333547e+04
3.865500000000000000e+03,9.145427999999999713e+01,2.227789999999999632e-02,5.138968999999999505e+04
3.875500000000000000e+03,9.133570999999999174e+01,2.235873000000000027e-02,5.165689666666666744e+04
3.885500000000000000e+03,9.147143000000001223e+01,2.234014999999999959e-02,5.192479333333333489e+04
3.895500000000000000e+03,9.141429000000000826e+01,2.221927999999999750e-02,5.219337999999999738e+04
3.905500000000000000e+03,9.134714999999999918e+01,2.229578999999999936e-02,5.246266333333333023e+04
3.915500000000000000e+03,9.157570000000001187e+01,2.223154000000000102e-02,5.273262999999999010e+04
3.925500000000000000e+03,9.141429000000000826e+01,2.225908000000000053e-02,5.300331000000001222e+04
3.935500000000000000e+03,9.130285999999999547e+01,2.211040000000000227e-02,5.327466666666667152e+04
3.945500000000000000e+03,9.114284000000000674e+01,2.214239999999999958e-02,5.354671333333334042e+04
3.955500000000000000e+03,9.134284999999999854e+01,2.210584000000000160e-02,5.381947333333332790e+04
3.965500000000000000e+03,9.154571999999998866e+01,2.213997000000000187e-02,5.409292000000000553e+04
3.975500000000000000e+03,9.136284999999999457e+01,2.206661999999999860e-02,5.436705000000000291e+04
3.985500000000000000e+03,9.143714000000001363e+01,2.206871999999999653e-02,5.464187333333333663e+04
3.995500000000000000e+03,9.144144000000000005e+01,2.192279999999999923e-02,5.491738666666667268e+04
4.005500000000000000e+03,9.139856000000000336e+01,2.198581999999999620e-02,5.519357333333332645e+04
4.015500000000000000e+03,9.133427999999999258e+01,2.195309999999999970e-02,5.547046333333333314e+04
4.025500000000000000e+03,9.147573000000001286e+01,2.194720999999999825e-02,5.574804666666666890e+04
4.035500000000000000e+03,9.146999999999999886e+01,2.191052999999999751e-02,5.602630333333334420e+04
4.045500000000000000e+03,9.148283999999999594e+01,2.186991999999999756e-02,5.630523666666667123e+04
4.055500000000000000e+03,9.140713999999999828e+01,2.184634999999999702e-02,5.658488333333333867e+04
4.065500000000000000e+03,9.124571999999999150e+01,2.184557000000000165e-02,5.686521666666665988e+04
4.075500000000000000e+03,9.133284999999999343e+01,2.182172000000000278e-02,5.714625333333331946e+04
4.085500000000000000e+03,9.129427999999998633e+01,2.184404000000000207e-02,5.742796999999999389e+04
4.095500000000000000e+03,9.147141999999999484e+01,2.172525000000000150e-02,5.771037333333332936e+04
4.105500000000000000e+03,9.125856000000000279e+01,2.176370000000000041e-02,5.799348000000000320e+04
4.115500000000000000e+03,9.138428999999999292e+01,2.172147999999999787e-02,5.827725666666666802e+04
4.125500000000000000e+03,9.130286999999999864e+01,2.159737000000000115e-02,5.856172666666666919e+04
4.135500000000000000e+03,9.139855000000000018e+01,2.157735000000000208e-02,5.884689666666666744e+04
4.145500000000000000e+03,9.132714999999998895e+01,2.171224000000000071e-02,5.913275000000000000e+04
4.155500000000000000e+03,9.138000000000002387e+01,2.166010999999999978e-02,5.941930999999999767e+04
4.165500000000000000e+03,9.137284999999999968e+01,2.159766000000000116e-02,5.970655666666666366e+04
4.175500000000000000e+03,9.153000000000000114e+01,2.152629999999999821e-02,5.999449666666668054e+04
4.185500000000000000e+03,9.132284999999998831e+01,2.164984000000000006e-02,6.028313666666667268e+04
4.195500000000000000e+03,9.135715000000000430e+01,2.152011999999999675e-02,6.057247666666666919e+04
4.205500000000000000e+03,9.127428999999999348e+01,2.151764000000000107e-02,6.086251333333332877e+04
4.215500000000000000e+03,9.137143000000000370e+01,2.140444000000000027e-02,6.115323999999999069e+04
4.225500000000000000e+03,9.135286000000000683e+01,2.135132000000000002e-02,6.144468333333333430e+04
4.235500000000000000e+03,9.137141999999998632e+01,2.146076999999999707e-02,6.173680000000000291e+04
4.245500000000000000e+03,9.135143999999999664e+01,2.140157000000000170e-02,6.202962999999999010e+04
4.255500000000000000e+03,9.149715000000000487e+01,2.151832000000000050e-02,6.232315333333334274e+04
4.265500000000000000e+03,9.152572999999999581e+01,2.138724000000000527e-02,6.261736999999999534e+04
4.275500000000000000e+03,9.125570999999999344e+01,2.131190999999999641e-02,6.291229666666665435e+04
4.285500000000000000e+03,9.147999999999998977e+01,2.132331000000000157e-02,6.320790666666666220e+04
4.295500000000000000e+03,9.135286999999998159e+01,2.128593999999999972e-02,6.350418999999998778e+04
4.305500000000000000e+03,9.132142000000001758e+01,2.130298000000000261e-02,6.380117333333333954e+04
4.315500000000000000e+03,9.143999999999999773e+01,2.116228000000000206e-02,6.409882666666666046e+04
4.325500000000000000e+03,9.135715000000000430e+01,2.120251999999999901e-02,6.439717333333332499e+04
4.335500000000000000e+03,9.135999999999998522e+01,2.110905999999999894e-02,6.469621000000000640e+04
4.345500000000000000e+03,9.144428999999999519e+01,2.117861000000000049e-02,6.499595666666666511e+04
4.355500000000000000e+03,9.139142999999999972e+01,2.120139000000000398e-02,6.529637333333333663e+04
4.365500000000000000e+03,9.139856999999999232e+01,2.114807999999999966e-02,6.559749333333333198e+04
4.375500000000000000e+03,9.143712999999999624e+01,2.111511999999999764e-02,6.589930333333332965e+04
4.385500000000000000e+03,9.132856999999998493e+01,2.105978000000000017e-02,6.620179000000000815e+04
4.395500000000000000e+03,9.149857000000000085e+01,2.118082999999999771e-02,6.650498999999999069e+04
4.405500000000000000e+03,9.136428000000000793e+01,2.099639000000000019e-02,6.680887666666667792e+04
4.415500000000000000e+03,9.139142999999999972e+01,2.095730999999999983e-02,6.711345333333333838e+04
4.425500000000000000e+03,9.143571000000000026e+01,2.100556999999999772e-02,6.741872999999998137e+04
4.435500000000000000e+03,9.147856999999999061e+01,2.095511000000000248e-02,6.772468999999998778e+04
4.445500000000000000e+03,9.137573000000000434e+01,2.094271999999999800e-02,6.803133666666668432e+04
4.455500000000000000e+03,9.141142999999999574e+01,2.098232000000000222e-02,6.833866000000000349e+04
4.465500000000000000e+03,9.140427999999999997e+01,2.085352000000000039e-02,6.864670333333333838e+04
4.475500000000000000e+03,9.131141999999999825e+01,2.079658000000000201e-02,6.895541333333333023e+04
4.485500000000000000e+03,9.145286000000000115e+01,2.085084000000000243e-02,6.926481666666666570e+04
4.495500000000000000e+03,9.141287000000001228e+01,2.080469000000000068e-02,6.957493666666667559e+04
4.505500000000000000e+03,9.143000999999999578e+01,2.082926000000000222e-02,6.988575999999999476e+04
4.515500000000000000e+03,9.134144000000000574e+01,2.073280000000000262e-02,7.019727999999999884e+04
4.525500000000000000e+03,9.135857000000001449e+01,2.077148999999999662e-02,7.050949000000000524e+04
4.535500000000000000e+03,9.138713000000001330e+01,2.073161999999999922e-02,7.082238333333333139e+04
4.545500000000000000e+03,9.144998999999999967e+01,2.074927000000000021e-02,7.113597333333335700e+04
4.555500000000000000e+03,9.140855000000000530e+01,2.071818999999999744e-02,7.145025333333334129e+04
4.565500000000000000e+03,9.145143000000000200e+01,2.072620000000000365e-02,7.176522000000000116e+04
4.575500000000000000e+03,9.138714999999999122e+01,2.061746999999999885e-02,7.208088333333333139e+04
4.585500000000000000e+03,9.141286000000000911e+01,2.067405000000000284e-02,7.239724666666667326e+04
4.595500000000000000e+03,9.136856999999999118e+01,2.060147000000000020e-02,7.271427999999999884e+04
4.605500000000000000e+03,9.137144000000000688e+01,2.062562000000000076e-02,7.303201999999998952e+04
4.615500000000000000e+03,9.135143999999999664e+01,2.051697000000000243e-02,7.335044666666667035e+04
4.625500000000000000e+03,9.140713999999999828e+01,2.050766999999999868e-02,7.366956666666668025e+04
4.635500000000000000e+03,9.148285999999998808e+01,2.054125999999999869e-02,7.398939333333334071e+04
4.645500000000000000e+03,9.136858000000000857e+01,2.046627000000000168e-02,7.430991666666665697e+04
4.655500000000000000e+03,9.137000000000000455e+01,2.048965999999999982e-02,7.463111666666666861e+04
4.665500000000000000e+03,9.131286000000000058e+01,2.044728000000000170e-02,7.495302000000000407e+04
4.675500000000000000e+03,9.139570999999999401e+01,2.043689000000000269e-02,7.527559333333333780e+04
4.685500000000000000e+03,9.143429000000000428e+01,2.043869999999999715e-02,7.559886333333332732e+04
4.695500000000000000e+03,9.135858000000000345e+01,2.039294999999999997e-02,7.592280666666668549e+04
4.705500000000000000e+03,9.151429000000000258e+01,2.047687000000000118e-02,7.624744666666665580e+04
4.715500000000000000e+03,9.137001000000000772e+01,2.036043000000000228e-02,7.657276333333333605e+04
4.725500000000000000e+03,9.143285000000000196e+01,2.036653000000000074e-02,7.689876333333333605e+04
4.735500000000000000e+03,9.140000000000000568e+01,2.034307999999999950e-02,7.722546333333333314e+04
4.745500000000000000e+03,9.135713999999998691e+01,2.037568000000000018e-02,7.755283000000000175e+04
4.755500000000000000e+03,9.137286000000000286e+01,2.031960000000000016e-02,7.788089000000001397e+04
4.765500000000000000e+03,9.143000000000000682e+01,2.024128999999999859e-02,7.820963666666667268e+04
4.775500000000000000e+03,9.129572999999999183e+01,2.025307000000000149e-02,7.853907333333333372e+04
4.785500000000000000e+03,9.135142999999999347e+01,2.024683999999999859e-02,7.886919999999999709e+04
4.795500000000000000e+03,9.143570000000001130e+01,2.030247999999999775e-02,7.920009666666666453e+04
4.805500000000000000e+03,9.137998999999999228e+01,2.021060000000000217e-02,7.953193333333333430e+04
4.815500000000000000e+03,9.138714000000000226e+01,2.019847000000000309e-02,7.986447000000000116e+04
4.825500000000000000e+03,9.133144000000000062e+01,2.020738000000000048e-02,8.019769666666667035e+04
4.835500000000000000e+03,9.138428000000000395e+01,2.013798000000000324e-02,8.053160666666665929e+04
4.845500000000000000e+03,9.135713999999998691e+01,2.012034000000000045e-02,8.086621000000000640e+04
4.855500000000000000e+03,9.143001000000001000e+01,2.007596000000000033e-02,8.120147999999999593e+04
4.865500000000000000e+03,9.138714999999999122e+01,2.013360999999999623e-02,8.153746666666665988e+04
4.875500000000000000e+03,9.147427000000000419e+01,2.009489000000000067e-02,8.187412000000000990e+04
4.885500000000000000e+03,9.142569999999999197e+01,2.005119000000000345e-02,8.221144333333332906e+04
4.895500000000000000e+03,9.136142999999999859e+01,2.002665999999999821e-02,8.254948666666666395e+04
4.905500000000000000e+03,9.137427999999999884e+01,2.005908999999999817e-02,8.288818000000002212e+04
4.915500000000000000e+03,9.134427999999999770e+01,1.996505999999999975e-02,8.322757666666666046e+04
4.925500000000000000e+03,9.145998999999999057e+01,1.995128999999999653e-02,8.356766999999999825e+04
4.935500000000000000e+03,9.143714000000001363e+01,1.998667000000000152e-02,8.390845333333333838e+04
4.945500000000000000e+03,9.137856999999999630e+01,1.984185000000000115e-02,8.424990666666666220e+04
4.955500000000000000e+03,9.138714000000000226e+01,1.994739999999999708e-02,8.459208000000000175e+04
4.965500000000000000e+03,9.137143000000000370e+01,1.994561999999999724e-02,8.493493000000000757e+04
4.975500000000000000e+03,9.139430000000001542e+01,1.989052000000000181e-02,8.527849000000001979e+04
4.985500000000000000e+03,9.143856999999999857e+01,1.985447000000000253e-02,8.562271333333334769e+04
4.995500000000000000e+03,9.144856000000000051e+01,1.992904999999999677e-02,8.596765333333332092e+04
