5.500000000000000000e+00,8.910427000000001385e+01,6.897344000000001074e+01,1.176214936666666599e-01
1.550000000000000000e+01,8.390572000000000230e+01,2.154843999999999937e+01,6.859186000000000449e-01
2.550000000000000000e+01,8.396428000000000225e+01,1.546825000000000294e+01,1.762645333333333397e+00
3.550000000000000000e+01,8.628285999999999945e+01,1.250546999999999898e+01,3.339919666666666842e+00
4.550000000000000000e+01,8.639714000000000738e+01,9.718422000000000338e+00,5.418373666666666644e+00
5.550000000000000000e+01,8.250286000000001252e+01,7.412342999999999904e+00,7.988336666666667085e+00
6.550000000000000000e+01,8.169142000000000792e+01,5.970898000000000039e+00,1.105292600000000114e+01
7.550000000000000000e+01,8.290999999999999659e+01,5.342953999999999759e+00,1.461847666666666257e+01
8.550000000000000000e+01,8.300571999999999662e+01,4.354546999999999279e+00,1.867501666666666438e+01
9.550000000000000000e+01,8.357713999999999999e+01,4.049364999999999881e+00,2.322330666666666943e+01
1.055000000000000000e+02,8.500287000000000148e+01,3.820683999999999969e+00,2.826270333333333795e+01
1.155000000000000000e+02,8.501427999999999940e+01,3.530923000000000034e+00,3.379188333333333105e+01
1.255000000000000000e+02,8.517428999999999917e+01,3.737805000000000266e+00,3.981212333333333220e+01
1.355000000000000000e+02,8.584570999999998264e+01,3.348042999999999658e+00,4.632085333333333921e+01
1.455000000000000000e+02,8.603571000000002300e+01,3.158808000000000060e+00,5.331689999999999685e+01
1.555000000000000000e+02,8.655428000000000566e+01,2.878842999999999819e+00,6.083502333333333212e+01
1.655000000000000000e+02,8.737571999999998695e+01,2.646144999999999747e+00,6.886028333333332796e+01
1.755000000000000000e+02,8.768000000000000682e+01,2.516518000000000477e+00,7.737228000000000350e+01
1.855000000000000000e+02,8.835715000000000430e+01,2.481367000000000100e+00,8.636900999999998874e+01
1.955000000000000000e+02,8.732569999999998345e+01,2.334492299999999965e+00,9.585203666666664901e+01
2.055000000000000000e+02,8.831143000000000143e+01,2.375737000000000432e+00,1.058252766666666531e+02
2.155000000000000000e+02,8.833856999999999005e+01,2.189317999999999653e+00,1.162893666666666803e+02
2.255000000000000000e+02,8.886571999999999605e+01,1.947182000000000190e+00,1.272448333333333323e+02
2.355000000000000000e+02,8.796286000000000627e+01,1.954848000000000141e+00,1.386865000000000236e+02
2.455000000000000000e+02,8.890712999999999511e+01,2.138323000000000196e+00,1.506132333333333122e+02
2.555000000000000000e+02,8.839428000000000907e+01,1.790655000000000330e+00,1.630297333333333540e+02
2.655000000000000000e+02,8.775570999999999344e+01,1.687683999999999740e+00,1.759341666666666697e+02
2.755000000000000000e+02,8.732572000000000401e+01,1.720216999999999885e+00,1.893238000000000056e+02
2.855000000000000000e+02,8.832858000000001653e+01,1.583153000000000032e+00,2.032062999999999988e+02
2.955000000000000000e+02,8.974715000000000487e+01,1.525094000000000172e+00,2.175888666666666609e+02
3.055000000000000000e+02,9.040144999999999698e+01,1.429410000000000069e+00,2.324623333333333335e+02
3.155000000000000000e+02,8.911427999999999372e+01,1.468924000000000119e+00,2.478278333333333592e+02
3.255000000000000000e+02,8.943285999999999092e+01,1.356860999999999873e+00,2.636874666666666371e+02
3.355000000000000000e+02,9.030429999999999779e+01,1.469659899999999908e+00,2.800336666666666474e+02
3.455000000000000000e+02,9.006429999999998870e+01,1.481306000000000234e+00,2.968711333333332618e+02
3.555000000000000000e+02,9.098857000000000994e+01,1.310567999999999955e+00,3.142002999999999702e+02
3.655000000000000000e+02,8.954715999999999099e+01,1.411582999999999810e+00,3.320170333333333588e+02
3.755000000000000000e+02,9.040572000000000230e+01,1.295019999999999838e+00,3.503211000000000013e+02
3.855000000000000000e+02,9.068287000000000830e+01,1.265088299999999943e+00,3.691160666666666543e+02
3.955000000000000000e+02,9.015000000000000568e+01,1.200126000000000026e+00,3.884070666666666511e+02
4.055000000000000000e+02,9.041715999999999553e+01,1.206001500000000171e+00,4.081865333333333297e+02
4.155000000000000000e+02,8.892715000000001169e+01,1.168383899999999809e+00,4.284535666666665747e+02
4.255000000000000000e+02,8.999713999999998748e+01,1.146933000000000202e+00,4.492094999999999345e+02
4.355000000000000000e+02,9.086000999999998839e+01,1.154148399999999963e+00,4.704557333333333418e+02
4.455000000000000000e+02,9.025142000000001019e+01,1.086735999999999924e+00,4.921907333333333554e+02
4.555000000000000000e+02,9.123857999999999890e+01,1.011219099999999926e+00,5.144141666666666879e+02
4.655000000000000000e+02,9.021999999999999886e+01,1.004918999999999896e+00,5.371295333333333701e+02
4.755000000000000000e+02,9.033144999999998959e+01,1.067433700000000041e+00,5.603361999999999625e+02
4.855000000000000000e+02,8.955571000000000481e+01,9.665838000000001040e-01,5.840319666666666762e+02
4.955000000000000000e+02,9.081570999999999572e+01,9.889217999999999620e-01,6.082157999999999447e+02
5.055000000000000000e+02,9.157856999999999914e+01,9.741362000000000076e-01,6.328917999999999893e+02
5.155000000000000000e+02,9.110286000000000683e+01,9.976769999999998140e-01,6.580566000000001168e+02
5.255000000000000000e+02,9.112999999999999545e+01,9.254203000000000845e-01,6.837087666666666337e+02
5.355000000000000000e+02,9.121571000000001561e+01,1.011307199999999851e+00,7.098491666666666333e+02
5.455000000000000000e+02,9.038572000000000628e+01,9.403206000000000619e-01,7.364811333333334460e+02
5.555000000000000000e+02,9.049142000000000507e+01,8.891807999999998824e-01,7.636019999999998618e+02
5.655000000000000000e+02,9.064571999999999719e+01,9.001604000000000827e-01,7.912230666666666821e+02
5.755000000000000000e+02,8.973715999999998871e+01,9.428297999999999401e-01,8.193414999999998827e+02
5.855000000000000000e+02,9.051142999999999006e+01,8.379360000000000142e-01,8.479532999999998992e+02
5.955000000000000000e+02,8.975284000000000617e+01,8.905360000000002163e-01,8.770565333333331637e+02
6.055000000000000000e+02,8.971856999999999971e+01,8.368994000000000710e-01,9.068035999999999603e+02
6.155000000000000000e+02,9.084143000000000256e+01,7.755822999999999467e-01,9.371304333333333716e+02
6.255000000000000000e+02,9.108427000000000362e+01,7.301581999999999795e-01,9.679546333333333905e+02
6.355000000000000000e+02,9.117427999999999599e+01,7.347298999999999358e-01,9.992701333333334333e+02
6.455000000000000000e+02,9.108142999999999745e+01,7.787895000000000234e-01,1.031075000000000045e+03
6.555000000000000000e+02,9.150856999999999175e+01,7.718465999999998273e-01,1.063372666666666646e+03
6.655000000000000000e+02,9.176000000000001933e+01,6.877499000000001361e-01,1.096162666666666610e+03
6.755000000000000000e+02,9.181143000000000143e+01,7.321126000000000023e-01,1.129449333333333243e+03
6.855000000000000000e+02,9.118571000000000026e+01,5.849610999999999006e-01,1.163225333333333310e+03
6.955000000000000000e+02,9.177571000000000367e+01,7.100589000000000484e-01,1.197491333333333387e+03
7.055000000000000000e+02,9.171856999999999971e+01,6.368725000000000636e-01,1.232247666666666646e+03
7.155000000000000000e+02,9.204715000000000202e+01,6.704283000000000881e-01,1.267489333333333434e+03
7.255000000000000000e+02,9.200142999999999915e+01,6.583336999999999106e-01,1.303217999999999847e+03
7.355000000000000000e+02,9.203000999999999010e+01,5.084793999999999148e-01,1.339434333333333370e+03
7.455000000000000000e+02,9.110285000000001787e+01,6.892036000000001383e-01,1.376141333333333478e+03
7.555000000000000000e+02,9.136571000000000708e+01,6.078707999999999334e-01,1.413336999999999989e+03
7.655000000000000000e+02,9.257714999999998895e+01,7.169960000000000777e-01,1.451020666666666784e+03
7.755000000000000000e+02,9.199571000000000254e+01,6.065080000000000471e-01,1.489197666666666464e+03
7.855000000000000000e+02,9.161427999999999372e+01,5.392067999999999861e-01,1.527863000000000056e+03
7.955000000000000000e+02,9.203571999999999775e+01,5.983874000000000137e-01,1.567016999999999825e+03
8.055000000000000000e+02,9.203285999999999945e+01,4.879247999999999363e-01,1.606660333333333256e+03
8.155000000000000000e+02,9.235571000000000197e+01,6.955743999999999261e-01,1.646800333333333356e+03
8.255000000000000000e+02,9.198000999999999294e+01,5.412842999999999405e-01,1.687437999999999647e+03
8.355000000000000000e+02,9.174001000000001227e+01,6.573746000000000311e-01,1.728563999999999851e+03
8.455000000000000000e+02,9.179429999999999268e+01,5.495246999999999771e-01,1.770180666666666639e+03
8.555000000000000000e+02,9.156000000000000227e+01,6.016858000000000484e-01,1.812286999999999807e+03
8.655000000000000000e+02,9.186285999999999774e+01,7.035519999999999552e-01,1.854880000000000337e+03
8.755000000000000000e+02,9.208142000000000849e+01,6.919020000000000170e-01,1.897960666666666611e+03
8.855000000000000000e+02,9.184858999999998730e+01,5.521828999999999210e-01,1.941534333333333507e+03
8.955000000000000000e+02,9.250713999999999260e+01,6.947788000000000297e-01,1.985610999999999649e+03
9.055000000000000000e+02,9.260427999999998860e+01,7.092096999999999429e-01,2.030178999999999633e+03
9.155000000000000000e+02,9.245998999999999057e+01,7.605658999999999059e-01,2.075237999999999829e+03
9.255000000000000000e+02,9.223713999999999658e+01,5.293175999999999437e-01,2.120790333333333365e+03
9.355000000000000000e+02,9.117715999999998644e+01,7.324023000000000616e-01,2.166832333333332826e+03
9.455000000000000000e+02,9.201428000000001362e+01,6.149891000000000663e-01,2.213364999999999782e+03
9.555000000000000000e+02,9.107569000000000869e+01,6.762071000000000609e-01,2.260393333333333430e+03
9.655000000000000000e+02,9.155715000000000714e+01,5.901657999999999626e-01,2.307916000000000167e+03
9.755000000000000000e+02,9.212286000000000286e+01,6.290497000000000449e-01,2.355926000000000386e+03
9.855000000000000000e+02,9.169715000000000771e+01,6.497116000000000557e-01,2.404425000000000182e+03
9.955000000000000000e+02,9.241572999999998217e+01,6.128377999999999881e-01,2.453415333333333365e+03
1.005500000000000000e+03,9.172571000000000652e+01,5.772220999999999602e-01,2.502893333333333430e+03
1.015500000000000000e+03,9.125287000000000148e+01,5.976479999999999571e-01,2.552862666666666883e+03
1.025500000000000000e+03,9.183284000000000447e+01,6.546265999999999474e-01,2.603331333333333532e+03
1.035500000000000000e+03,9.162715000000000032e+01,5.601595999999998687e-01,2.654297000000000025e+03
1.045500000000000000e+03,9.205001000000000033e+01,6.608024999999998483e-01,2.705753666666666504e+03
1.055500000000000000e+03,9.171999999999999886e+01,6.788323000000000551e-01,2.757701000000000022e+03
1.065500000000000000e+03,9.182858000000000231e+01,5.776537999999999951e-01,2.810138666666666722e+03
1.075500000000000000e+03,9.221716000000000690e+01,5.430393999999999499e-01,2.863066333333333205e+03
1.085500000000000000e+03,9.188141999999999143e+01,5.983273000000000064e-01,2.916487666666666883e+03
1.095500000000000000e+03,9.199142999999999404e+01,5.452016999999999003e-01,2.970400666666666893e+03
1.105500000000000000e+03,9.232999000000000933e+01,5.946443000000000145e-01,3.024806666666666843e+03
1.115500000000000000e+03,9.129571000000001391e+01,5.009297999999999806e-01,3.079704000000000178e+03
1.125500000000000000e+03,9.181856999999999402e+01,6.027755999999999670e-01,3.135090666666666493e+03
1.135500000000000000e+03,9.201429000000000258e+01,5.236136000000001234e-01,3.190970666666667057e+03
1.145500000000000000e+03,9.232428000000000168e+01,5.594938000000000411e-01,3.247341000000000349e+03
1.155500000000000000e+03,9.166713999999998919e+01,5.058584000000000414e-01,3.304201666666666370e+03
1.165500000000000000e+03,9.198428999999998723e+01,5.351717000000000279e-01,3.361558999999999742e+03
1.175500000000000000e+03,9.199712999999999852e+01,5.213425000000000420e-01,3.419407666666666955e+03
1.185500000000000000e+03,9.193715000000000259e+01,5.227365999999999957e-01,3.477745000000000346e+03
1.195500000000000000e+03,9.272000999999998783e+01,4.489670999999999523e-01,3.536574666666666417e+03
1.205500000000000000e+03,9.204285999999999035e+01,5.296783999999999937e-01,3.595926999999999680e+03
1.215500000000000000e+03,9.225284999999999513e+01,4.835625000000000062e-01,3.655784666666667363e+03
1.225500000000000000e+03,9.212999999999999545e+01,4.812643999999998701e-01,3.716137333333333572e+03
1.235500000000000000e+03,9.154855999999999483e+01,4.317333999999999894e-01,3.776976333333333514e+03
1.245500000000000000e+03,9.159714999999999918e+01,4.745221000000000022e-01,3.838304000000000087e+03
1.255500000000000000e+03,9.194858000000000686e+01,4.933796000000000848e-01,3.900128666666666504e+03
1.265500000000000000e+03,9.136857000000000539e+01,4.167251999999999623e-01,3.962451666666666370e+03
1.275500000000000000e+03,9.113428999999999292e+01,4.796251999999999738e-01,4.025270000000000437e+03
1.285500000000000000e+03,9.176570999999999856e+01,5.061811000000000504e-01,4.088579666666666981e+03
1.295500000000000000e+03,9.244714999999999350e+01,4.454609999999999959e-01,4.152380666666666912e+03
1.305500000000000000e+03,9.178430000000000177e+01,4.662940999999999891e-01,4.216671666666666169e+03
1.315500000000000000e+03,9.231143999999999039e+01,4.431386999999999965e-01,4.281453999999999724e+03
1.325500000000000000e+03,9.126142999999999006e+01,3.914895999999999932e-01,4.346726333333332150e+03
1.335500000000000000e+03,9.145998000000000161e+01,4.520147999999999944e-01,4.412491333333333387e+03
1.345500000000000000e+03,9.112428000000001305e+01,4.509904999999999609e-01,4.478751999999999498e+03
1.355500000000000000e+03,9.123284000000001015e+01,4.369754000000000138e-01,4.545501666666666097e+03
1.365500000000000000e+03,9.123570999999999742e+01,4.415972000000000230e-01,4.612747333333332790e+03
1.375500000000000000e+03,9.161856999999999118e+01,4.851898000000000044e-01,4.680492333333333590e+03
1.385500000000000000e+03,9.151141999999998689e+01,4.596550999999999831e-01,4.748729666666667072e+03
1.395500000000000000e+03,9.149429999999999552e+01,4.567839000000000205e-01,4.817460333333333438e+03
1.405500000000000000e+03,9.145286000000001536e+01,4.384529999999999816e-01,4.886685333333333801e+03
1.415500000000000000e+03,9.157999999999999829e+01,4.427530000000000077e-01,4.956403333333333649e+03
1.425500000000000000e+03,9.175714999999999577e+01,3.875712000000000046e-01,5.026612666666665973e+03
1.435500000000000000e+03,9.074143999999999721e+01,4.335775000000000046e-01,5.097311000000000604e+03
1.445500000000000000e+03,9.023572000000001481e+01,4.570055999999999008e-01,5.168502666666666300e+03
1.455500000000000000e+03,9.133285000000000764e+01,4.094278000000000084e-01,5.240189000000000306e+03
1.465500000000000000e+03,9.202000999999998498e+01,4.059948999999999364e-01,5.312367333333333590e+03
1.475500000000000000e+03,9.158856000000000108e+01,3.985109999999999486e-01,5.385037999999999556e+03
1.485500000000000000e+03,9.105857000000000312e+01,4.031873000000000262e-01,5.458198333333333721e+03
1.495500000000000000e+03,9.049571000000000254e+01,3.730524000000000062e-01,5.531855666666667275e+03
1.505500000000000000e+03,9.143286000000000513e+01,4.041962000000000055e-01,5.606007333333333008e+03
1.515500000000000000e+03,9.164427999999999486e+01,3.986310999999999605e-01,5.680659333333333052e+03
1.525500000000000000e+03,9.119858000000002107e+01,4.241531999999999525e-01,5.755817000000000917e+03
1.535500000000000000e+03,9.164285000000000991e+01,3.830245000000000455e-01,5.831479999999999563e+03
1.545500000000000000e+03,9.148572000000000060e+01,4.015651000000000082e-01,5.907638333333333321e+03
1.555500000000000000e+03,9.121858000000000288e+01,3.762672000000000239e-01,5.984294333333333270e+03
1.565500000000000000e+03,9.194998000000001070e+01,3.759508999999999768e-01,6.061446666666665806e+03
1.575500000000000000e+03,9.110999000000001047e+01,3.826261000000000245e-01,6.139094333333333452e+03
1.585500000000000000e+03,9.179713999999998464e+01,4.252276000000000389e-01,6.217237333333333481e+03
1.595500000000000000e+03,9.176714999999998668e+01,3.854427000000000270e-01,6.295876333333333605e+03
1.605500000000000000e+03,9.199285000000000423e+01,3.683037000000000116e-01,6.375008666666666613e+03
1.615500000000000000e+03,9.127428999999999348e+01,3.244815999999999812e-01,6.454645666666666330e+03
1.625500000000000000e+03,9.094857000000001790e+01,3.561390000000000389e-01,6.534779999999998836e+03
1.635500000000000000e+03,9.195999000000000478e+01,3.965803999999999996e-01,6.615412000000001171e+03
1.645500000000000000e+03,9.119714999999999350e+01,4.267144999999999966e-01,6.696540333333333365e+03
1.655500000000000000e+03,9.193143000000000598e+01,3.404532999999999587e-01,6.778168333333333067e+03
1.665500000000000000e+03,9.184141999999999939e+01,3.756827999999999834e-01,6.860295666666666875e+03
1.675500000000000000e+03,9.168572999999999240e+01,3.909379000000000604e-01,6.942922000000000480e+03
1.685500000000000000e+03,9.230569999999998743e+01,3.945847000000000104e-01,7.026048333333334085e+03
1.695500000000000000e+03,9.202142999999999518e+01,3.893735000000000390e-01,7.109668333333333067e+03
1.705500000000000000e+03,9.229999999999999716e+01,3.711388999999999938e-01,7.193791333333332659e+03
1.715500000000000000e+03,9.228285999999999945e+01,3.609531000000000267e-01,7.278411999999999352e+03
1.725500000000000000e+03,9.184713999999999601e+01,3.688265000000000571e-01,7.363537666666666155e+03
1.735500000000000000e+03,9.213714000000000226e+01,3.999131000000000213e-01,7.449170333333333474e+03
1.745500000000000000e+03,9.220428000000001134e+01,3.727352000000000443e-01,7.535298666666666577e+03
1.755500000000000000e+03,9.223715000000001396e+01,3.553011000000000363e-01,7.621921000000000276e+03
1.765500000000000000e+03,9.222713999999999146e+01,3.784238999999999797e-01,7.709037999999998647e+03
1.775500000000000000e+03,9.168143999999999494e+01,3.501746000000000025e-01,7.796649666666667144e+03
1.785500000000000000e+03,9.197429000000001054e+01,3.477026999999999757e-01,7.884755666666666002e+03
1.795500000000000000e+03,9.267858000000001084e+01,3.247397999999999674e-01,7.973357333333333372e+03
1.805500000000000000e+03,9.207428999999999064e+01,3.563027999999999751e-01,8.062456666666666933e+03
1.815500000000000000e+03,9.219427000000000305e+01,3.557744000000000462e-01,8.152053999999999178e+03
1.825500000000000000e+03,9.235427000000001385e+01,3.360749000000000097e-01,8.242150666666664620e+03
1.835500000000000000e+03,9.243571999999998923e+01,3.386735000000000162e-01,8.332740666666668403e+03
1.845500000000000000e+03,9.222002000000000521e+01,3.774912000000000267e-01,8.423832000000000335e+03
1.855500000000000000e+03,9.234713000000002125e+01,3.396907999999999594e-01,8.515422666666665464e+03
1.865500000000000000e+03,9.195569999999997890e+01,3.364487000000000450e-01,8.607507999999999811e+03
1.875500000000000000e+03,9.241141999999999257e+01,3.420308999999999711e-01,8.700085666666665929e+03
1.885500000000000000e+03,9.240428999999998894e+01,3.109452000000000327e-01,8.793156333333334260e+03
1.895500000000000000e+03,9.237429000000000201e+01,3.122501999999999778e-01,8.886722666666668374e+03
1.905500000000000000e+03,9.223715000000001396e+01,3.172782000000000102e-01,8.980789333333332252e+03
1.915500000000000000e+03,9.232571000000000083e+01,3.291834999999999622e-01,9.075352666666667574e+03
1.925500000000000000e+03,9.234713000000000704e+01,3.425169000000000130e-01,9.170408999999999651e+03
1.935500000000000000e+03,9.207856999999999914e+01,3.066940000000000222e-01,9.265961333333334551e+03
1.945500000000000000e+03,9.237572000000000116e+01,3.130126000000000297e-01,9.362009000000000015e+03
1.955500000000000000e+03,9.234286000000000172e+01,3.066923000000000288e-01,9.458553333333335104e+03
1.965500000000000000e+03,9.227571000000000367e+01,2.905053000000000774e-01,9.555601333333332150e+03
1.975500000000000000e+03,9.248427999999999827e+01,2.948523000000000116e-01,9.653149666666668054e+03
1.985500000000000000e+03,9.230715000000000714e+01,2.877515999999999963e-01,9.751187333333333299e+03
1.995500000000000000e+03,9.227857000000000198e+01,3.281691999999999942e-01,9.849720666666666148e+03
2.005500000000000000e+03,9.239141999999999655e+01,2.781263999999999958e-01,9.948760333333331801e+03
2.015500000000000000e+03,9.223285000000001332e+01,2.938747999999999916e-01,1.004828133333333426e+04
2.025500000000000000e+03,9.216429999999999723e+01,2.780409000000000352e-01,1.014831633333333230e+04
2.035500000000000000e+03,9.224285000000000423e+01,2.820912999999999893e-01,1.024882999999999993e+04
2.045500000000000000e+03,9.250285000000000935e+01,2.857751999999999515e-01,1.034985000000000036e+04
2.055500000000000000e+03,9.230568999999999846e+01,2.806615000000000082e-01,1.045134666666666635e+04
2.065500000000000000e+03,9.242428999999999917e+01,2.594589999999999952e-01,1.055333666666666795e+04
2.075500000000000000e+03,9.217284999999999684e+01,3.010102999999999529e-01,1.065584000000000015e+04
2.085500000000000000e+03,9.232142000000001758e+01,2.714059999999999806e-01,1.075881999999999971e+04
2.095500000000000000e+03,9.233000999999998726e+01,2.905265000000000208e-01,1.086229999999999927e+04
2.105500000000000000e+03,9.227572000000000685e+01,2.679447999999999830e-01,1.096630333333333328e+04
2.115500000000000000e+03,9.224429999999999552e+01,2.834445000000000436e-01,1.107078333333333467e+04
2.125500000000000000e+03,9.236141999999998120e+01,2.600160000000000249e-01,1.117576666666666642e+04
2.135500000000000000e+03,9.238714000000000226e+01,2.745585999999999860e-01,1.128124333333333379e+04
2.145500000000000000e+03,9.251858000000001425e+01,2.544378000000000473e-01,1.138720666666666511e+04
2.155500000000000000e+03,9.240144999999999698e+01,2.324088999999999738e-01,1.149367333333333409e+04
2.165500000000000000e+03,9.252568999999999733e+01,2.511564000000000574e-01,1.160061666666666679e+04
2.175500000000000000e+03,9.221999999999999886e+01,2.881350000000000300e-01,1.170807999999999811e+04
2.185500000000000000e+03,9.226856000000000790e+01,2.938585999999999698e-01,1.181602000000000044e+04
2.195500000000000000e+03,9.230998999999999910e+01,2.741952999999999752e-01,1.192445000000000073e+04
2.205500000000000000e+03,9.227000999999999920e+01,2.842289000000000621e-01,1.203337333333333299e+04
2.215500000000000000e+03,9.231712999999999170e+01,2.949184000000000250e-01,1.214279999999999927e+04
2.225500000000000000e+03,9.211713999999999203e+01,2.359903000000000139e-01,1.225270999999999913e+04
2.235500000000000000e+03,9.213713000000001330e+01,2.560266999999999959e-01,1.236313999999999942e+04
2.245500000000000000e+03,9.202855999999999881e+01,2.455588999999999689e-01,1.247404999999999927e+04
2.255500000000000000e+03,9.220999000000000478e+01,2.360279999999999878e-01,1.258546666666666715e+04
2.265500000000000000e+03,9.210714000000000112e+01,2.605367999999999573e-01,1.269735666666666475e+04
2.275500000000000000e+03,9.213142999999999461e+01,2.700228999999999546e-01,1.280975333333333219e+04
2.285500000000000000e+03,9.200998999999998773e+01,2.168298000000000170e-01,1.292264666666666562e+04
2.295500000000000000e+03,9.206570999999999572e+01,2.474415000000000087e-01,1.303601000000000022e+04
2.305500000000000000e+03,9.212857000000001051e+01,2.260874999999999968e-01,1.314989666666666380e+04
2.315500000000000000e+03,9.215143000000000484e+01,2.864035999999999804e-01,1.326428333333333103e+04
2.325500000000000000e+03,9.211142000000000962e+01,2.174972000000000016e-01,1.337912333333333299e+04
2.335500000000000000e+03,9.214571000000000822e+01,2.615637000000000656e-01,1.349448333333333358e+04
2.345500000000000000e+03,9.209570999999999685e+01,2.494462999999999542e-01,1.361033666666666613e+04
2.355500000000000000e+03,9.205143999999999949e+01,2.573510999999999438e-01,1.372667666666666628e+04
2.365500000000000000e+03,9.215428999999998894e+01,2.845598000000000294e-01,1.384353000000000247e+04
2.375500000000000000e+03,9.233286999999999978e+01,2.364288000000000223e-01,1.396089999999999964e+04
2.385500000000000000e+03,9.216427000000000191e+01,2.246718000000000048e-01,1.407877000000000044e+04
2.395500000000000000e+03,9.225856000000000279e+01,2.710274000000000294e-01,1.419713333333333503e+04
2.405500000000000000e+03,9.202855000000000985e+01,2.685852000000000239e-01,1.431615666666666584e+04
2.415500000000000000e+03,9.207571000000000083e+01,3.130377000000000298e-01,1.443570666666666875e+04
2.425500000000000000e+03,9.202143000000000939e+01,3.043798999999999810e-01,1.455573999999999978e+04
2.435500000000000000e+03,9.184430000000000405e+01,2.681420999999999943e-01,1.467626333333333241e+04
2.445500000000000000e+03,9.210857000000000028e+01,2.474160000000000248e-01,1.479727999999999884e+04
2.455500000000000000e+03,9.187999000000000649e+01,3.065701000000000120e-01,1.491878666666666686e+04
2.465500000000000000e+03,9.220857000000000880e+01,2.916253000000000317e-01,1.504079000000000269e+04
2.475500000000000000e+03,9.207999999999999829e+01,2.904193999999999942e-01,1.516328999999999905e+04
2.485500000000000000e+03,9.190570999999999913e+01,2.627231999999999901e-01,1.528627666666666664e+04
2.495500000000000000e+03,9.201856999999999687e+01,2.583342999999999612e-01,1.540975666666666439e+04
2.505500000000000000e+03,9.198571999999998638e+01,3.093249000000000137e-01,1.553374333333333198e+04
2.515500000000000000e+03,9.196286000000000627e+01,2.601702999999999655e-01,1.565822333333333336e+04
2.525500000000000000e+03,9.193429000000000428e+01,3.029043999999999626e-01,1.578318333333333067e+04
2.535500000000000000e+03,9.201714999999998668e+01,3.211990000000000123e-01,1.590865333333333183e+04
2.545500000000000000e+03,9.200570999999999344e+01,3.058778999999999804e-01,1.603459666666666817e+04
2.555500000000000000e+03,9.199571000000000254e+01,2.573517000000000166e-01,1.616103999999999905e+04
2.565500000000000000e+03,9.201143999999999323e+01,2.553159999999999874e-01,1.628799666666666781e+04
2.575500000000000000e+03,9.165570999999999913e+01,2.489724999999999855e-01,1.641543666666666468e+04
2.585500000000000000e+03,9.191571999999999321e+01,2.899511999999999645e-01,1.654337999999999738e+04
2.595500000000000000e+03,9.203000000000000114e+01,2.694769999999999666e-01,1.667181000000000131e+04
2.605500000000000000e+03,9.198713999999999658e+01,2.851057000000000174e-01,1.680074333333333198e+04
2.615500000000000000e+03,9.187000000000000455e+01,2.684970999999999886e-01,1.693013333333333139e+04
2.625500000000000000e+03,9.178571999999999775e+01,2.669044999999999890e-01,1.706004999999999927e+04
2.635500000000000000e+03,9.194001000000000090e+01,2.926775999999999267e-01,1.719045333333333110e+04
2.645500000000000000e+03,9.165572000000000230e+01,2.401530999999999805e-01,1.732135333333333256e+04
2.655500000000000000e+03,9.173713999999999658e+01,2.878330000000000055e-01,1.745272999999999956e+04
2.665500000000000000e+03,9.178713000000001898e+01,2.847860999999999865e-01,1.758460333333333620e+04
2.675500000000000000e+03,9.160000999999999749e+01,2.843436999999999770e-01,1.771699000000000160e+04
2.685500000000000000e+03,9.178569999999999141e+01,2.739394999999999469e-01,1.784985333333333256e+04
2.695500000000000000e+03,9.176856999999999687e+01,2.837049999999999850e-01,1.798320333333333474e+04
2.705500000000000000e+03,9.168999999999999773e+01,2.906602999999999826e-01,1.811705666666666730e+04
2.715500000000000000e+03,9.177141999999999200e+01,2.569610999999999978e-01,1.825143000000000029e+04
2.725500000000000000e+03,9.176429999999999154e+01,2.699207000000000134e-01,1.838627666666666482e+04
2.735500000000000000e+03,9.183001000000000147e+01,2.743671999999999778e-01,1.852161666666666497e+04
2.745500000000000000e+03,9.163571000000000311e+01,2.342124000000000150e-01,1.865745333333333474e+04
2.755500000000000000e+03,9.195571000000001050e+01,2.569344000000000072e-01,1.879378666666666686e+04
2.765500000000000000e+03,9.181143000000000143e+01,2.499847999999999515e-01,1.893061000000000422e+04
2.775500000000000000e+03,9.180713999999998975e+01,2.881190000000000140e-01,1.906792000000000189e+04
2.785500000000000000e+03,9.203571000000000879e+01,2.538538999999999657e-01,1.920573333333333358e+04
2.795500000000000000e+03,9.178141999999999712e+01,2.756972000000000311e-01,1.934404333333333489e+04
2.805500000000000000e+03,9.179856999999999800e+01,2.688153999999999266e-01,1.948285333333333256e+04
2.815500000000000000e+03,9.169998999999999967e+01,2.687431000000000125e-01,1.962214333333333343e+04
2.825500000000000000e+03,9.166713000000000022e+01,2.731806000000000512e-01,1.976192000000000189e+04
2.835500000000000000e+03,9.185426999999999964e+01,2.606229999999999380e-01,1.990221666666666715e+04
2.845500000000000000e+03,9.184713000000000704e+01,2.394274999999999876e-01,2.004299666666666963e+04
2.855500000000000000e+03,9.162429000000000201e+01,2.587644000000000055e-01,2.018427666666666482e+04
2.865500000000000000e+03,9.180715000000000714e+01,2.479129999999999667e-01,2.032605666666666730e+04
2.875500000000000000e+03,9.171572999999999354e+01,2.416111000000000231e-01,2.046833000000000175e+04
2.885500000000000000e+03,9.168430000000000746e+01,2.533606000000000469e-01,2.061109666666666453e+04
2.895500000000000000e+03,9.174000000000000909e+01,2.529016000000000042e-01,2.075437000000000262e+04
2.905500000000000000e+03,9.158570000000000277e+01,2.523878000000000510e-01,2.089812999999999738e+04
2.915500000000000000e+03,9.177857000000000198e+01,2.615420999999999996e-01,2.104240000000000146e+04
2.925500000000000000e+03,9.191001000000001397e+01,2.417396999999999740e-01,2.118717333333333227e+04
2.935500000000000000e+03,9.185857000000000028e+01,2.387473999999999985e-01,2.133243666666666832e+04
2.945500000000000000e+03,9.188429999999999609e+01,2.477263000000000104e-01,2.147820333333333110e+04
2.955500000000000000e+03,9.150857999999998071e+01,2.253585000000000171e-01,2.162445333333333110e+04
2.965500000000000000e+03,9.168715000000000259e+01,2.368583999999999690e-01,2.177120666666666511e+04
2.975500000000000000e+03,9.180427999999999145e+01,2.378257999999999761e-01,2.191845666666666511e+04
2.985500000000000000e+03,9.185285000000000366e+01,2.421901999999999666e-01,2.206618666666666468e+04
2.995500000000000000e+03,9.187999999999999545e+01,2.537737999999999938e-01,2.221441333333333387e+04
3.005500000000000000e+03,9.177284999999999116e+01,2.433833000000000246e-01,2.236313999999999578e+04
3.015500000000000000e+03,9.182285000000000252e+01,2.416621000000000186e-01,2.251236666666666497e+04
3.025500000000000000e+03,9.178714999999999691e+01,2.251519000000000159e-01,2.266207666666666773e+04
3.035500000000000000e+03,9.172856000000001586e+01,2.216482999999999648e-01,2.281227333333333081e+04
3.045500000000000000e+03,9.170284999999999798e+01,2.271621000000000057e-01,2.296297333333333518e+04
3.055500000000000000e+03,9.170715000000001282e+01,2.188111000000000084e-01,2.311415999999999985e+04
3.065500000000000000e+03,9.133142000000000849e+01,2.597201000000000093e-01,2.326585666666666657e+04
3.075500000000000000e+03,9.138428000000000395e+01,2.318399000000000432e-01,2.341804333333333489e+04
3.085500000000000000e+03,9.160429000000000599e+01,2.219031000000000198e-01,2.357071333333333314e+04
3.095500000000000000e+03,9.154998999999999398e+01,2.118686000000000180e-01,2.372389000000000306e+04
3.105500000000000000e+03,9.153999999999999204e+01,2.169785000000000186e-01,2.387756999999999971e+04
3.115500000000000000e+03,9.161001000000001682e+01,2.280542000000000125e-01,2.403174666666666235e+04
3.125500000000000000e+03,9.173571999999998638e+01,1.991860000000000019e-01,2.418641999999999825e+04
3.135500000000000000e+03,9.168715000000000259e+01,2.240987999999999869e-01,2.434158333333333212e+04
3.145500000000000000e+03,9.156713999999999487e+01,2.157237999999999933e-01,2.449725000000000000e+04
3.155500000000000000e+03,9.155856999999998891e+01,2.141929000000000194e-01,2.465339666666666380e+04
3.165500000000000000e+03,9.127570999999998946e+01,2.252835000000000254e-01,2.481004333333333489e+04
3.175500000000000000e+03,9.160571999999999093e+01,1.986342000000000108e-01,2.496717666666666628e+04
3.185500000000000000e+03,9.165142000000000166e+01,2.082539999999999947e-01,2.512481666666666933e+04
3.195500000000000000e+03,9.144856999999998948e+01,2.249720000000000053e-01,2.528296666666666715e+04
3.205500000000000000e+03,9.148000000000000398e+01,2.091554999999999942e-01,2.544159666666666817e+04
3.215500000000000000e+03,9.154715000000000202e+01,2.110846000000000111e-01,2.560072999999999956e+04
3.225500000000000000e+03,9.140716000000000463e+01,2.035499999999999809e-01,2.576035333333333983e+04
3.235500000000000000e+03,9.164142999999999972e+01,2.105798000000000114e-01,2.592048999999999796e+04
3.245500000000000000e+03,9.155143999999999949e+01,2.080417000000000238e-01,2.608111666666666861e+04
3.255500000000000000e+03,9.148427999999999827e+01,2.245487999999999928e-01,2.624223000000000320e+04
3.265500000000000000e+03,9.148143999999999210e+01,2.033447999999999922e-01,2.640385333333333256e+04
3.275500000000000000e+03,9.160999999999998522e+01,1.856657999999999920e-01,2.656595666666666511e+04
3.285500000000000000e+03,9.147572999999999865e+01,1.918136000000000008e-01,2.672856333333333168e+04
3.295500000000000000e+03,9.162143999999999266e+01,2.032424999999999926e-01,2.689165999999999622e+04
3.305500000000000000e+03,9.135571999999999093e+01,1.954486999999999752e-01,2.705526333333333605e+04
3.315500000000000000e+03,9.155141000000000417e+01,1.980077000000000087e-01,2.721935333333333256e+04
3.325500000000000000e+03,9.145286000000000115e+01,1.984933000000000114e-01,2.738394666666666672e+04
3.335500000000000000e+03,9.160999999999999943e+01,1.815002000000000282e-01,2.754902666666666482e+04
3.345500000000000000e+03,9.147001000000001625e+01,1.860814000000000079e-01,2.771458666666666250e+04
3.355500000000000000e+03,9.157858000000000231e+01,2.176124000000000114e-01,2.788067000000000189e+04
3.365500000000000000e+03,9.157571000000000083e+01,1.997336999999999863e-01,2.804724333333333561e+04
3.375500000000000000e+03,9.145144000000000517e+01,2.144064999999999999e-01,2.821430666666666366e+04
3.385500000000000000e+03,9.156287000000000376e+01,1.952307999999999821e-01,2.838186000000000422e+04
3.395500000000000000e+03,9.148427000000000930e+01,1.816466999999999943e-01,2.854991666666666788e+04
3.405500000000000000e+03,9.136143000000001280e+01,1.917622999999999966e-01,2.871845000000000073e+04
3.415500000000000000e+03,9.138855999999999824e+01,1.908337999999999979e-01,2.888750000000000000e+04
3.425500000000000000e+03,9.142713999999998009e+01,1.858059999999999989e-01,2.905702333333333445e+04
3.435500000000000000e+03,9.127857000000000198e+01,1.921849999999999947e-01,2.922706000000000495e+04
3.445500000000000000e+03,9.142141999999999769e+01,1.761749999999999983e-01,2.939758666666666977e+04
3.455500000000000000e+03,9.159286000000000172e+01,1.865806000000000131e-01,2.956859666666666817e+04
3.465500000000000000e+03,9.153143000000000029e+01,1.824282000000000126e-01,2.974011333333333459e+04
3.475500000000000000e+03,9.139142999999998551e+01,1.822545999999999888e-01,2.991210333333333983e+04
3.485500000000000000e+03,9.150143999999998812e+01,1.780509999999999871e-01,3.008461000000000422e+04
3.495500000000000000e+03,9.145571999999999946e+01,1.777940000000000353e-01,3.025759666666666817e+04
3.505500000000000000e+03,9.146142999999999290e+01,1.651440000000000130e-01,3.043107666666666773e+04
3.515500000000000000e+03,9.148715000000001396e+01,1.803386999999999907e-01,3.060506000000000495e+04
3.525500000000000000e+03,9.142001000000000488e+01,1.857589000000000046e-01,3.077954333333333489e+04
3.535500000000000000e+03,9.146000999999999692e+01,1.634054000000000062e-01,3.095451666666667006e+04
3.545500000000000000e+03,9.148429999999999040e+01,1.774015000000000175e-01,3.112997333333333518e+04
3.555500000000000000e+03,9.141714999999999236e+01,1.795864999999999823e-01,3.130592000000000189e+04
3.565500000000000000e+03,9.153857999999999606e+01,1.873550999999999966e-01,3.148236333333333459e+04
3.575500000000000000e+03,9.146571000000000140e+01,1.679667999999999994e-01,3.165930333333333328e+04
3.585500000000000000e+03,9.136284999999999457e+01,1.937038999999999844e-01,3.183674000000000160e+04
3.595500000000000000e+03,9.149285000000000423e+01,1.727372000000000352e-01,3.201468333333333794e+04
3.605500000000000000e+03,9.152572000000000685e+01,1.625059000000000087e-01,3.219310333333333256e+04
3.615500000000000000e+03,9.141142999999999574e+01,1.640635000000000010e-01,3.237202333333333445e+04
3.625500000000000000e+03,9.152285000000000537e+01,1.618889000000000022e-01,3.255143999999999505e+04
3.635500000000000000e+03,9.144427999999999201e+01,1.659657900000000019e-01,3.273136666666666861e+04
3.645500000000000000e+03,9.125285999999998410e+01,1.656863999999999837e-01,3.291178333333332557e+04
3.655500000000000000e+03,9.150428000000000850e+01,1.708152599999999965e-01,3.309270999999999185e+04
3.665500000000000000e+03,9.146714000000000055e+01,1.648624000000000200e-01,3.327413333333333867e+04
3.675500000000000000e+03,9.158142999999999745e+01,1.587223999999999857e-01,3.345603999999999360e+04
3.685500000000000000e+03,9.143572000000000344e+01,1.485122000000000109e-01,3.363846000000000640e+04
3.695500000000000000e+03,9.156141999999999825e+01,1.601568999999999909e-01,3.382135333333333983e+04
3.705500000000000000e+03,9.150999999999999091e+01,1.621577000000000157e-01,3.400474666666666599e+04
3.715500000000000000e+03,9.161713999999999203e+01,1.606810999999999934e-01,3.418865000000000146e+04
3.725500000000000000e+03,9.140430000000000632e+01,1.570253000000000065e-01,3.437303000000000611e+04
3.735500000000000000e+03,9.146000999999998271e+01,1.735712000000000088e-01,3.455792333333332499e+04
3.745500000000000000e+03,9.147429999999999950e+01,1.530736000000000041e-01,3.474330000000000291e+04
3.755500000000000000e+03,9.144857000000000369e+01,1.538594000000000073e-01,3.492918333333333430e+04
3.765500000000000000e+03,9.156001000000000545e+01,1.447042000000000050e-01,3.511558000000000175e+04
3.775500000000000000e+03,9.155427999999999145e+01,1.526816299999999849e-01,3.530245000000000437e+04
3.785500000000000000e+03,9.135284999999998945e+01,1.474635000000000251e-01,3.548983333333332848e+04
3.795500000000000000e+03,9.131142000000001246e+01,1.514514000000000138e-01,3.567770999999999913e+04
3.805500000000000000e+03,9.143287000000000830e+01,1.552319999999999811e-01,3.586608000000000175e+04
3.815500000000000000e+03,9.140858000000000061e+01,1.560288999999999704e-01,3.605495999999999913e+04
3.825500000000000000e+03,9.145286999999999011e+01,1.468787699999999918e-01,3.624432333333334100e+04
3.835500000000000000e+03,9.138427000000000078e+01,1.517160000000000175e-01,3.643417333333333954e+04
3.845500000000000000e+03,9.152285000000000537e+01,1.532287000000000232e-01,3.662453666666666686e+04
3.855500000000000000e+03,9.127141000000001725e+01,1.444416000000000033e-01,3.681540999999999622e+04
3.865500000000000000e+03,9.148856999999999573e+01,1.335900000000000143e-01,3.700677666666667210e+04
3.875500000000000000e+03,9.141857000000001676e+01,1.414284799999999953e-01,3.719861999999999534e+04
3.885500000000000000e+03,9.145713000000000648e+01,1.480353000000000085e-01,3.739097000000000116e+04
3.895500000000000000e+03,9.144713999999999032e+01,1.406734000000000040e-01,3.758382333333333372e+04
3.905500000000000000e+03,9.149999000000001104e+01,1.376796299999999973e-01,3.777716666666667152e+04
3.915500000000000000e+03,9.135857000000000028e+01,1.208520700000000059e-01,3.797101666666667734e+04
3.925500000000000000e+03,9.143856999999999857e+01,1.261851199999999840e-01,3.816536333333333459e+04
3.935500000000000000e+03,9.146715000000000373e+01,1.506560000000000121e-01,3.836020333333333110e+04
3.945500000000000000e+03,9.142000000000000171e+01,1.483624100000000001e-01,3.855554333333332761e+04
3.955500000000000000e+03,9.147714999999999463e+01,1.384629000000000276e-01,3.875139333333333343e+04
3.965500000000000000e+03,9.140426999999998259e+01,1.312747000000000219e-01,3.894773666666666395e+04
3.975500000000000000e+03,9.136858999999999753e+01,1.438474000000000141e-01,3.914458666666666250e+04
3.985500000000000000e+03,9.128570000000000562e+01,1.263326400000000238e-01,3.934191666666666424e+04
3.995500000000000000e+03,9.138002000000000180e+01,1.285617899999999814e-01,3.953973666666667123e+04
4.005500000000000000e+03,9.160286999999999580e+01,1.472862000000000060e-01,3.973808333333332848e+04
4.015500000000000000e+03,9.122714000000000567e+01,1.315762700000000229e-01,3.993692333333332499e+04
4.025500000000000000e+03,9.135429000000000599e+01,1.427605999999999875e-01,4.013625333333333401e+04
4.035500000000000000e+03,9.126569999999999538e+01,1.279405800000000260e-01,4.033608000000000175e+04
4.045500000000000000e+03,9.138000000000000966e+01,1.190795200000000220e-01,4.053640333333333547e+04
4.055500000000000000e+03,9.137284999999999968e+01,1.236737000000000253e-01,4.073722333333333518e+04
4.065500000000000000e+03,9.130715000000000714e+01,1.233556999999999848e-01,4.093852999999999884e+04
4.075500000000000000e+03,9.137142999999998949e+01,1.239154699999999998e-01,4.114032666666666773e+04
4.085500000000000000e+03,9.146713000000001159e+01,1.364784999999999748e-01,4.134263333333333139e+04
4.095500000000000000e+03,9.141713000000000022e+01,1.182583299999999948e-01,4.154544999999999709e+04
4.105500000000000000e+03,9.134427999999999770e+01,1.167093200000000053e-01,4.174875666666666802e+04
4.115500000000000000e+03,9.139999000000000251e+01,1.288098900000000102e-01,4.195257333333333372e+04
4.125500000000000000e+03,9.134144000000000574e+01,1.128420400000000046e-01,4.215690666666666948e+04
4.135500000000000000e+03,9.127572000000000685e+01,1.167753199999999880e-01,4.236171999999999389e+04
4.145500000000000000e+03,9.137429000000000201e+01,1.163921300000000103e-01,4.256702000000000407e+04
4.155500000000000000e+03,9.156714999999999804e+01,1.225850200000000029e-01,4.277282666666666773e+04
4.165500000000000000e+03,9.129712999999999568e+01,1.113850600000000080e-01,4.297913666666667268e+04
4.175500000000000000e+03,9.132000999999999635e+01,1.122059199999999868e-01,4.318591999999999825e+04
4.185500000000000000e+03,9.146856999999999971e+01,1.156927400000000022e-01,4.339321333333333314e+04
4.195500000000000000e+03,9.137283999999999651e+01,1.066666899999999946e-01,4.360100000000000000e+04
4.205500000000000000e+03,9.139427999999999486e+01,1.086872200000000149e-01,4.380928000000000611e+04
4.215500000000000000e+03,9.138571999999999207e+01,1.147495500000000057e-01,4.401804666666666890e+04
4.225500000000000000e+03,9.126283999999999708e+01,1.021494799999999870e-01,4.422730333333332965e+04
4.235500000000000000e+03,9.132858000000001653e+01,1.081053799999999870e-01,4.443708999999999651e+04
4.245500000000000000e+03,9.134572000000000003e+01,1.041689399999999877e-01,4.464735333333332528e+04
4.255500000000000000e+03,9.132856999999998493e+01,9.399045999999999790e-02,4.485811666666666133e+04
4.265500000000000000e+03,9.146858999999999185e+01,1.113342999999999972e-01,4.506939666666666744e+04
4.275500000000000000e+03,9.142145000000000721e+01,1.143863199999999997e-01,4.528119000000000233e+04
4.285500000000000000e+03,9.127285000000000537e+01,8.937960999999999823e-02,4.549348000000001048e+04
4.295500000000000000e+03,9.129285000000000139e+01,1.001256700000000138e-01,4.570626666666666279e+04
4.305500000000000000e+03,9.140429000000000315e+01,1.087370200000000037e-01,4.591955666666666366e+04
4.315500000000000000e+03,9.143855999999999540e+01,9.462576000000000320e-02,4.613334000000000378e+04
4.325500000000000000e+03,9.135428000000000281e+01,1.061107499999999898e-01,4.634761000000000058e+04
4.335500000000000000e+03,9.148999999999999488e+01,1.138549099999999897e-01,4.656240000000000146e+04
4.345500000000000000e+03,9.126573000000000491e+01,9.627208999999999073e-02,4.677767333333333954e+04
4.355500000000000000e+03,9.119429999999998415e+01,9.425912999999999653e-02,4.699343000000000029e+04
4.365500000000000000e+03,9.134999999999999432e+01,9.658363999999999838e-02,4.720969333333333634e+04
4.375500000000000000e+03,9.115999999999999659e+01,9.035300999999999749e-02,4.742643333333333430e+04
4.385500000000000000e+03,9.126713999999999771e+01,1.110371199999999892e-01,4.764367333333332499e+04
4.395500000000000000e+03,9.135284999999998945e+01,8.932192999999999383e-02,4.786140666666666220e+04
4.405500000000000000e+03,9.137572000000000116e+01,9.939847000000000266e-02,4.807962666666666337e+04
4.415500000000000000e+03,9.137570999999999799e+01,8.360541000000000500e-02,4.829834999999999854e+04
4.425500000000000000e+03,9.130714000000000397e+01,7.832319000000001474e-02,4.851756999999999971e+04
4.435500000000000000e+03,9.128999000000000308e+01,8.888060000000000405e-02,4.873727666666666482e+04
4.445500000000000000e+03,9.147857999999999379e+01,8.683211999999999875e-02,4.895748000000000320e+04
4.455500000000000000e+03,9.125000000000000000e+01,8.426393000000001465e-02,4.917819333333332906e+04
4.465500000000000000e+03,9.134857999999999834e+01,8.167607999999999813e-02,4.939938999999999942e+04
4.475500000000000000e+03,9.143140999999999963e+01,9.023636999999999631e-02,4.962108999999999651e+04
4.485500000000000000e+03,9.140429000000000315e+01,8.979194999999998150e-02,4.984325666666666802e+04
4.495500000000000000e+03,9.137142000000000053e+01,9.764660000000000006e-02,5.006593333333333430e+04
4.505500000000000000e+03,9.149856000000001188e+01,8.059116000000000890e-02,5.028911000000000058e+04
4.515500000000000000e+03,9.136284999999999457e+01,8.645144000000000439e-02,5.051278666666666686e+04
4.525500000000000000e+03,9.138713000000001330e+01,8.212206000000001060e-02,5.073696999999999389e+04
4.535500000000000000e+03,9.126713000000000875e+01,7.433853999999999462e-02,5.096167666666667355e+04
4.545500000000000000e+03,9.163428000000001816e+01,9.015618999999999716e-02,5.118686000000000058e+04
4.555500000000000000e+03,9.139428000000000907e+01,7.916294000000000108e-02,5.141252999999999884e+04
4.565500000000000000e+03,9.135716000000000747e+01,8.912842000000001375e-02,5.163871333333333314e+04
4.575500000000000000e+03,9.148427999999999827e+01,7.975460999999998968e-02,5.186538999999999942e+04
4.585500000000000000e+03,9.142283999999999367e+01,8.280628999999999074e-02,5.209256666666666570e+04
4.595500000000000000e+03,9.128856999999999289e+01,8.144500000000000350e-02,5.232023333333332994e+04
4.605500000000000000e+03,9.134144999999998049e+01,8.661531000000000091e-02,5.254840000000000146e+04
4.615500000000000000e+03,9.146428999999999121e+01,8.026865000000002470e-02,5.277703333333334012e+04
4.625500000000000000e+03,9.127000000000001023e+01,8.447846999999999995e-02,5.300618000000000757e+04
4.635500000000000000e+03,9.131286000000000058e+01,6.529997000000001273e-02,5.323586000000000058e+04
4.645500000000000000e+03,9.139429000000001224e+01,7.567651999999999712e-02,5.346603333333334012e+04
4.655500000000000000e+03,9.140858999999998957e+01,7.504396999999998763e-02,5.369669999999998981e+04
4.665500000000000000e+03,9.147428999999999633e+01,7.508442999999999368e-02,5.392788666666667268e+04
4.675500000000000000e+03,9.138571999999999207e+01,8.388787999999999800e-02,5.415958999999998923e+04
4.685500000000000000e+03,9.143287000000000830e+01,7.263449000000000988e-02,5.439177666666667210e+04
4.695500000000000000e+03,9.148573000000000377e+01,8.672530000000000516e-02,5.462447999999999593e+04
4.705500000000000000e+03,9.145999000000000478e+01,8.207727000000000772e-02,5.485764666666666744e+04
4.715500000000000000e+03,9.137715000000000032e+01,7.945243999999998530e-02,5.509132333333334100e+04
4.725500000000000000e+03,9.137999999999999545e+01,8.508033000000000956e-02,5.532547999999999593e+04
4.735500000000000000e+03,9.132000000000000739e+01,8.520252999999999854e-02,5.556015000000000146e+04
4.745500000000000000e+03,9.145714999999999861e+01,7.872425000000000950e-02,5.579529000000000087e+04
4.755500000000000000e+03,9.144000000000001194e+01,8.009870999999998964e-02,5.603094000000000233e+04
4.765500000000000000e+03,9.142428999999999917e+01,7.843670999999999283e-02,5.626708666666666977e+04
4.775500000000000000e+03,9.139573000000000036e+01,7.407590000000000008e-02,5.650373000000000320e+04
4.785500000000000000e+03,9.141999999999998749e+01,7.462206999999999868e-02,5.674088999999999942e+04
4.795500000000000000e+03,9.152714000000000283e+01,8.081697000000000186e-02,5.697858666666666977e+04
4.805500000000000000e+03,9.136711999999999989e+01,7.099543999999999300e-02,5.721695666666666511e+04
4.815500000000000000e+03,9.140142000000000166e+01,8.142759000000000802e-02,5.745583000000000175e+04
4.825500000000000000e+03,9.138142999999999461e+01,6.798284000000000271e-02,5.769519333333333634e+04
4.835500000000000000e+03,9.132142000000001758e+01,6.525297000000000736e-02,5.793504333333332033e+04
4.845500000000000000e+03,9.132715000000000316e+01,7.408760999999999819e-02,5.817540333333333547e+04
4.855500000000000000e+03,9.142427999999999599e+01,6.488313999999999193e-02,5.841624333333333198e+04
4.865500000000000000e+03,9.144428000000000623e+01,6.816501000000001198e-02,5.865757000000000698e+04
4.875500000000000000e+03,9.139999000000000251e+01,7.101156999999999608e-02,5.889941999999999825e+04
4.885500000000000000e+03,9.137570000000000903e+01,7.001889000000000030e-02,5.914174333333333198e+04
4.895500000000000000e+03,9.142857000000000767e+01,6.166508000000000406e-02,5.938455666666666366e+04
4.905500000000000000e+03,9.131143000000000143e+01,6.303110000000000657e-02,5.962786666666666133e+04
4.915500000000000000e+03,9.136715000000000941e+01,7.144740000000000812e-02,5.987165666666666220e+04
4.925500000000000000e+03,9.127714000000000283e+01,6.694534000000000595e-02,6.011595333333333110e+04
4.935500000000000000e+03,9.137141999999998632e+01,5.309779000000001276e-02,6.036074333333333198e+04
4.945500000000000000e+03,9.135285999999999262e+01,6.207924000000000081e-02,6.060603666666665958e+04
4.955500000000000000e+03,9.139285999999998467e+01,5.686277999999998778e-02,6.085182999999999447e+04
4.965500000000000000e+03,9.139572000000001140e+01,5.389367000000000463e-02,6.109812666666666337e+04
4.975500000000000000e+03,9.141142999999999574e+01,5.132435999999999943e-02,6.134492666666665900e+04
4.985500000000000000e+03,9.120284000000000901e+01,5.714117999999999975e-02,6.159221333333333314e+04
4.995500000000000000e+03,9.129285999999999035e+01,5.186752000000000029e-02,6.183999333333332470e+04
