5.500000000000000000e+00,8.955000000000001137e+01,6.804963000000000761e+01,7.159565933333333909e-02
1.550000000000000000e+01,8.276000000000001933e+01,2.113260000000000360e+01,4.137526999999999733e-01
2.550000000000000000e+01,8.772713000000000250e+01,1.467388000000000048e+01,1.055416566666666611e+00
3.550000000000000000e+01,8.572570999999999231e+01,9.581569000000000003e+00,1.994051333333333176e+00
4.550000000000000000e+01,8.372857000000000482e+01,7.186519000000001434e+00,3.231036666666666779e+00
5.550000000000000000e+01,8.426000000000001933e+01,6.642703000000000024e+00,4.763963666666667152e+00
6.550000000000000000e+01,8.431570999999999572e+01,6.028039999999999843e+00,6.589867666666665791e+00
7.550000000000000000e+01,8.092428999999999917e+01,4.986572999999999922e+00,8.708432000000000173e+00
8.550000000000000000e+01,8.243286000000000513e+01,3.109162800000000004e+00,1.112057833333333079e+01
9.550000000000000000e+01,8.316141000000000361e+01,3.186860099999999640e+00,1.382886666666666642e+01
1.055000000000000000e+02,8.483571999999999491e+01,2.982932700000000104e+00,1.683849999999999980e+01
1.155000000000000000e+02,8.463857999999999038e+01,2.263715700000000108e+00,2.014355333333333675e+01
1.255000000000000000e+02,8.481286000000000058e+01,2.810794999999999710e+00,2.374496999999999858e+01
1.355000000000000000e+02,8.578569999999999141e+01,3.035704299999999911e+00,2.764642333333333113e+01
1.455000000000000000e+02,8.685428000000000281e+01,2.488657899999999756e+00,3.184335333333333296e+01
1.555000000000000000e+02,8.766857999999999151e+01,2.654402000000000150e+00,3.633772000000000446e+01
1.655000000000000000e+02,8.678713999999999373e+01,2.244299999999999962e+00,4.112815999999999406e+01
1.755000000000000000e+02,8.706428000000001077e+01,2.370633999999999908e+00,4.621514333333333013e+01
1.855000000000000000e+02,8.681714999999999804e+01,2.253737699999999844e+00,5.162404999999999688e+01
1.955000000000000000e+02,8.699573000000000889e+01,2.334205899999999723e+00,5.736638666666666353e+01
2.055000000000000000e+02,8.713999000000001161e+01,1.850456700000000065e+00,6.344246000000000407e+01
2.155000000000000000e+02,8.695714999999998440e+01,2.273004000000000246e+00,6.985244999999999038e+01
2.255000000000000000e+02,8.830714000000000397e+01,2.085033800000000159e+00,7.659795999999998628e+01
2.355000000000000000e+02,8.927286000000000854e+01,1.745771100000000020e+00,8.367751333333332298e+01
2.455000000000000000e+02,8.847713000000000250e+01,1.757218000000000391e+00,9.109201000000000192e+01
2.555000000000000000e+02,8.839856999999999232e+01,1.585806099999999885e+00,9.884143333333332748e+01
2.655000000000000000e+02,9.010999999999999943e+01,1.614412000000000180e+00,1.069251333333333207e+02
2.755000000000000000e+02,8.911856000000000222e+01,1.272448800000000046e+00,1.153426666666666733e+02
2.855000000000000000e+02,9.115286000000000399e+01,1.392476500000000117e+00,1.240951000000000022e+02
2.955000000000000000e+02,9.084144000000000574e+01,9.692802999999997615e-01,1.331730333333333363e+02
3.055000000000000000e+02,9.115999999999999659e+01,1.316901600000000006e+00,1.425514333333333354e+02
3.155000000000000000e+02,9.130285000000000650e+01,1.382290000000000019e+00,1.522237333333333140e+02
3.255000000000000000e+02,9.035000999999999749e+01,1.131251099999999843e+00,1.621890333333333558e+02
3.355000000000000000e+02,9.096999000000000990e+01,1.008621199999999885e+00,1.724473999999999876e+02
3.455000000000000000e+02,9.009570999999998264e+01,1.160258199999999906e+00,1.829995333333333178e+02
3.555000000000000000e+02,9.104714000000001306e+01,1.157449599999999856e+00,1.938503999999999792e+02
3.655000000000000000e+02,9.074001000000001227e+01,1.042645500000000114e+00,2.049951666666666767e+02
3.755000000000000000e+02,9.130571999999999377e+01,1.029655600000000115e+00,2.164345333333333201e+02
3.855000000000000000e+02,9.121142999999999290e+01,7.746540000000000648e-01,2.281683666666666852e+02
3.955000000000000000e+02,9.190713999999999828e+01,9.611164999999999292e-01,2.401958000000000197e+02
4.055000000000000000e+02,9.238000999999999863e+01,9.909564999999999069e-01,2.525186333333332982e+02
4.155000000000000000e+02,9.227143000000000939e+01,1.045535360000000136e+00,2.651370000000000005e+02
4.255000000000000000e+02,9.232284999999998831e+01,9.621160999999999186e-01,2.780505666666666684e+02
4.355000000000000000e+02,9.249285000000000423e+01,1.056713100000000072e+00,2.912604333333333670e+02
4.455000000000000000e+02,9.136428999999999689e+01,1.051347099999999868e+00,3.047681000000000040e+02
4.555000000000000000e+02,9.196856999999999971e+01,8.663883000000000001e-01,3.185704333333333125e+02
4.655000000000000000e+02,9.172571000000000652e+01,9.628929000000001626e-01,3.326687666666666701e+02
4.755000000000000000e+02,9.175000000000001421e+01,1.015383799999999948e+00,3.470622333333333245e+02
4.855000000000000000e+02,9.218856999999999857e+01,9.524878000000001066e-01,3.617558999999999969e+02
4.955000000000000000e+02,9.083426000000000045e+01,1.073215499999999878e+00,3.767447999999999979e+02
5.055000000000000000e+02,9.176142000000000110e+01,7.372691999999999579e-01,3.920282000000000266e+02
5.155000000000000000e+02,9.128428999999998439e+01,8.288705000000000656e-01,4.076065666666667084e+02
5.255000000000000000e+02,9.143713000000001045e+01,9.701658999999999144e-01,4.234797999999999547e+02
5.355000000000000000e+02,9.206856999999999402e+01,8.434986999999999346e-01,4.396488333333333571e+02
5.455000000000000000e+02,9.141427999999999088e+01,9.605909000000000253e-01,4.561121666666666101e+02
5.555000000000000000e+02,9.165429000000001736e+01,9.737422000000000022e-01,4.728711333333333755e+02
5.655000000000000000e+02,9.109857999999999834e+01,9.174205000000000831e-01,4.899250333333333174e+02
5.755000000000000000e+02,9.216285000000000593e+01,9.032318000000000291e-01,5.072747666666667214e+02
5.855000000000000000e+02,9.141714999999999236e+01,7.185816999999999899e-01,5.249190999999999576e+02
5.955000000000000000e+02,9.175713000000000363e+01,9.768596000000000501e-01,5.428564999999999827e+02
6.055000000000000000e+02,9.136571999999999605e+01,7.022346999999999895e-01,5.610955666666666275e+02
6.155000000000000000e+02,9.226430000000000575e+01,8.354709000000000163e-01,5.796351333333333287e+02
6.255000000000000000e+02,9.123143999999999210e+01,7.921255000000000379e-01,5.984686000000001513e+02
6.355000000000000000e+02,9.203429000000001281e+01,8.085117000000000553e-01,6.175980333333333192e+02
6.455000000000000000e+02,9.149570000000001357e+01,8.355854000000000337e-01,6.370229333333334125e+02
6.555000000000000000e+02,9.186714000000000624e+01,8.702581999999999818e-01,6.567437999999999647e+02
6.655000000000000000e+02,9.203713999999999373e+01,6.842937999999999521e-01,6.767604666666667299e+02
6.755000000000000000e+02,9.223573000000000377e+01,6.202074000000000753e-01,6.970730666666665911e+02
6.855000000000000000e+02,9.210857000000001449e+01,6.473086000000000118e-01,7.176821000000001050e+02
6.955000000000000000e+02,9.217715000000001169e+01,5.036621999999999488e-01,7.385878333333332648e+02
7.055000000000000000e+02,9.214570999999999401e+01,6.773689000000000515e-01,7.597888333333332866e+02
7.155000000000000000e+02,9.279000999999999522e+01,7.352049000000000500e-01,7.812863999999999578e+02
7.255000000000000000e+02,9.253285999999999945e+01,7.700189000000000616e-01,8.030797333333332517e+02
7.355000000000000000e+02,9.236285999999999774e+01,7.923261999999999805e-01,8.251692666666667719e+02
7.455000000000000000e+02,9.231287000000000376e+01,7.527961999999999154e-01,8.475549666666665871e+02
7.555000000000000000e+02,9.247714000000000567e+01,7.781464000000000159e-01,8.702341999999998734e+02
7.655000000000000000e+02,9.241858000000000573e+01,7.896128000000000036e-01,8.932099333333331970e+02
7.755000000000000000e+02,9.270284999999999798e+01,6.614094999999999835e-01,9.164819000000001097e+02
7.855000000000000000e+02,9.253142999999998608e+01,5.722213000000000438e-01,9.400504666666665798e+02
7.955000000000000000e+02,9.264571000000000822e+01,7.585690999999999962e-01,9.639152666666665255e+02
8.055000000000000000e+02,9.307429999999999382e+01,7.329529999999999657e-01,9.880776333333330967e+02
8.155000000000000000e+02,9.245430000000000348e+01,6.174444999999999517e-01,1.012536000000000058e+03
8.255000000000000000e+02,9.305713999999998975e+01,6.581106999999999374e-01,1.037290733333333264e+03
8.355000000000000000e+02,9.257429000000000485e+01,5.981738999999999251e-01,1.062341999999999871e+03
8.455000000000000000e+02,9.281143000000000143e+01,5.640890000000000626e-01,1.087691666666666833e+03
8.555000000000000000e+02,9.288857000000000141e+01,7.465808999999999918e-01,1.113336000000000013e+03
8.655000000000000000e+02,9.280284999999999229e+01,6.438691000000000830e-01,1.139276666666666642e+03
8.755000000000000000e+02,9.266714000000000340e+01,6.184669000000001526e-01,1.165512333333333345e+03
8.855000000000000000e+02,9.309713000000002125e+01,7.400866999999999862e-01,1.192044666666666672e+03
8.955000000000000000e+02,9.251142999999999006e+01,5.756584200000001150e-01,1.218873000000000047e+03
9.055000000000000000e+02,9.237427999999999884e+01,5.144579999999999709e-01,1.245996666666666897e+03
9.155000000000000000e+02,9.290142000000000166e+01,5.200527000000000344e-01,1.273419000000000096e+03
9.255000000000000000e+02,9.279143999999999437e+01,4.323149000000000020e-01,1.301134999999999991e+03
9.355000000000000000e+02,9.294429000000000940e+01,4.918011999999999939e-01,1.329147333333333336e+03
9.455000000000000000e+02,9.263714999999999122e+01,5.573637999999998538e-01,1.357456999999999880e+03
9.555000000000000000e+02,9.281284999999999741e+01,5.545194999999999430e-01,1.386060666666666748e+03
9.655000000000000000e+02,9.286857000000000539e+01,5.131305000000000449e-01,1.414960666666666611e+03
9.755000000000000000e+02,9.278430000000000177e+01,5.804790000000000783e-01,1.444156666666666524e+03
9.855000000000000000e+02,9.281430000000000291e+01,6.190177999999999514e-01,1.473650000000000091e+03
9.955000000000000000e+02,9.280285999999999547e+01,6.649979000000000307e-01,1.503442666666666355e+03
1.005500000000000000e+03,9.278286999999998841e+01,6.047325000000001172e-01,1.533530999999999722e+03
1.015500000000000000e+03,9.296571999999999036e+01,4.644672000000000800e-01,1.563919333333333498e+03
1.025500000000000000e+03,9.283570999999999174e+01,4.554981599999999853e-01,1.594602666666666437e+03
1.035500000000000000e+03,9.325284000000002038e+01,6.861276999999998960e-01,1.625586666666666588e+03
1.045500000000000000e+03,9.311570000000000391e+01,5.721126999999999185e-01,1.656868999999999915e+03
1.055500000000000000e+03,9.290856999999999744e+01,5.745031000000000443e-01,1.688447999999999865e+03
1.065500000000000000e+03,9.272428000000000736e+01,5.485195999999999961e-01,1.720324333333333243e+03
1.075500000000000000e+03,9.309572000000000003e+01,5.538710000000000022e-01,1.752499666666666599e+03
1.085500000000000000e+03,9.282428999999999064e+01,6.324663000000000368e-01,1.784971000000000231e+03
1.095500000000000000e+03,9.286141999999999541e+01,5.852504000000000595e-01,1.817737333333333254e+03
1.105500000000000000e+03,9.287286000000000286e+01,5.528996999999999939e-01,1.850801666666666733e+03
1.115500000000000000e+03,9.300712999999998942e+01,6.616589999999999971e-01,1.884161333333333459e+03
1.125500000000000000e+03,9.288856999999998720e+01,6.020119999999999916e-01,1.917816999999999780e+03
1.135500000000000000e+03,9.281714999999999804e+01,6.271351000000000564e-01,1.951768999999999778e+03
1.145500000000000000e+03,9.271857000000001392e+01,5.922346000000000554e-01,1.986017000000000280e+03
1.155500000000000000e+03,9.248999000000000592e+01,5.936102000000000878e-01,2.020562333333333299e+03
1.165500000000000000e+03,9.274428000000000338e+01,5.218595999999999790e-01,2.055403999999999996e+03
1.175500000000000000e+03,9.266141999999999257e+01,5.987156999999999618e-01,2.090543000000000120e+03
1.185500000000000000e+03,9.218854999999999222e+01,5.617329000000000905e-01,2.125979333333333670e+03
1.195500000000000000e+03,9.235857000000000028e+01,5.168859999999998456e-01,2.161706999999999880e+03
1.205500000000000000e+03,9.242856000000001870e+01,4.707582000000000155e-01,2.197732666666666773e+03
1.215500000000000000e+03,9.277000999999999920e+01,5.721201000000000203e-01,2.234056666666666843e+03
1.225500000000000000e+03,9.276713999999999771e+01,5.730784999999999352e-01,2.270675666666666984e+03
1.235500000000000000e+03,9.244428000000000623e+01,5.847233000000000569e-01,2.307594000000000051e+03
1.245500000000000000e+03,9.209000000000000341e+01,5.201187999999998812e-01,2.344808666666666795e+03
1.255500000000000000e+03,9.207858000000000231e+01,6.241849999999999898e-01,2.382319666666667217e+03
1.265500000000000000e+03,9.179570999999998548e+01,5.642401999999999695e-01,2.420127333333333354e+03
1.275500000000000000e+03,9.189428000000000907e+01,5.178313999999999417e-01,2.458231666666666570e+03
1.285500000000000000e+03,9.186141999999999541e+01,5.508311000000000179e-01,2.496634333333332961e+03
1.295500000000000000e+03,9.184427999999999770e+01,5.013058000000000236e-01,2.535333333333333030e+03
1.305500000000000000e+03,9.214713999999999317e+01,6.460112000000000076e-01,2.574329000000000178e+03
1.315500000000000000e+03,9.187144000000000688e+01,5.267534000000000383e-01,2.613621333333333496e+03
1.325500000000000000e+03,9.204429000000000372e+01,5.653462999999999683e-01,2.653207999999999629e+03
1.335500000000000000e+03,9.195858000000001198e+01,4.751958999999999489e-01,2.693092333333333499e+03
1.345500000000000000e+03,9.193285000000000196e+01,5.762327999999999895e-01,2.733270333333332928e+03
1.355500000000000000e+03,9.189714999999998213e+01,5.002044999999999408e-01,2.773746333333333496e+03
1.365500000000000000e+03,9.190999999999999659e+01,5.409979999999999789e-01,2.814518666666666832e+03
1.375500000000000000e+03,9.180141000000000417e+01,5.536440999999999724e-01,2.855588999999999942e+03
1.385500000000000000e+03,9.214284999999999570e+01,5.239365999999999746e-01,2.896957333333333281e+03
1.395500000000000000e+03,9.214570000000000505e+01,5.430884999999999740e-01,2.938623333333333449e+03
1.405500000000000000e+03,9.215000999999999465e+01,5.061938000000000271e-01,2.980588666666666541e+03
1.415500000000000000e+03,9.167571000000000936e+01,4.297271999999999759e-01,3.022852333333333263e+03
1.425500000000000000e+03,9.167427999999998178e+01,5.084537999999999558e-01,3.065414333333333161e+03
1.435500000000000000e+03,9.204857999999998697e+01,4.392834999999999934e-01,3.108275999999999840e+03
1.445500000000000000e+03,9.201999000000000706e+01,4.723035000000000427e-01,3.151435666666666293e+03
1.455500000000000000e+03,9.188143000000000882e+01,4.903443000000000107e-01,3.194891666666666424e+03
1.465500000000000000e+03,9.209855999999999199e+01,4.755539999999999767e-01,3.238645999999999731e+03
1.475500000000000000e+03,9.193858000000000175e+01,4.946491000000000082e-01,3.282695333333333110e+03
1.485500000000000000e+03,9.213285999999999376e+01,5.507259999999999378e-01,3.327042333333333318e+03
1.495500000000000000e+03,9.201856000000000790e+01,5.258005999999999514e-01,3.371685666666666748e+03
1.505500000000000000e+03,9.199855999999999767e+01,4.682158000000001263e-01,3.416624666666666599e+03
1.515500000000000000e+03,9.215856999999999744e+01,4.724985000000000435e-01,3.461862999999999829e+03
1.525500000000000000e+03,9.142714999999999748e+01,4.978169000000000066e-01,3.507398000000000138e+03
1.535500000000000000e+03,9.183286000000001081e+01,4.694849999999999857e-01,3.553229333333333670e+03
1.545500000000000000e+03,9.218713999999999942e+01,4.957263000000000086e-01,3.599359333333332870e+03
1.555500000000000000e+03,9.198857000000000994e+01,4.891346999999999778e-01,3.645784000000000560e+03
1.565500000000000000e+03,9.192142999999998665e+01,4.503660999999999914e-01,3.692506333333333259e+03
1.575500000000000000e+03,9.204428999999998950e+01,4.090463999999999767e-01,3.739526999999999589e+03
1.585500000000000000e+03,9.201144000000000744e+01,4.822416000000000480e-01,3.786844666666666399e+03
1.595500000000000000e+03,9.170856999999999459e+01,3.541534000000000071e-01,3.834461666666667043e+03
1.605500000000000000e+03,9.142857999999999663e+01,4.478766000000000136e-01,3.882376333333332695e+03
1.615500000000000000e+03,9.187001000000000772e+01,4.250329999999999941e-01,3.930587666666667246e+03
1.625500000000000000e+03,9.160142999999999347e+01,4.314672999999999981e-01,3.979098333333333812e+03
1.635500000000000000e+03,9.171428999999999121e+01,3.918032000000000181e-01,4.027904666666666344e+03
1.645500000000000000e+03,9.159142999999998835e+01,4.095486000000000404e-01,4.077011333333332914e+03
1.655500000000000000e+03,9.139428000000000907e+01,3.653203000000000422e-01,4.126413333333333867e+03
1.665500000000000000e+03,9.164143000000001393e+01,4.163959999999999329e-01,4.176111333333333278e+03
1.675500000000000000e+03,9.215429000000000315e+01,4.481082000000000676e-01,4.226106666666666570e+03
1.685500000000000000e+03,9.170571000000001050e+01,4.011707000000000467e-01,4.276398333333332630e+03
1.695500000000000000e+03,9.193572000000000344e+01,4.017769999999999397e-01,4.326985999999999876e+03
1.705500000000000000e+03,9.189570000000000505e+01,3.886832000000000065e-01,4.377871333333333496e+03
1.715500000000000000e+03,9.202998999999999796e+01,3.737233000000000915e-01,4.429053666666665777e+03
1.725500000000000000e+03,9.189571000000000822e+01,3.840564999999999674e-01,4.480533333333333758e+03
1.735500000000000000e+03,9.183000000000001251e+01,3.609044000000000141e-01,4.532312333333333299e+03
1.745500000000000000e+03,9.207285000000000252e+01,3.661051000000000166e-01,4.584389000000000124e+03
1.755500000000000000e+03,9.176142000000000110e+01,4.353022000000000280e-01,4.636761999999999716e+03
1.765500000000000000e+03,9.199286000000000740e+01,4.274514999999999842e-01,4.689434333333332688e+03
1.775500000000000000e+03,9.205142000000000735e+01,3.903130000000000210e-01,4.742402000000000044e+03
1.785500000000000000e+03,9.161287000000001512e+01,4.519053000000000653e-01,4.795667333333333772e+03
1.795500000000000000e+03,9.171285000000000309e+01,3.931805999999999912e-01,4.849231999999999971e+03
1.805500000000000000e+03,9.201000000000000512e+01,3.755283999999999844e-01,4.903093666666666650e+03
1.815500000000000000e+03,9.210998999999999626e+01,3.470198999999999923e-01,4.957252333333332899e+03
1.825500000000000000e+03,9.189856999999999232e+01,3.731070000000000220e-01,5.011707666666667137e+03
1.835500000000000000e+03,9.194570999999999117e+01,3.135689999999999866e-01,5.066462666666667246e+03
1.845500000000000000e+03,9.207856999999998493e+01,3.840799000000000296e-01,5.121514333333334434e+03
1.855500000000000000e+03,9.181428999999999974e+01,3.101089000000000206e-01,5.176862333333333481e+03
1.865500000000000000e+03,9.178857000000000710e+01,3.140840999999999772e-01,5.232506999999999607e+03
1.875500000000000000e+03,9.171428000000000225e+01,3.438760999999999624e-01,5.288446666666666715e+03
1.885500000000000000e+03,9.193142000000000280e+01,3.216567999999999650e-01,5.344684333333332688e+03
1.895500000000000000e+03,9.192714999999999748e+01,3.098421000000000092e-01,5.401217666666666446e+03
1.905500000000000000e+03,9.182999000000000933e+01,3.293976000000000126e-01,5.458050000000000182e+03
1.915500000000000000e+03,9.191429000000002247e+01,3.303723000000000631e-01,5.515182333333333190e+03
1.925500000000000000e+03,9.185285999999999262e+01,2.951609000000000593e-01,5.572611333333333278e+03
1.935500000000000000e+03,9.174858000000000402e+01,2.817607999999999779e-01,5.630340000000000146e+03
1.945500000000000000e+03,9.179141999999998802e+01,3.105255999999999572e-01,5.688365999999999985e+03
1.955500000000000000e+03,9.180715000000000714e+01,2.939402999999999877e-01,5.746689999999999600e+03
1.965500000000000000e+03,9.189856999999999232e+01,3.559219000000000688e-01,5.805313333333333503e+03
1.975500000000000000e+03,9.163856000000001245e+01,3.296910000000000673e-01,5.864236666666666679e+03
1.985500000000000000e+03,9.170429000000000030e+01,3.475119999999999876e-01,5.923458000000000538e+03
1.995500000000000000e+03,9.194284999999999286e+01,3.329869000000000301e-01,5.982976666666667370e+03
2.005500000000000000e+03,9.183570999999999174e+01,3.006147999999999598e-01,6.042793333333333067e+03
2.015500000000000000e+03,9.184713999999999601e+01,3.457301000000000402e-01,6.102907666666666955e+03
2.025500000000000000e+03,9.158428999999999576e+01,3.238447999999999882e-01,6.163317333333334318e+03
2.035500000000000000e+03,9.155142000000000735e+01,3.202281999999999629e-01,6.224027000000000044e+03
2.045500000000000000e+03,9.184287000000000489e+01,2.767001000000000599e-01,6.285035333333333256e+03
2.055500000000000000e+03,9.165427999999999997e+01,3.562566999999999817e-01,6.346339666666666744e+03
2.065500000000000000e+03,9.161428000000000793e+01,2.729093000000000213e-01,6.407941333333333205e+03
2.075500000000000000e+03,9.165000000000000568e+01,3.074361999999999928e-01,6.469838333333333139e+03
2.085500000000000000e+03,9.146855999999999653e+01,3.025468000000000046e-01,6.532033666666666250e+03
2.095500000000000000e+03,9.172571999999999548e+01,3.114286999999999472e-01,6.594526000000000749e+03
2.105500000000000000e+03,9.155572000000000799e+01,3.090059199999999895e-01,6.657314999999999600e+03
2.115500000000000000e+03,9.156856999999999402e+01,3.379117999999999844e-01,6.720400666666666439e+03
2.125500000000000000e+03,9.166857000000000255e+01,3.061435000000000128e-01,6.783783999999999651e+03
2.135500000000000000e+03,9.132000999999998214e+01,3.306743000000000321e-01,6.847463999999999942e+03
2.145500000000000000e+03,9.153000999999997589e+01,3.222958400000000001e-01,6.911443666666667923e+03
2.155500000000000000e+03,9.162570999999999799e+01,2.555970000000000186e-01,6.975718666666665740e+03
2.165500000000000000e+03,9.158142000000000849e+01,3.310205999999999982e-01,7.040292999999999665e+03
2.175500000000000000e+03,9.158714000000000510e+01,3.718705999999999401e-01,7.105164666666666562e+03
2.185500000000000000e+03,9.170286000000001536e+01,2.873422999999999949e-01,7.170335666666665929e+03
2.195500000000000000e+03,9.153000000000000114e+01,3.767929000000000417e-01,7.235800666666666984e+03
2.205500000000000000e+03,9.144284000000001811e+01,3.008857000000000337e-01,7.301563666666666904e+03
2.215500000000000000e+03,9.147999000000000080e+01,3.080130999999999841e-01,7.367621000000001004e+03
2.225500000000000000e+03,9.127998999999999796e+01,2.899695000000000467e-01,7.433975999999999658e+03
2.235500000000000000e+03,9.144142000000002213e+01,3.607147999999999466e-01,7.500628333333334012e+03
2.245500000000000000e+03,9.157714000000001420e+01,3.348824999999999719e-01,7.567577333333332717e+03
2.255500000000000000e+03,9.149857000000000085e+01,3.241488000000000147e-01,7.634824000000000524e+03
2.265500000000000000e+03,9.133284999999999343e+01,3.084246000000000487e-01,7.702369333333333998e+03
2.275500000000000000e+03,9.138145000000000095e+01,2.960730999999999780e-01,7.770210666666667748e+03
2.285500000000000000e+03,9.137857999999999947e+01,3.073157999999999723e-01,7.838348333333333358e+03
2.295500000000000000e+03,9.139141999999999655e+01,2.974673999999999929e-01,7.906786333333332550e+03
2.305500000000000000e+03,9.153713999999999373e+01,3.242743000000000153e-01,7.975519333333332725e+03
2.315500000000000000e+03,9.089572999999998615e+01,3.478993000000000224e-01,8.044551999999998770e+03
2.325500000000000000e+03,9.138286999999999694e+01,3.661022999999999916e-01,8.113880333333334420e+03
2.335500000000000000e+03,9.145000000000000284e+01,3.424703000000000053e-01,8.183508666666665704e+03
2.345500000000000000e+03,9.132144999999999868e+01,3.568376000000000325e-01,8.253432666666667501e+03
2.355500000000000000e+03,9.140858000000000061e+01,3.356361999999999957e-01,8.323657666666666046e+03
2.365500000000000000e+03,9.116713999999998919e+01,2.731172000000000044e-01,8.394179666666666890e+03
2.375500000000000000e+03,9.135429000000000599e+01,2.994618000000000002e-01,8.464999333333333198e+03
2.385500000000000000e+03,9.109856999999999516e+01,2.656770000000000520e-01,8.536115333333333183e+03
2.395500000000000000e+03,9.126856999999999687e+01,2.577152999999999805e-01,8.607528666666665231e+03
2.405500000000000000e+03,9.133857000000000426e+01,2.921786999999999579e-01,8.679253333333334012e+03
2.415500000000000000e+03,9.105715000000000714e+01,3.259111000000000091e-01,8.751281333333334260e+03
2.425500000000000000e+03,9.126000000000000512e+01,2.956987999999999839e-01,8.823605999999999767e+03
2.435500000000000000e+03,9.141285999999999490e+01,2.599756999999999763e-01,8.896227666666669393e+03
2.445500000000000000e+03,9.119715000000000771e+01,2.661696999999999536e-01,8.969146999999999025e+03
2.455500000000000000e+03,9.130429999999998358e+01,3.051355000000000040e-01,9.042365666666666584e+03
2.465500000000000000e+03,9.103714999999999691e+01,2.471353999999999773e-01,9.115882000000001426e+03
2.475500000000000000e+03,9.111143999999998755e+01,2.385769000000000362e-01,9.189698000000000320e+03
2.485500000000000000e+03,9.130573000000001116e+01,2.850686999999999527e-01,9.263810666666666293e+03
2.495500000000000000e+03,9.110855999999999710e+01,2.960786000000000251e-01,9.338219666666667763e+03
2.505500000000000000e+03,9.103856000000000392e+01,3.097108000000000083e-01,9.412927999999999884e+03
2.515500000000000000e+03,9.130285000000000650e+01,2.595784000000000424e-01,9.487933999999997468e+03
2.525500000000000000e+03,9.116570999999999003e+01,2.932103999999999822e-01,9.563236000000000786e+03
2.535500000000000000e+03,9.124998000000000786e+01,3.180828000000000544e-01,9.638836666666666133e+03
2.545500000000000000e+03,9.143856999999999857e+01,3.267402000000000362e-01,9.714734333333331961e+03
2.555500000000000000e+03,9.119426999999998884e+01,2.922343000000000024e-01,9.790928333333333285e+03
2.565500000000000000e+03,9.120572999999998842e+01,3.103367000000000209e-01,9.867418333333333067e+03
2.575500000000000000e+03,9.120000000000001705e+01,3.165883999999999920e-01,9.944211999999999534e+03
2.585500000000000000e+03,9.107570999999998662e+01,2.986163999999999485e-01,1.002129866666666567e+04
2.595500000000000000e+03,9.099142000000001929e+01,2.773047999999999624e-01,1.009868433333333269e+04
2.605500000000000000e+03,9.112856999999999630e+01,3.044149999999999912e-01,1.017637333333333299e+04
2.615500000000000000e+03,9.120144000000000517e+01,3.158945599999999909e-01,1.025436333333333278e+04
2.625500000000000000e+03,9.092856000000000449e+01,2.849071999999999716e-01,1.033263333333333321e+04
2.635500000000000000e+03,9.109284999999999854e+01,3.008201999999999821e-01,1.041120666666666693e+04
2.645500000000000000e+03,9.126713999999999771e+01,2.782704999999999762e-01,1.049008666666666613e+04
2.655500000000000000e+03,9.150713999999999260e+01,2.964956000000000258e-01,1.056925333333333219e+04
2.665500000000000000e+03,9.117571999999999832e+01,2.892476000000000491e-01,1.064871000000000095e+04
2.675500000000000000e+03,9.133998999999998603e+01,2.781343000000000010e-01,1.072848333333333176e+04
2.685500000000000000e+03,9.106714999999999804e+01,2.688266000000000266e-01,1.080853333333333467e+04
2.695500000000000000e+03,9.089141000000000759e+01,2.761710000000000553e-01,1.088889000000000124e+04
2.705500000000000000e+03,9.107428999999999064e+01,3.278725000000000112e-01,1.096955333333333328e+04
2.715500000000000000e+03,9.125428000000000850e+01,2.272270499999999860e-01,1.105051666666666642e+04
2.725500000000000000e+03,9.089713000000000420e+01,3.092081999999999331e-01,1.113175333333333219e+04
2.735500000000000000e+03,9.121000999999999692e+01,3.342469000000000134e-01,1.121329666666666526e+04
2.745500000000000000e+03,9.108144000000000062e+01,3.108218999999999843e-01,1.129514999999999782e+04
2.755500000000000000e+03,9.105713999999998975e+01,2.963840000000000363e-01,1.137728000000000065e+04
2.765500000000000000e+03,9.116569999999998686e+01,2.492421000000000220e-01,1.145972333333333336e+04
2.775500000000000000e+03,9.102714000000000283e+01,2.731853000000000198e-01,1.154245999999999913e+04
2.785500000000000000e+03,9.096286000000000627e+01,2.643303000000000180e-01,1.162550000000000000e+04
2.795500000000000000e+03,9.100856999999999175e+01,2.607385000000000397e-01,1.170882999999999811e+04
2.805500000000000000e+03,9.093571000000000026e+01,2.685239000000000376e-01,1.179246666666666715e+04
2.815500000000000000e+03,9.073142999999998892e+01,2.964976000000000278e-01,1.187639000000000124e+04
2.825500000000000000e+03,9.099571000000000254e+01,2.144349799999999973e-01,1.196061000000000058e+04
2.835500000000000000e+03,9.112714000000001136e+01,2.884179999999999522e-01,1.204513333333333321e+04
2.845500000000000000e+03,9.101856999999999687e+01,2.498699999999999810e-01,1.212995333333333474e+04
2.855500000000000000e+03,9.090570999999999913e+01,2.701371999999999662e-01,1.221505666666666548e+04
2.865500000000000000e+03,9.088854999999999507e+01,2.620001200000000585e-01,1.230047333333333336e+04
2.875500000000000000e+03,9.091285000000002015e+01,2.906804000000000054e-01,1.238619333333333270e+04
2.885500000000000000e+03,9.076998000000000388e+01,2.672816000000000636e-01,1.247218333333333067e+04
2.895500000000000000e+03,9.084999999999999432e+01,2.603935000000000000e-01,1.255849666666666599e+04
2.905500000000000000e+03,9.098285000000001332e+01,2.567110099999999617e-01,1.264509666666666817e+04
2.915500000000000000e+03,9.097284999999999400e+01,2.476779999999999815e-01,1.273198666666666759e+04
2.925500000000000000e+03,9.084000000000000341e+01,2.519681000000000282e-01,1.281918333333333430e+04
2.935500000000000000e+03,9.097999999999998977e+01,2.522948999999999886e-01,1.290668333333333430e+04
2.945500000000000000e+03,9.096428000000000225e+01,2.267552799999999757e-01,1.299447666666666555e+04
2.955500000000000000e+03,9.102141000000001725e+01,2.632575000000000331e-01,1.308256333333333350e+04
2.965500000000000000e+03,9.100430000000000064e+01,2.575765999999999889e-01,1.317096333333333314e+04
2.975500000000000000e+03,9.108858000000000743e+01,2.425666200000000106e-01,1.325963666666666722e+04
2.985500000000000000e+03,9.104286000000000456e+01,2.703585000000000016e-01,1.334863333333333503e+04
2.995500000000000000e+03,9.109286999999999068e+01,2.228743999999999725e-01,1.343790333333333183e+04
3.005500000000000000e+03,9.058001000000000147e+01,2.139775700000000058e-01,1.352747999999999956e+04
3.015500000000000000e+03,9.090284999999998661e+01,2.271805299999999916e-01,1.361735333333333256e+04
3.025500000000000000e+03,9.070285000000001219e+01,2.207067799999999913e-01,1.370753666666666686e+04
3.035500000000000000e+03,9.098714999999999975e+01,2.495107400000000086e-01,1.379801000000000022e+04
3.045500000000000000e+03,9.089999000000001672e+01,2.656091999999999897e-01,1.388877666666666664e+04
3.055500000000000000e+03,9.107142999999999233e+01,2.440562000000000009e-01,1.397985666666666475e+04
3.065500000000000000e+03,9.081856000000000506e+01,2.536010000000000764e-01,1.407121000000000095e+04
3.075500000000000000e+03,9.103283999999999310e+01,2.169738900000000026e-01,1.416286999999999898e+04
3.085500000000000000e+03,9.073857999999998469e+01,2.387501000000000206e-01,1.425482999999999811e+04
3.095500000000000000e+03,9.087001000000000772e+01,2.064519000000000215e-01,1.434708666666666613e+04
3.105500000000000000e+03,9.115427999999999997e+01,2.323360000000000147e-01,1.443964999999999964e+04
3.115500000000000000e+03,9.087715000000000032e+01,2.395617999999999914e-01,1.453250000000000000e+04
3.125500000000000000e+03,9.105001000000001454e+01,2.357564000000000048e-01,1.462565666666666766e+04
3.135500000000000000e+03,9.088856000000001245e+01,2.256894200000000017e-01,1.471910333333333256e+04
3.145500000000000000e+03,9.089141999999998234e+01,2.137218800000000307e-01,1.481284666666666817e+04
3.155500000000000000e+03,9.117713999999998009e+01,1.921984699999999824e-01,1.490689666666666380e+04
3.165500000000000000e+03,9.092857999999999663e+01,2.580791000000000057e-01,1.500122666666666555e+04
3.175500000000000000e+03,9.087429000000000201e+01,2.106225000000000180e-01,1.509586999999999534e+04
3.185500000000000000e+03,9.100998999999998773e+01,2.178327299999999744e-01,1.519079999999999927e+04
3.195500000000000000e+03,9.096856999999998550e+01,1.880194300000000152e-01,1.528602999999999884e+04
3.205500000000000000e+03,9.130143000000001052e+01,2.362489000000000117e-01,1.538157333333333372e+04
3.215500000000000000e+03,9.081570999999999572e+01,2.215763000000000038e-01,1.547738999999999942e+04
3.225500000000000000e+03,9.112429999999999097e+01,1.843593599999999999e-01,1.557351666666666824e+04
3.235500000000000000e+03,9.099000000000000909e+01,2.118161000000000072e-01,1.566994333333333452e+04
3.245500000000000000e+03,9.096714000000000055e+01,1.995740199999999909e-01,1.576666333333333387e+04
3.255500000000000000e+03,9.081143000000000143e+01,2.062670000000000337e-01,1.586368333333333794e+04
3.265500000000000000e+03,9.091857999999999151e+01,1.917745000000000144e-01,1.596100666666666439e+04
3.275500000000000000e+03,9.087429000000000201e+01,2.016532000000000324e-01,1.605863000000000102e+04
3.285500000000000000e+03,9.098143000000001734e+01,2.178954000000000168e-01,1.615653333333333467e+04
3.295500000000000000e+03,9.078000000000000114e+01,1.944474999999999953e-01,1.625475666666666439e+04
3.305500000000000000e+03,9.082571000000000083e+01,2.008642599999999889e-01,1.635325999999999840e+04
3.315500000000000000e+03,9.094715999999998246e+01,1.916374299999999975e-01,1.645206666666666570e+04
3.325500000000000000e+03,9.113572999999999524e+01,2.030998999999999999e-01,1.655118666666666468e+04
3.335500000000000000e+03,9.078999000000001729e+01,1.648445300000000446e-01,1.665056666666666570e+04
3.345500000000000000e+03,9.085427000000001385e+01,1.802891499999999814e-01,1.675027000000000044e+04
3.355500000000000000e+03,9.096999999999999886e+01,1.909869999999999901e-01,1.685027000000000044e+04
3.365500000000000000e+03,9.093285000000000196e+01,1.663779400000000019e-01,1.695056666666666570e+04
3.375500000000000000e+03,9.097428999999999633e+01,1.411730599999999891e-01,1.705119333333333634e+04
3.385500000000000000e+03,9.101572000000000173e+01,1.651236799999999949e-01,1.715215333333332819e+04
3.395500000000000000e+03,9.119857999999999265e+01,1.411189300000000035e-01,1.725342000000000553e+04
3.405500000000000000e+03,9.097857000000000482e+01,1.628396200000000182e-01,1.735497333333333518e+04
3.415500000000000000e+03,9.103286999999998841e+01,1.781745200000000029e-01,1.745684999999999854e+04
3.425500000000000000e+03,9.103142999999998608e+01,1.541666000000000147e-01,1.755899666666666599e+04
3.435500000000000000e+03,9.113570000000001414e+01,1.558301599999999953e-01,1.766146666666666715e+04
3.445500000000000000e+03,9.125713999999999260e+01,1.478351699999999880e-01,1.776421999999999753e+04
3.455500000000000000e+03,9.084427999999999770e+01,1.343805200000000311e-01,1.786727333333333445e+04
3.465500000000000000e+03,9.094855999999998630e+01,1.644220499999999863e-01,1.797062333333333299e+04
3.475500000000000000e+03,9.099143999999999721e+01,1.673059000000000074e-01,1.807427000000000044e+04
3.485500000000000000e+03,9.106143000000000143e+01,1.662930699999999873e-01,1.817822666666666555e+04
3.495500000000000000e+03,9.109000999999999237e+01,1.591854699999999956e-01,1.828247333333333518e+04
3.505500000000000000e+03,9.098427999999999827e+01,1.714489800000000008e-01,1.838701666666666279e+04
3.515500000000000000e+03,9.106999999999999318e+01,1.460094600000000076e-01,1.849184999999999854e+04
3.525500000000000000e+03,9.098857999999999890e+01,1.342033699999999885e-01,1.859701000000000204e+04
3.535500000000000000e+03,9.091427999999999088e+01,1.526065000000000338e-01,1.870243333333333430e+04
3.545500000000000000e+03,9.102857999999999095e+01,1.639703400000000200e-01,1.880817000000000189e+04
3.555500000000000000e+03,9.098143000000000313e+01,1.560498800000000297e-01,1.891420666666666511e+04
3.565500000000000000e+03,9.110143000000000768e+01,1.228174800000000066e-01,1.902052999999999884e+04
3.575500000000000000e+03,9.098569999999999425e+01,1.365991000000000011e-01,1.912715666666666584e+04
3.585500000000000000e+03,9.101143999999999323e+01,1.354318000000000188e-01,1.923407666666666773e+04
3.595500000000000000e+03,9.103428000000000964e+01,1.215274900000000019e-01,1.934129666666666890e+04
3.605500000000000000e+03,9.105857000000000312e+01,1.669325899999999918e-01,1.944882333333333008e+04
3.615500000000000000e+03,9.099571000000000254e+01,1.215371500000000243e-01,1.955663333333333867e+04
3.625500000000000000e+03,9.101286000000000342e+01,1.521621700000000132e-01,1.966474333333333561e+04
3.635500000000000000e+03,9.110285000000000366e+01,1.101400700000000066e-01,1.977315666666666948e+04
3.645500000000000000e+03,9.109285000000001276e+01,1.325809000000000015e-01,1.988186333333333459e+04
3.655500000000000000e+03,9.088856000000001245e+01,1.662328999999999890e-01,1.999087333333332936e+04
3.665500000000000000e+03,9.097715999999999781e+01,1.426312700000000044e-01,2.010017333333333227e+04
3.675500000000000000e+03,9.093856999999999857e+01,1.525631300000000190e-01,2.020978333333333285e+04
3.685500000000000000e+03,9.117000000000000171e+01,1.374637699999999851e-01,2.031967666666666992e+04
3.695500000000000000e+03,9.085000999999999749e+01,1.010968599999999967e-01,2.042986666666666133e+04
3.705500000000000000e+03,9.116428000000000509e+01,1.356932200000000033e-01,2.054036666666666861e+04
3.715500000000000000e+03,9.065858000000000061e+01,1.215958300000000020e-01,2.065115666666666584e+04
3.725500000000000000e+03,9.105143000000001052e+01,1.141478100000000023e-01,2.076226000000000204e+04
3.735500000000000000e+03,9.095430000000000348e+01,1.217207099999999959e-01,2.087363666666666541e+04
3.745500000000000000e+03,9.115286999999999296e+01,1.219402800000000120e-01,2.098531666666666570e+04
3.755500000000000000e+03,9.105857000000000312e+01,1.434948199999999952e-01,2.109730333333333328e+04
3.765500000000000000e+03,9.089142999999998551e+01,1.460111000000000048e-01,2.120958000000000538e+04
3.775500000000000000e+03,9.105571000000000481e+01,1.512876000000000221e-01,2.132214666666666744e+04
3.785500000000000000e+03,9.088428999999999292e+01,1.557266999999999957e-01,2.143504333333333489e+04
3.795500000000000000e+03,9.110573000000000832e+01,1.116623600000000022e-01,2.154820666666666875e+04
3.805500000000000000e+03,9.113142999999999461e+01,1.195288399999999973e-01,2.166167000000000189e+04
3.815500000000000000e+03,9.098283999999999594e+01,1.515681999999999863e-01,2.177543333333333430e+04
3.825500000000000000e+03,9.115285000000000082e+01,1.164797699999999825e-01,2.188951000000000204e+04
3.835500000000000000e+03,9.116713999999998919e+01,1.192788899999999985e-01,2.200387333333333299e+04
3.845500000000000000e+03,9.090000000000000568e+01,1.424879000000000284e-01,2.211852999999999884e+04
3.855500000000000000e+03,9.083428999999999576e+01,1.150427200000000150e-01,2.223349333333333561e+04
3.865500000000000000e+03,9.089858000000000970e+01,1.107636700000000085e-01,2.234875000000000000e+04
3.875500000000000000e+03,9.097427999999999315e+01,1.298344000000000165e-01,2.246429666666666526e+04
3.885500000000000000e+03,9.108143999999998641e+01,1.259817599999999982e-01,2.258014333333333343e+04
3.895500000000000000e+03,9.081999000000000422e+01,1.178613599999999983e-01,2.269631000000000131e+04
3.905500000000000000e+03,9.103999000000001729e+01,1.223017499999999869e-01,2.281274333333332834e+04
3.915500000000000000e+03,9.101285000000000025e+01,1.277660800000000041e-01,2.292948666666666759e+04
3.925500000000000000e+03,9.090572000000000230e+01,1.171214599999999828e-01,2.304652666666666482e+04
3.935500000000000000e+03,9.102714000000000283e+01,1.040782999999999986e-01,2.316387000000000262e+04
3.945500000000000000e+03,9.105286999999999864e+01,1.126989800000000042e-01,2.328150000000000000e+04
3.955500000000000000e+03,9.095000000000000284e+01,1.200050399999999795e-01,2.339943000000000029e+04
3.965500000000000000e+03,9.098143000000001734e+01,1.018283099999999913e-01,2.351766000000000349e+04
3.975500000000000000e+03,9.111713999999999203e+01,1.335053999999999685e-01,2.363620000000000073e+04
3.985500000000000000e+03,9.095430000000000348e+01,1.003173700000000029e-01,2.375501666666667006e+04
3.995500000000000000e+03,9.095000000000001705e+01,1.192239899999999880e-01,2.387415333333333183e+04
4.005500000000000000e+03,9.086999000000000137e+01,1.041363400000000078e-01,2.399356333333333168e+04
4.015500000000000000e+03,9.097429000000001054e+01,9.127581999999999363e-02,2.411327999999999884e+04
4.025500000000000000e+03,9.090569999999999595e+01,9.436320000000000818e-02,2.423329333333333489e+04
4.035500000000000000e+03,9.086857000000000539e+01,7.934649000000000563e-02,2.435361333333333459e+04
4.045500000000000000e+03,9.088145000000000095e+01,1.202327200000000013e-01,2.447422333333333518e+04
4.055500000000000000e+03,9.069715000000000771e+01,8.921412999999998872e-02,2.459513333333333503e+04
4.065500000000000000e+03,9.078571000000000879e+01,8.552958000000000782e-02,2.471634333333333780e+04
4.075500000000000000e+03,9.111570999999999287e+01,8.986952000000000829e-02,2.483785333333332892e+04
4.085500000000000000e+03,9.086285000000000878e+01,1.024793999999999983e-01,2.495965666666666584e+04
4.095500000000000000e+03,9.088858000000000459e+01,9.045702000000001297e-02,2.508175333333333401e+04
4.105500000000000000e+03,9.068858000000000175e+01,9.572474000000000260e-02,2.520416666666666424e+04
4.115500000000000000e+03,9.082715000000000316e+01,7.906064000000000147e-02,2.532685333333333256e+04
4.125500000000000000e+03,9.104999999999999716e+01,7.965730000000000033e-02,2.544984999999999854e+04
4.135500000000000000e+03,9.086857999999999436e+01,9.723532000000000008e-02,2.557314666666666744e+04
4.145500000000000000e+03,9.097999000000001502e+01,1.009774499999999964e-01,2.569675000000000364e+04
4.155500000000000000e+03,9.077428999999999348e+01,8.423664000000000152e-02,2.582061333333333096e+04
4.165500000000000000e+03,9.101714999999998668e+01,1.006043099999999885e-01,2.594479666666666890e+04
4.175500000000000000e+03,9.096142000000000394e+01,9.285598999999999936e-02,2.606927999999999884e+04
4.185500000000000000e+03,9.089715000000001055e+01,8.445808000000000482e-02,2.619405999999999767e+04
4.195500000000000000e+03,9.088284999999999059e+01,8.073352000000000306e-02,2.631913666666666904e+04
4.205500000000000000e+03,9.094570000000000221e+01,1.000630200000000025e-01,2.644452000000000044e+04
4.215500000000000000e+03,9.083857000000000426e+01,7.412856999999999086e-02,2.657019666666666672e+04
4.225500000000000000e+03,9.088856999999998720e+01,8.571271000000001139e-02,2.669615666666666584e+04
4.235500000000000000e+03,9.085857000000001449e+01,9.615862000000000021e-02,2.682243333333333067e+04
4.245500000000000000e+03,9.079856999999998379e+01,7.325997999999998844e-02,2.694899333333333561e+04
4.255500000000000000e+03,9.086427000000000476e+01,7.065931999999999769e-02,2.707587000000000262e+04
4.265500000000000000e+03,9.095714999999998440e+01,7.262290999999999885e-02,2.720302333333333445e+04
4.275500000000000000e+03,9.074429000000000656e+01,7.227674000000000598e-02,2.733048333333332994e+04
4.285500000000000000e+03,9.093144000000000915e+01,7.097556000000002085e-02,2.745825333333333401e+04
4.295500000000000000e+03,9.086999000000000137e+01,6.149120000000000280e-02,2.758630333333333328e+04
4.305500000000000000e+03,9.077572000000000685e+01,7.906320000000000014e-02,2.771466333333333750e+04
4.315500000000000000e+03,9.097571000000000652e+01,7.833592999999999806e-02,2.784329999999999927e+04
4.325500000000000000e+03,9.073859000000001629e+01,6.429545000000000399e-02,2.797225999999999840e+04
4.335500000000000000e+03,9.087571999999998695e+01,7.122876000000000207e-02,2.810150333333333401e+04
4.345500000000000000e+03,9.072571999999999548e+01,5.886580999999999758e-02,2.823104999999999927e+04
4.355500000000000000e+03,9.058141999999999427e+01,6.036392999999999620e-02,2.836089000000000306e+04
4.365500000000000000e+03,9.092857000000000767e+01,6.737390000000000045e-02,2.849102666666666482e+04
4.375500000000000000e+03,9.090715000000000146e+01,6.578532000000000823e-02,2.862147000000000116e+04
4.385500000000000000e+03,9.097287000000000035e+01,6.296556999999998461e-02,2.875219666666666672e+04
4.395500000000000000e+03,9.096714999999998952e+01,5.389298000000000005e-02,2.888323333333332994e+04
4.405500000000000000e+03,9.072285999999999717e+01,5.594712999999999770e-02,2.901456999999999971e+04
4.415500000000000000e+03,9.079713999999999885e+01,6.823019999999999086e-02,2.914620999999999913e+04
4.425500000000000000e+03,9.071714000000000055e+01,5.400736999999999899e-02,2.927812999999999738e+04
4.435500000000000000e+03,9.089144000000001711e+01,6.022207000000000254e-02,2.941034666666666817e+04
4.445500000000000000e+03,9.092712000000001638e+01,5.244311000000000111e-02,2.954286666666666133e+04
4.455500000000000000e+03,9.081714999999999804e+01,5.248073999999999101e-02,2.967568333333333794e+04
4.465500000000000000e+03,9.090000999999998044e+01,6.626815999999999263e-02,2.980880999999999767e+04
4.475500000000000000e+03,9.062856000000000734e+01,4.665582999999999536e-02,2.994222333333333881e+04
4.485500000000000000e+03,9.095000000000000284e+01,3.853507999999999933e-02,3.007592333333333227e+04
4.495500000000000000e+03,9.095427999999999713e+01,4.815093999999999624e-02,3.020993000000000029e+04
4.505500000000000000e+03,9.077998999999999796e+01,4.857759999999999856e-02,3.034424666666666599e+04
4.515500000000000000e+03,9.069429999999999836e+01,5.136662000000000866e-02,3.047884333333333416e+04
4.525500000000000000e+03,9.075856999999999175e+01,5.723629000000000216e-02,3.061374666666666599e+04
4.535500000000000000e+03,9.074286999999999637e+01,4.861186999999999453e-02,3.074894333333333634e+04
4.545500000000000000e+03,9.082142999999999233e+01,5.134587000000000179e-02,3.088444333333333634e+04
4.555500000000000000e+03,9.079713999999999885e+01,4.852155999999999830e-02,3.102023666666667123e+04
4.565500000000000000e+03,9.079427999999998633e+01,5.495553999999999023e-02,3.115634000000000378e+04
4.575500000000000000e+03,9.081712999999999170e+01,3.786097000000000767e-02,3.129273000000000320e+04
4.585500000000000000e+03,9.075142999999999915e+01,3.538358999999999949e-02,3.142942666666666628e+04
4.595500000000000000e+03,9.104283999999999821e+01,5.604846000000000134e-02,3.156641666666666788e+04
4.605500000000000000e+03,9.089000000000000057e+01,3.871739000000000430e-02,3.170369666666666308e+04
4.615500000000000000e+03,9.097284999999999400e+01,4.553177000000000613e-02,3.184127333333333445e+04
4.625500000000000000e+03,9.065715000000000146e+01,3.934429999999999872e-02,3.197915666666666584e+04
4.635500000000000000e+03,9.090429999999999211e+01,4.608082000000000150e-02,3.211733999999999651e+04
4.645500000000000000e+03,9.078999999999999204e+01,3.782554000000000471e-02,3.225581333333333532e+04
4.655500000000000000e+03,9.069144000000000005e+01,4.195205999999999935e-02,3.239459000000000378e+04
4.665500000000000000e+03,9.087143000000000370e+01,3.441668000000000505e-02,3.253365666666665857e+04
4.675500000000000000e+03,9.083714999999999407e+01,4.335201000000000332e-02,3.267303333333333285e+04
4.685500000000000000e+03,9.088142000000000564e+01,4.010488999999999721e-02,3.281269333333332179e+04
4.695500000000000000e+03,9.093999999999999773e+01,3.165968999999999034e-02,3.295266333333333023e+04
4.705500000000000000e+03,9.082143000000000654e+01,4.015988999999998976e-02,3.309291999999999825e+04
4.715500000000000000e+03,9.074571000000000254e+01,3.562610000000000776e-02,3.323347666666666919e+04
4.725500000000000000e+03,9.077142999999998096e+01,3.236340000000000050e-02,3.337431999999999971e+04
4.735500000000000000e+03,9.087285999999998864e+01,3.281283000000000116e-02,3.351547999999999593e+04
4.745500000000000000e+03,9.081426999999999339e+01,3.119835000000000663e-02,3.365693333333333430e+04
4.755500000000000000e+03,9.080428000000000566e+01,3.330210999999999588e-02,3.379867333333333227e+04
4.765500000000000000e+03,9.081001000000000545e+01,3.154366999999999588e-02,3.394072000000000116e+04
4.775500000000000000e+03,9.088571000000000311e+01,3.223637999999999504e-02,3.408306999999999971e+04
4.785500000000000000e+03,9.094284999999999286e+01,3.317126000000000102e-02,3.422570666666667239e+04
4.795500000000000000e+03,9.077000999999999920e+01,3.177166000000000018e-02,3.436864666666666017e+04
4.805500000000000000e+03,9.092573000000001571e+01,3.085758000000000251e-02,3.451187333333333663e+04
4.815500000000000000e+03,9.082287999999998362e+01,2.835603999999999902e-02,3.465541333333333750e+04
4.825500000000000000e+03,9.084714000000001022e+01,2.881937000000000040e-02,3.479925333333333401e+04
4.835500000000000000e+03,9.089998999999998830e+01,2.666067999999999910e-02,3.494336666666666861e+04
4.845500000000000000e+03,9.070284999999999798e+01,3.188642000000000559e-02,3.508779666666666890e+04
4.855500000000000000e+03,9.071428000000000225e+01,3.524747999999999770e-02,3.523252000000000407e+04
4.865500000000000000e+03,9.074285999999999319e+01,2.901636999999999619e-02,3.537755000000000291e+04
4.875500000000000000e+03,9.073429000000000144e+01,2.814424000000000439e-02,3.552285333333333256e+04
4.885500000000000000e+03,9.090286999999999296e+01,2.645989999999999800e-02,3.566847000000000116e+04
4.895500000000000000e+03,9.091428000000000509e+01,3.388856999999999980e-02,3.581437999999999010e+04
4.905500000000000000e+03,9.051857000000001108e+01,2.880401000000000142e-02,3.596058999999999651e+04
4.915500000000000000e+03,9.068286000000000513e+01,2.672112999999999919e-02,3.610709666666666453e+04
4.925500000000000000e+03,9.068286000000000513e+01,2.848220999999999739e-02,3.625391333333333023e+04
4.935500000000000000e+03,9.083000000000001251e+01,2.713827000000000253e-02,3.640099666666665871e+04
4.945500000000000000e+03,9.091141999999999257e+01,2.816933000000000284e-02,3.654840333333332819e+04
4.955500000000000000e+03,9.101428000000001362e+01,2.680177999999999727e-02,3.669610666666666657e+04
4.965500000000000000e+03,9.082143000000000654e+01,2.622052000000000410e-02,3.684411333333333459e+04
4.975500000000000000e+03,9.078143000000000029e+01,2.633058999999999747e-02,3.699239666666667472e+04
4.985500000000000000e+03,9.085857999999998924e+01,2.716387999999999442e-02,3.714100666666666802e+04
4.995500000000000000e+03,9.077570000000000050e+01,2.756426000000000015e-02,3.728987333333333663e+04
