5.500000000000000000e+00,7.979427699999999390e+01,1.178786005999999986e+01,4.513210866666667043e-01
1.550000000000000000e+01,8.755428999999999462e+01,7.912126000000000658e+00,2.694662666666666873e+00
2.550000000000000000e+01,8.499858000000000402e+01,3.865542999999999729e+00,7.105151000000001105e+00
3.550000000000000000e+01,8.750140999999999281e+01,9.079241999999998480e-01,1.370120000000000005e+01
4.550000000000000000e+01,8.363286999999999694e+01,6.705126999999999615e-01,2.246630666666666798e+01
5.550000000000000000e+01,8.621857000000001392e+01,1.068178400000000305e+00,3.332332333333333452e+01
6.550000000000000000e+01,8.816714999999999236e+01,4.323169800000000507e+00,4.608800666666667212e+01
7.550000000000000000e+01,8.806856999999999402e+01,1.535299599999999876e+00,6.083642999999999290e+01
8.550000000000000000e+01,8.650000000000001421e+01,2.141425799999999935e+00,7.760653666666668471e+01
9.550000000000000000e+01,8.638285999999997955e+01,1.068086599999999775e+00,9.649772666666667931e+01
1.055000000000000000e+02,8.794570999999999117e+01,2.058694200000000141e+00,1.174023333333333596e+02
1.155000000000000000e+02,8.610857000000000028e+01,2.244801700000000011e+00,1.402930000000000064e+02
1.255000000000000000e+02,8.357429000000000485e+01,1.028232899999999894e+00,1.651643333333333317e+02
1.355000000000000000e+02,8.528001000000000431e+01,1.562824699999999956e+00,1.920403666666666709e+02
1.455000000000000000e+02,8.305857999999999208e+01,1.153094800000000086e+00,2.209011666666666827e+02
1.555000000000000000e+02,8.577430000000001087e+01,3.870122999999999758e-01,2.517745666666666580e+02
1.655000000000000000e+02,8.481857000000000824e+01,1.221008000000000093e+00,2.847054333333333602e+02
1.755000000000000000e+02,8.463858000000000459e+01,6.791704000000000629e-01,3.195852333333333490e+02
1.855000000000000000e+02,8.595714999999999861e+01,9.210825000000000262e-01,3.563669666666666558e+02
1.955000000000000000e+02,8.619285999999999603e+01,6.084580999999998907e-01,3.951970666666666716e+02
2.055000000000000000e+02,8.721858000000000288e+01,4.926233900000000498e-01,4.360649333333332720e+02
2.155000000000000000e+02,8.830715999999999610e+01,6.792556000000000704e-01,4.788393333333333430e+02
2.255000000000000000e+02,8.779143999999999437e+01,5.880397000000000540e-01,5.235888333333333549e+02
2.355000000000000000e+02,8.777429999999999666e+01,7.517691799999999258e-01,5.704427000000000589e+02
2.455000000000000000e+02,8.817999000000000365e+01,7.109999499999999362e-01,6.193766666666667788e+02
2.555000000000000000e+02,8.890000000000000568e+01,6.428902599999999357e-01,6.705372999999998456e+02
2.655000000000000000e+02,8.916000999999999976e+01,5.524908999999998960e-01,7.239359333333334234e+02
2.755000000000000000e+02,8.885714000000000112e+01,8.300744999999999374e-01,7.794235666666667157e+02
2.855000000000000000e+02,8.909570999999999685e+01,5.061601800000000706e-01,8.369685666666666748e+02
2.955000000000000000e+02,8.895858000000001198e+01,3.841170799999999996e-01,8.967431333333333896e+02
3.055000000000000000e+02,8.859143000000000256e+01,5.577393300000000886e-01,9.587743333333334022e+02
3.155000000000000000e+02,8.868429999999999325e+01,7.367373299999999681e-01,1.023012399999999843e+03
3.255000000000000000e+02,8.892714999999999748e+01,4.826402599999999876e-01,1.089320299999999861e+03
3.355000000000000000e+02,8.867855999999999028e+01,5.968455400000000077e-01,1.157758333333333212e+03
3.455000000000000000e+02,8.818856999999999857e+01,4.251443800000000439e-01,1.228238333333333230e+03
3.555000000000000000e+02,8.907285999999999149e+01,4.820377200000001139e-01,1.300662666666666610e+03
3.655000000000000000e+02,8.821143000000000711e+01,3.351220999999999783e-01,1.374816333333333432e+03
3.755000000000000000e+02,8.865856999999999744e+01,5.815434600000001231e-01,1.450940333333333228e+03
3.855000000000000000e+02,8.909572999999998899e+01,3.266343199999999780e-01,1.529263666666666722e+03
3.955000000000000000e+02,8.975287999999999045e+01,7.320381400000000038e-01,1.609833333333333485e+03
4.055000000000000000e+02,8.875428000000000850e+01,2.856457700000000210e-01,1.692650666666666439e+03
4.155000000000000000e+02,8.895998999999999057e+01,4.863701999999999748e-01,1.777713666666666541e+03
4.255000000000000000e+02,8.862429999999999097e+01,3.262783400000000000e-01,1.864945999999999913e+03
4.355000000000000000e+02,8.913285000000000480e+01,6.025315399999999766e-01,1.954347666666666555e+03
4.455000000000000000e+02,8.918282999999999561e+01,4.181066700000000691e-01,2.045986000000000104e+03
4.555000000000000000e+02,8.940000000000000568e+01,1.075905899999999998e-01,2.139853999999999814e+03
4.655000000000000000e+02,8.929711999999999250e+01,3.189487100000000241e-01,2.235933666666666795e+03
4.755000000000000000e+02,8.857287000000000887e+01,2.056994200000000217e-01,2.334529333333333398e+03
4.855000000000000000e+02,8.910143000000000768e+01,3.314871300000000187e-01,2.435753666666666504e+03
4.955000000000000000e+02,8.839574000000000353e+01,3.716305400000000092e-01,2.539630000000000109e+03
5.055000000000000000e+02,8.893285999999999092e+01,2.591935399999999445e-01,2.645994000000000142e+03
5.155000000000000000e+02,8.890999000000000763e+01,2.186538800000000227e-01,2.754731666666667024e+03
5.255000000000000000e+02,8.948143999999999210e+01,2.601316500000000476e-01,2.865719333333333452e+03
5.355000000000000000e+02,8.943000000000000682e+01,2.667311700000000174e-01,2.979004666666666708e+03
5.455000000000000000e+02,8.896572000000000457e+01,2.785962300000000003e-01,3.094885000000000218e+03
5.555000000000000000e+02,8.900572000000001083e+01,1.935129600000000116e-01,3.213393333333333430e+03
5.655000000000000000e+02,8.871428999999999121e+01,2.536724900000000282e-01,3.334377333333332899e+03
5.755000000000000000e+02,8.942999000000000365e+01,1.839331200000000055e-01,3.457577000000000226e+03
5.855000000000000000e+02,8.952714000000000283e+01,2.234331999999999707e-01,3.583160666666667566e+03
5.955000000000000000e+02,8.945429000000000030e+01,2.917287499999999811e-01,3.711388666666666722e+03
6.055000000000000000e+02,8.922141999999999484e+01,1.719446399999999819e-01,3.842332333333332826e+03
6.155000000000000000e+02,8.917000000000000171e+01,2.512082699999999558e-01,3.975952333333333172e+03
6.255000000000000000e+02,8.891572999999999638e+01,3.101667200000000069e-01,4.112242000000000189e+03
6.355000000000000000e+02,8.911143000000001280e+01,9.459332000000000851e-02,4.251229333333332761e+03
6.455000000000000000e+02,8.911142999999999859e+01,2.007785800000000120e-01,4.392737666666665973e+03
6.555000000000000000e+02,8.967143000000000086e+01,1.335437899999999956e-01,4.536588666666666541e+03
6.655000000000000000e+02,8.932143999999999551e+01,2.162442499999999990e-01,4.682417666666666264e+03
6.755000000000000000e+02,8.945428999999998609e+01,1.351549499999999682e-01,4.830144666666667035e+03
6.855000000000000000e+02,8.982145999999998764e+01,1.891454300000000033e-01,4.979715999999999440e+03
6.955000000000000000e+02,8.962142000000000053e+01,1.598182000000000214e-01,5.131351666666666461e+03
7.055000000000000000e+02,8.982714999999998895e+01,1.982925799999999961e-01,5.285215333333333547e+03
7.155000000000000000e+02,8.981999999999999318e+01,1.053378400000000159e-01,5.441320999999999913e+03
7.255000000000000000e+02,8.983141000000000531e+01,1.403883399999999726e-01,5.599659333333333052e+03
7.355000000000000000e+02,8.958428999999998155e+01,1.440518500000000091e-01,5.760213999999999032e+03
7.455000000000000000e+02,9.031143000000000143e+01,7.331971000000001015e-02,5.923019666666666126e+03
7.555000000000000000e+02,9.062570000000000903e+01,1.559532299999999982e-01,6.088065666666667312e+03
7.655000000000000000e+02,8.985426999999999964e+01,8.876785000000000925e-02,6.255361999999999171e+03
7.755000000000000000e+02,8.976855999999999369e+01,7.502639000000001224e-02,6.424910666666666657e+03
7.855000000000000000e+02,8.980714000000000397e+01,1.090287599999999885e-01,6.596498333333333903e+03
7.955000000000000000e+02,9.015999000000000763e+01,1.179447000000000134e-01,6.770060333333332892e+03
8.055000000000000000e+02,9.073427999999999827e+01,1.461423599999999989e-01,6.945719333333334362e+03
8.155000000000000000e+02,9.053571000000000879e+01,1.051956500000000017e-01,7.123278333333332739e+03
8.255000000000000000e+02,9.028571999999999775e+01,1.001770100000000108e-01,7.302929333333333489e+03
8.355000000000000000e+02,9.084571000000001106e+01,9.005219000000000418e-02,7.484667999999999665e+03
8.455000000000000000e+02,9.066858999999999469e+01,8.166073999999998168e-02,7.668450999999999112e+03
8.555000000000000000e+02,9.027141999999999200e+01,8.720796999999999577e-02,7.854432000000000698e+03
8.655000000000000000e+02,9.023858000000001311e+01,1.080868999999999858e-01,8.042578666666665413e+03
8.755000000000000000e+02,9.003999999999999204e+01,1.136318799999999768e-01,8.232789333333334071e+03
8.855000000000000000e+02,9.083142999999999745e+01,8.026561999999999586e-02,8.425191000000000713e+03
8.955000000000000000e+02,9.044714000000001874e+01,9.153514999999999568e-02,8.619838999999999942e+03
9.055000000000000000e+02,9.069284999999999286e+01,8.268251999999999546e-02,8.816738000000001193e+03
9.155000000000000000e+02,9.009714000000001022e+01,1.103230300000000164e-01,9.015882666666668229e+03
9.255000000000000000e+02,9.030998999999999910e+01,4.968040000000000650e-02,9.217253999999997177e+03
9.355000000000000000e+02,9.116142999999999574e+01,6.648518999999999957e-02,9.420771666666667443e+03
9.455000000000000000e+02,9.129714999999998781e+01,4.634199999999999431e-02,9.626347999999999956e+03
9.555000000000000000e+02,9.097142000000000905e+01,7.902629999999999377e-02,9.834031666666667661e+03
9.655000000000000000e+02,9.067428999999999917e+01,6.146611999999999215e-02,1.004392799999999988e+04
9.755000000000000000e+02,9.104856999999999800e+01,9.259802000000000310e-02,1.025602433333333465e+04
9.855000000000000000e+02,9.037000999999999351e+01,4.506037000000000237e-02,1.047025633333333280e+04
9.955000000000000000e+02,9.111571999999999605e+01,5.058184000000000291e-02,1.068663799999999901e+04
1.005500000000000000e+03,9.071142000000000394e+01,4.507946999999999649e-02,1.090520333333333474e+04
1.015500000000000000e+03,9.090999000000000763e+01,5.866605000000000431e-02,1.112600666666666439e+04
1.025500000000000000e+03,9.103999999999999204e+01,4.457895000000000607e-02,1.134904666666666708e+04
1.035500000000000000e+03,9.065429000000001736e+01,5.338309000000000110e-02,1.157431333333333532e+04
1.045500000000000000e+03,9.089428000000000907e+01,5.639242999999999340e-02,1.180184666666666635e+04
1.055500000000000000e+03,9.097429999999999950e+01,4.899545999999999762e-02,1.203159666666666817e+04
1.065500000000000000e+03,9.079284999999998718e+01,4.282876000000000044e-02,1.226334000000000015e+04
1.075500000000000000e+03,9.063427000000000078e+01,4.989760999999999502e-02,1.249721666666666715e+04
1.085500000000000000e+03,9.154428000000000054e+01,5.579995000000000094e-02,1.273316666666666788e+04
1.095500000000000000e+03,9.114284999999999570e+01,5.166925999999999464e-02,1.297104666666666708e+04
1.105500000000000000e+03,9.088856000000001245e+01,5.657987000000001127e-02,1.321084000000000015e+04
1.115500000000000000e+03,9.064284999999999570e+01,4.281461000000000988e-02,1.345267000000000189e+04
1.125500000000000000e+03,9.109001000000000658e+01,5.225022999999999473e-02,1.369669666666666490e+04
1.135500000000000000e+03,9.074000000000000909e+01,5.379109000000000668e-02,1.394292666666666628e+04
1.145500000000000000e+03,9.104999000000000819e+01,4.798272000000000648e-02,1.419139333333333525e+04
1.155500000000000000e+03,9.025284999999999513e+01,4.088262000000000146e-02,1.444210000000000036e+04
1.165500000000000000e+03,9.084000000000000341e+01,4.490540999999999977e-02,1.469503666666666686e+04
1.175500000000000000e+03,9.084571000000001106e+01,4.041309999999999347e-02,1.495021333333333678e+04
1.185500000000000000e+03,9.109286000000000172e+01,5.149484000000000006e-02,1.520764999999999964e+04
1.195500000000000000e+03,9.073142999999998892e+01,4.549670999999998883e-02,1.546732333333333372e+04
1.205500000000000000e+03,9.076999000000000706e+01,5.252335999999999810e-02,1.572926333333333241e+04
1.215500000000000000e+03,9.117001999999999384e+01,4.073776999999999954e-02,1.599333666666666613e+04
1.225500000000000000e+03,9.082144000000000972e+01,4.579675999999999886e-02,1.625935000000000036e+04
1.235500000000000000e+03,9.097571000000000652e+01,6.496680999999998596e-02,1.652732333333333372e+04
1.245500000000000000e+03,9.066570000000000107e+01,4.130517999999999690e-02,1.679745999999999913e+04
1.255500000000000000e+03,9.057142000000000337e+01,5.094205000000000261e-02,1.706981333333333168e+04
1.265500000000000000e+03,9.093715000000000259e+01,4.628295000000000325e-02,1.734441333333333023e+04
1.275500000000000000e+03,9.118286000000001934e+01,5.177860999999998881e-02,1.762126333333333241e+04
1.285500000000000000e+03,9.108570999999999174e+01,5.555278999999999773e-02,1.790037999999999738e+04
1.295500000000000000e+03,9.110429999999999495e+01,3.999399999999999483e-02,1.818169999999999709e+04
1.305500000000000000e+03,9.074998999999999683e+01,4.710804999999999854e-02,1.846517333333333227e+04
1.315500000000000000e+03,9.111714000000000624e+01,4.130056000000000005e-02,1.875088999999999942e+04
1.325500000000000000e+03,9.068143000000000598e+01,4.324936000000000058e-02,1.903889000000000306e+04
1.335500000000000000e+03,9.092570999999999515e+01,3.674618999999999802e-02,1.932904666666666890e+04
1.345500000000000000e+03,9.101570999999999856e+01,4.216318000000000149e-02,1.962124666666666963e+04
1.355500000000000000e+03,9.082286999999999466e+01,3.806278999999999912e-02,1.991560666666666657e+04
1.365500000000000000e+03,9.099571000000000254e+01,3.706646000000000246e-02,2.021194999999999709e+04
1.375500000000000000e+03,9.072715999999999781e+01,3.942966999999999306e-02,2.050992666666666264e+04
1.385500000000000000e+03,9.085142999999999347e+01,3.922161999999999871e-02,2.080989666666666744e+04
1.395500000000000000e+03,9.117714000000000851e+01,4.077212000000000197e-02,2.111221333333333314e+04
1.405500000000000000e+03,9.090142999999999063e+01,4.522566000000000086e-02,2.141667666666666264e+04
1.415500000000000000e+03,9.046142000000000394e+01,3.967677000000000009e-02,2.172334000000000015e+04
1.425500000000000000e+03,9.068572000000001765e+01,3.735809999999999825e-02,2.203227666666666846e+04
1.435500000000000000e+03,9.096714000000000055e+01,4.142244999999999955e-02,2.234345999999999913e+04
1.445500000000000000e+03,9.086285999999999774e+01,3.763179000000000524e-02,2.265689333333332979e+04
1.455500000000000000e+03,9.078141999999999712e+01,3.845685000000000076e-02,2.297256000000000131e+04
1.465500000000000000e+03,9.072572999999999865e+01,3.563348000000000904e-02,2.329050333333333401e+04
1.475500000000000000e+03,9.063142000000000564e+01,3.580165000000000430e-02,2.361065666666666584e+04
1.485500000000000000e+03,9.087141999999998632e+01,3.810199000000000225e-02,2.393286666666666497e+04
1.495500000000000000e+03,9.063855000000000928e+01,3.522427999999999670e-02,2.425704333333333489e+04
1.505500000000000000e+03,9.103573000000000093e+01,3.738789000000000001e-02,2.458305333333333692e+04
1.515500000000000000e+03,9.063570000000001414e+01,3.516015999999999586e-02,2.491106666666666206e+04
1.525500000000000000e+03,9.061285999999999774e+01,3.600922999999999624e-02,2.524137666666666337e+04
1.535500000000000000e+03,9.066856999999998834e+01,3.473825999999999997e-02,2.557398333333333358e+04
1.545500000000000000e+03,9.035857000000001449e+01,3.474084000000000200e-02,2.590882000000000335e+04
1.555500000000000000e+03,9.070713999999999544e+01,3.502101999999999993e-02,2.624590999999999622e+04
1.565500000000000000e+03,9.058857000000000426e+01,3.689523999999999582e-02,2.658520000000000073e+04
1.575500000000000000e+03,9.048999000000000592e+01,3.608045000000000002e-02,2.692671000000000276e+04
1.585500000000000000e+03,9.049857000000000085e+01,3.677309999999999607e-02,2.727044666666666672e+04
1.595500000000000000e+03,9.072286000000001138e+01,3.516976000000000824e-02,2.761643000000000029e+04
1.605500000000000000e+03,9.023284999999999911e+01,3.433218999999999854e-02,2.796463666666666541e+04
1.615500000000000000e+03,9.084000000000000341e+01,3.367209999999999648e-02,2.831504333333333489e+04
1.625500000000000000e+03,9.114570999999999401e+01,3.357799999999999674e-02,2.866759999999999854e+04
1.635500000000000000e+03,9.061572999999998501e+01,3.336120000000000058e-02,2.902231333333333532e+04
1.645500000000000000e+03,9.054427000000001158e+01,3.384342999999999380e-02,2.937907666666667137e+04
1.655500000000000000e+03,9.090999999999999659e+01,3.317729000000000511e-02,2.973761333333333459e+04
1.665500000000000000e+03,9.046142999999999290e+01,3.340005000000000057e-02,3.009789666666666744e+04
1.675500000000000000e+03,9.085429999999999495e+01,3.326863000000000042e-02,3.046045333333333110e+04
1.685500000000000000e+03,9.108713000000000193e+01,3.414378999999999331e-02,3.082530999999999767e+04
1.695500000000000000e+03,9.032856999999999914e+01,3.374458000000000318e-02,3.119239666666666744e+04
1.705500000000000000e+03,9.088857000000000141e+01,3.274231999999999837e-02,3.156170333333333110e+04
1.715500000000000000e+03,9.077857999999999095e+01,3.258106999999999670e-02,3.193320666666666511e+04
1.725500000000000000e+03,9.026140999999999792e+01,3.303317000000000753e-02,3.230692000000000189e+04
1.735500000000000000e+03,9.026430000000000575e+01,3.241449000000000413e-02,3.268281666666666206e+04
1.745500000000000000e+03,9.070142999999998779e+01,3.254615999999999759e-02,3.306086333333332732e+04
1.755500000000000000e+03,9.053571000000000879e+01,3.466297000000000128e-02,3.344094999999999709e+04
1.765500000000000000e+03,9.074428000000000338e+01,3.238996999999999710e-02,3.382312666666666337e+04
1.775500000000000000e+03,9.032000999999999635e+01,3.239830999999999961e-02,3.420750000000000000e+04
1.785500000000000000e+03,9.054713999999999885e+01,3.503793999999999659e-02,3.459398333333332994e+04
1.795500000000000000e+03,9.033142999999999745e+01,3.305775000000000380e-02,3.498261000000000058e+04
1.805500000000000000e+03,9.042284999999999684e+01,3.201216999999999951e-02,3.537346333333333314e+04
1.815500000000000000e+03,9.090999999999999659e+01,3.305995000000000461e-02,3.576638333333333139e+04
1.825500000000000000e+03,9.068284999999998774e+01,3.450628000000000029e-02,3.616136999999999534e+04
1.835500000000000000e+03,9.081001000000000545e+01,3.366506999999999833e-02,3.655859999999999854e+04
1.845500000000000000e+03,9.094570999999999117e+01,3.170169999999999932e-02,3.695806666666666570e+04
1.855500000000000000e+03,9.120000000000000284e+01,3.267119000000000273e-02,3.735977666666667210e+04
1.865500000000000000e+03,9.082856000000001018e+01,3.159368999999999372e-02,3.776375333333333401e+04
1.875500000000000000e+03,9.037569999999999482e+01,3.148908999999999736e-02,3.816994333333332906e+04
1.885500000000000000e+03,9.063572999999999524e+01,3.301248999999999850e-02,3.857821333333333314e+04
1.895500000000000000e+03,9.027141999999999200e+01,3.225034999999999707e-02,3.898856333333333896e+04
1.905500000000000000e+03,9.088856999999998720e+01,3.148023000000000488e-02,3.940099666666666599e+04
1.915500000000000000e+03,9.068855999999999540e+01,3.142165000000000236e-02,3.981539333333333343e+04
1.925500000000000000e+03,9.058857000000000426e+01,3.193875999999999660e-02,4.023161333333333459e+04
1.935500000000000000e+03,9.056856999999999402e+01,3.104257000000000197e-02,4.064984666666666453e+04
1.945500000000000000e+03,9.072143000000001223e+01,3.144369999999999804e-02,4.107020333333333110e+04
1.955500000000000000e+03,9.048143000000000313e+01,3.155096999999999763e-02,4.149269333333333634e+04
1.965500000000000000e+03,9.108571000000002016e+01,3.068436000000000080e-02,4.191740000000000146e+04
1.975500000000000000e+03,9.083142999999999745e+01,3.093485999999999805e-02,4.234427666666666482e+04
1.985500000000000000e+03,9.066713999999998919e+01,3.079791000000000126e-02,4.277323000000000320e+04
1.995500000000000000e+03,9.100001000000000317e+01,3.057107999999999354e-02,4.320437000000000262e+04
2.005500000000000000e+03,9.141000999999999976e+01,3.050262000000000112e-02,4.363773000000000320e+04
2.015500000000000000e+03,9.088713999999998805e+01,3.029392000000000196e-02,4.407326999999998952e+04
2.025500000000000000e+03,9.104142999999999120e+01,3.030073000000000488e-02,4.451092666666667355e+04
2.035500000000000000e+03,9.132143999999999551e+01,3.066114999999999813e-02,4.495058000000000175e+04
2.045500000000000000e+03,9.067856000000000449e+01,3.068000000000000241e-02,4.539213999999999942e+04
2.055500000000000000e+03,9.061572999999999922e+01,3.061898000000000050e-02,4.583564666666666744e+04
2.065500000000000000e+03,9.104429000000000372e+01,3.008048000000000319e-02,4.628097000000000844e+04
2.075500000000000000e+03,9.103287000000000262e+01,3.081424999999999789e-02,4.672817666666666628e+04
2.085500000000000000e+03,9.106999000000000422e+01,3.007981000000000196e-02,4.717757333333333372e+04
2.095500000000000000e+03,9.154857000000001221e+01,3.014852999999999630e-02,4.762915000000000146e+04
2.105500000000000000e+03,9.096714000000000055e+01,2.979704999999999854e-02,4.808284666666666453e+04
2.115500000000000000e+03,9.100714000000000681e+01,2.967931999999999862e-02,4.853877999999999884e+04
2.125500000000000000e+03,9.132572999999999297e+01,2.967714000000000116e-02,4.899687666666667064e+04
2.135500000000000000e+03,9.107858000000000231e+01,2.970811999999999758e-02,4.945712666666666337e+04
2.145500000000000000e+03,9.113858999999999355e+01,2.955506999999999926e-02,4.991955666666666366e+04
2.155500000000000000e+03,9.098714999999999975e+01,2.921357000000000467e-02,5.038422999999999593e+04
2.165500000000000000e+03,9.109283999999999537e+01,2.930823000000000109e-02,5.085119999999999709e+04
2.175500000000000000e+03,9.141285999999999490e+01,2.946423000000000098e-02,5.132063333333333139e+04
2.185500000000000000e+03,9.121000000000000796e+01,2.937952999999999745e-02,5.179246666666665988e+04
2.195500000000000000e+03,9.073143000000000313e+01,2.902851000000000042e-02,5.226649000000000524e+04
2.205500000000000000e+03,9.083284999999999343e+01,2.914512999999999826e-02,5.274238999999999942e+04
2.215500000000000000e+03,9.135858000000000345e+01,2.928245999999999974e-02,5.322003999999999360e+04
2.225500000000000000e+03,9.071999999999999886e+01,2.888824999999999726e-02,5.369973999999999069e+04
2.235500000000000000e+03,9.117428999999998496e+01,2.923343000000000469e-02,5.418166666666666424e+04
2.245500000000000000e+03,9.113286999999999694e+01,2.900496999999999798e-02,5.466582333333334100e+04
2.255500000000000000e+03,9.111570000000000391e+01,2.861338999999999896e-02,5.515223333333333721e+04
2.265500000000000000e+03,9.093428000000001532e+01,2.862141000000000338e-02,5.564089333333332615e+04
2.275500000000000000e+03,9.089858000000000970e+01,2.884612999999999761e-02,5.613180999999999767e+04
2.285500000000000000e+03,9.099715000000000487e+01,2.859016999999999809e-02,5.662496999999999389e+04
2.295500000000000000e+03,9.108001000000000147e+01,2.850061999999999734e-02,5.712027666666665755e+04
2.305500000000000000e+03,9.106284999999999741e+01,2.854242999999999711e-02,5.761762999999999010e+04
2.315500000000000000e+03,9.091714000000000340e+01,2.849025000000000168e-02,5.811703333333332557e+04
2.325500000000000000e+03,9.070856999999999459e+01,2.842551999999999926e-02,5.861859666666666453e+04
2.335500000000000000e+03,9.082000999999999635e+01,2.852198000000000233e-02,5.912236666666666133e+04
2.345500000000000000e+03,9.110143000000000768e+01,2.830782000000000437e-02,5.962820666666666511e+04
2.355500000000000000e+03,9.115857000000001165e+01,2.843614000000000558e-02,6.013613000000000466e+04
2.365500000000000000e+03,9.111713999999997782e+01,2.833134999999999820e-02,6.064599666666666599e+04
2.375500000000000000e+03,9.072571999999999548e+01,2.825120999999999882e-02,6.115778000000000611e+04
2.385500000000000000e+03,9.115000000000000568e+01,2.806634999999999686e-02,6.167157000000000698e+04
2.395500000000000000e+03,9.115428999999998894e+01,2.801370999999999722e-02,6.218747666666666191e+04
2.405500000000000000e+03,9.126427999999999940e+01,2.797960000000000377e-02,6.270562333333333663e+04
2.415500000000000000e+03,9.135714000000000112e+01,2.807406999999999958e-02,6.322602000000000407e+04
2.425500000000000000e+03,9.111001000000000261e+01,2.857657000000000252e-02,6.374868000000000757e+04
2.435500000000000000e+03,9.120570999999999628e+01,2.810877999999999988e-02,6.427344666666667035e+04
2.445500000000000000e+03,9.097854999999999848e+01,2.774054999999999577e-02,6.480033333333333576e+04
2.455500000000000000e+03,9.138857000000000141e+01,2.789265000000000147e-02,6.532931333333333168e+04
2.465500000000000000e+03,9.133570999999999174e+01,2.756423000000000206e-02,6.586023333333333721e+04
2.475500000000000000e+03,9.120285000000001219e+01,2.739484999999999837e-02,6.639300000000000000e+04
2.485500000000000000e+03,9.124573000000000889e+01,2.759134999999999713e-02,6.692787333333332208e+04
2.495500000000000000e+03,9.141284999999999172e+01,2.766127999999999990e-02,6.746494999999999709e+04
2.505500000000000000e+03,9.128144000000000347e+01,2.740637000000000281e-02,6.800412999999999010e+04
2.515500000000000000e+03,9.087427999999999884e+01,2.727829999999999838e-02,6.854522333333334245e+04
2.525500000000000000e+03,9.143429999999999325e+01,2.734220000000000053e-02,6.908833000000001630e+04
2.535500000000000000e+03,9.141428999999999405e+01,2.729792999999999803e-02,6.963364666666666744e+04
2.545500000000000000e+03,9.102714000000000283e+01,2.781252999999999503e-02,7.018118000000000757e+04
2.555500000000000000e+03,9.104857000000001221e+01,2.710183999999999857e-02,7.073091333333333023e+04
2.565500000000000000e+03,9.107857999999998810e+01,2.713450999999999363e-02,7.128281000000001222e+04
2.575500000000000000e+03,9.136143000000001280e+01,2.709987999999999980e-02,7.183688333333333139e+04
2.585500000000000000e+03,9.105713000000000079e+01,2.779414000000000190e-02,7.239318333333333430e+04
2.595500000000000000e+03,9.134857999999999834e+01,2.702508999999999467e-02,7.295169333333332906e+04
2.605500000000000000e+03,9.126143000000000427e+01,2.692688000000000373e-02,7.351241000000000349e+04
2.615500000000000000e+03,9.132001000000001056e+01,2.684053000000000133e-02,7.407525666666666802e+04
2.625500000000000000e+03,9.148286000000000229e+01,2.674068000000000625e-02,7.464030000000000291e+04
2.635500000000000000e+03,9.151428000000001362e+01,2.674908999999999620e-02,7.520751333333333605e+04
2.645500000000000000e+03,9.127143000000000939e+01,2.672871999999999401e-02,7.577689333333334071e+04
2.655500000000000000e+03,9.108714000000000510e+01,2.713836000000000026e-02,7.634847666666666919e+04
2.665500000000000000e+03,9.125572999999999979e+01,2.661735999999999963e-02,7.692231999999999243e+04
2.675500000000000000e+03,9.101286999999999239e+01,2.666069999999999898e-02,7.749844999999999709e+04
2.685500000000000000e+03,9.123998000000000275e+01,2.658908999999999925e-02,7.807683000000000175e+04
2.695500000000000000e+03,9.134143000000000256e+01,2.656203000000000383e-02,7.865749333333333198e+04
2.705500000000000000e+03,9.134999999999999432e+01,2.657337999999999714e-02,7.924040666666667676e+04
2.715500000000000000e+03,9.139428999999999803e+01,2.635826000000000141e-02,7.982554000000000815e+04
2.725500000000000000e+03,9.119712999999998715e+01,2.637263999999999581e-02,8.041298333333333721e+04
2.735500000000000000e+03,9.146571000000000140e+01,2.637208999999999734e-02,8.100272333333334245e+04
2.745500000000000000e+03,9.122857999999999379e+01,2.641767999999999894e-02,8.159470000000001164e+04
2.755500000000000000e+03,9.140569999999999595e+01,2.613104000000000121e-02,8.218860000000000582e+04
2.765500000000000000e+03,9.126142000000001531e+01,2.626298999999999648e-02,8.278463333333333139e+04
2.775500000000000000e+03,9.155714000000000397e+01,2.598965999999999776e-02,8.338292000000001281e+04
2.785500000000000000e+03,9.127428000000000452e+01,2.606736999999999943e-02,8.398350999999999476e+04
2.795500000000000000e+03,9.154284999999998718e+01,2.592560999999999824e-02,8.458633999999999651e+04
2.805500000000000000e+03,9.151999999999999602e+01,2.581127999999999895e-02,8.519135333333331801e+04
2.815500000000000000e+03,9.147713999999999146e+01,2.596723000000000087e-02,8.579855000000000291e+04
2.825500000000000000e+03,9.161715000000000941e+01,2.586142000000000302e-02,8.640798333333332266e+04
2.835500000000000000e+03,9.136143000000001280e+01,2.589166999999999857e-02,8.701961333333334187e+04
2.845500000000000000e+03,9.145143000000000200e+01,2.577014000000000388e-02,8.763342666666666628e+04
2.855500000000000000e+03,9.158142999999999745e+01,2.586978999999999668e-02,8.824946333333334769e+04
2.865500000000000000e+03,9.140999999999999659e+01,2.566941999999999835e-02,8.886775666666666802e+04
2.875500000000000000e+03,9.135857999999998924e+01,2.579959000000000072e-02,8.948830333333332965e+04
2.885500000000000000e+03,9.133714000000000510e+01,2.567686000000000274e-02,9.011099666666665871e+04
2.895500000000000000e+03,9.151715000000000089e+01,2.552213999999999872e-02,9.073555000000000291e+04
2.905500000000000000e+03,9.141141999999999257e+01,2.552565999999999863e-02,9.136200999999999476e+04
2.915500000000000000e+03,9.141142999999999574e+01,2.548879000000000075e-02,9.199042666666666628e+04
2.925500000000000000e+03,9.163427000000000078e+01,2.531894000000000158e-02,9.262088666666665813e+04
2.935500000000000000e+03,9.144856999999998948e+01,2.534111000000000696e-02,9.325356333333332441e+04
2.945500000000000000e+03,9.140712999999999511e+01,2.533209999999999629e-02,9.388847000000000116e+04
2.955500000000000000e+03,9.159427000000000874e+01,2.534478000000000078e-02,9.452562666666666337e+04
2.965500000000000000e+03,9.158856999999999005e+01,2.524735999999999647e-02,9.516503666666665231e+04
2.975500000000000000e+03,9.154855999999998062e+01,2.528456999999999927e-02,9.580662999999999010e+04
2.985500000000000000e+03,9.146999999999999886e+01,2.514834999999999640e-02,9.645056999999999243e+04
2.995500000000000000e+03,9.166143000000000995e+01,2.505998999999999727e-02,9.709664333333334071e+04
3.005500000000000000e+03,9.160287999999999897e+01,2.503056999999999505e-02,9.774502999999999884e+04
3.015500000000000000e+03,9.143855999999999540e+01,2.508772999999999559e-02,9.839557666666666046e+04
3.025500000000000000e+03,9.141288000000000125e+01,2.508210999999999774e-02,9.904845999999999185e+04
3.035500000000000000e+03,9.154285999999999035e+01,2.482117000000000004e-02,9.970344999999998254e+04
3.045500000000000000e+03,9.162284999999999968e+01,2.498708000000000179e-02,1.003605933333333378e+05
3.055500000000000000e+03,9.153428999999999860e+01,2.484918000000000196e-02,1.010199766666666692e+05
3.065500000000000000e+03,9.151715000000000089e+01,2.487096999999999919e-02,1.016812433333333320e+05
3.075500000000000000e+03,9.155143999999998528e+01,2.481999999999999831e-02,1.023445199999999895e+05
3.085500000000000000e+03,9.140713000000000932e+01,2.484147999999999912e-02,1.030100366666666669e+05
3.095500000000000000e+03,9.167141000000000872e+01,2.473139000000000240e-02,1.036778833333333314e+05
3.105500000000000000e+03,9.152856999999998777e+01,2.464592000000000172e-02,1.043476666666666570e+05
3.115500000000000000e+03,9.164428999999998382e+01,2.463204000000000088e-02,1.050198000000000029e+05
3.125500000000000000e+03,9.151858000000000004e+01,2.463876999999999734e-02,1.056941333333333314e+05
3.135500000000000000e+03,9.166714000000000340e+01,2.460826999999999806e-02,1.063706666666666715e+05
3.145500000000000000e+03,9.144001000000000090e+01,2.468833000000000139e-02,1.070492333333333227e+05
3.155500000000000000e+03,9.129999000000000819e+01,2.455873000000000431e-02,1.077298000000000029e+05
3.165500000000000000e+03,9.168143000000000598e+01,2.462602000000000194e-02,1.084124666666666453e+05
3.175500000000000000e+03,9.158428000000000679e+01,2.442863999999999453e-02,1.090971333333333459e+05
3.185500000000000000e+03,9.161428999999999689e+01,2.435379000000000016e-02,1.097841333333333314e+05
3.195500000000000000e+03,9.167857000000000767e+01,2.436608000000000177e-02,1.104734333333333489e+05
3.205500000000000000e+03,9.163856999999998720e+01,2.439255999999999716e-02,1.111648666666666686e+05
3.215500000000000000e+03,9.147141999999999484e+01,2.420894999999999991e-02,1.118592333333333227e+05
3.225500000000000000e+03,9.137998000000000332e+01,2.426720000000000266e-02,1.125562333333333227e+05
3.235500000000000000e+03,9.158000999999998726e+01,2.420158000000000031e-02,1.132558999999999942e+05
3.245500000000000000e+03,9.117858000000001084e+01,2.410938999999999791e-02,1.139577666666666773e+05
3.255500000000000000e+03,9.149287000000001058e+01,2.407909999999999912e-02,1.146617333333333518e+05
3.265500000000000000e+03,9.122143999999998698e+01,2.407736999999999725e-02,1.153678000000000029e+05
3.275500000000000000e+03,9.153859000000001345e+01,2.409776000000000279e-02,1.160759666666666744e+05
3.285500000000000000e+03,9.146999999999999886e+01,2.406905000000000155e-02,1.167866333333333459e+05
3.295500000000000000e+03,9.130142999999999631e+01,2.393730000000000163e-02,1.174992666666666773e+05
3.305500000000000000e+03,9.159000999999999237e+01,2.404698000000000252e-02,1.182141666666666715e+05
3.315500000000000000e+03,9.146000000000000796e+01,2.401215999999999767e-02,1.189311333333333314e+05
3.325500000000000000e+03,9.146142000000000394e+01,2.380261000000000182e-02,1.196500000000000000e+05
3.335500000000000000e+03,9.130285999999999547e+01,2.378461999999999937e-02,1.203708000000000029e+05
3.345500000000000000e+03,9.144858000000000686e+01,2.377024999999999971e-02,1.210934666666666453e+05
3.355500000000000000e+03,9.153143000000000029e+01,2.373290000000000122e-02,1.218179000000000233e+05
3.365500000000000000e+03,9.130427000000000248e+01,2.362051999999999902e-02,1.225442666666666773e+05
3.375500000000000000e+03,9.141855999999999938e+01,2.377947999999999867e-02,1.232728333333333285e+05
3.385500000000000000e+03,9.150000999999998896e+01,2.361179999999999876e-02,1.240034333333333489e+05
3.395500000000000000e+03,9.136857000000000539e+01,2.363517000000000395e-02,1.247363000000000029e+05
3.405500000000000000e+03,9.129856999999999800e+01,2.370685000000000153e-02,1.254713666666666541e+05
3.415500000000000000e+03,9.123283999999999594e+01,2.352314999999999962e-02,1.262086666666666570e+05
3.425500000000000000e+03,9.126858000000001425e+01,2.347886999999999891e-02,1.269480333333333256e+05
3.435500000000000000e+03,9.145714000000000965e+01,2.358869000000000243e-02,1.276898000000000029e+05
3.445500000000000000e+03,9.150570999999999344e+01,2.343253000000000003e-02,1.284336333333333314e+05
3.455500000000000000e+03,9.143284999999998774e+01,2.340054999999999913e-02,1.291795000000000000e+05
3.465500000000000000e+03,9.139998999999998830e+01,2.337148999999999824e-02,1.299275666666666802e+05
3.475500000000000000e+03,9.125856999999999175e+01,2.332870000000000082e-02,1.306777666666666773e+05
3.485500000000000000e+03,9.153858000000001027e+01,2.330254999999999826e-02,1.314304666666666744e+05
3.495500000000000000e+03,9.144999999999998863e+01,2.323671000000000070e-02,1.321852333333333372e+05
3.505500000000000000e+03,9.143715000000000259e+01,2.328070999999999960e-02,1.329420666666666511e+05
3.515500000000000000e+03,9.146285999999999206e+01,2.328949000000000297e-02,1.337012999999999884e+05
3.525500000000000000e+03,9.149143000000000825e+01,2.320820999999999995e-02,1.344622666666666628e+05
3.535500000000000000e+03,9.143000999999999578e+01,2.321098000000000258e-02,1.352253999999999651e+05
3.545500000000000000e+03,9.141286999999999807e+01,2.308659999999999879e-02,1.359907999999999884e+05
3.555500000000000000e+03,9.131286000000000058e+01,2.311648999999999995e-02,1.367584666666667035e+05
3.565500000000000000e+03,9.137572000000000116e+01,2.307973000000000316e-02,1.375283666666666686e+05
3.575500000000000000e+03,9.132570000000001187e+01,2.296602999999999839e-02,1.383004666666666744e+05
3.585500000000000000e+03,9.152858000000000516e+01,2.299670000000000186e-02,1.390747666666666628e+05
3.595500000000000000e+03,9.127857000000000198e+01,2.300278000000000392e-02,1.398509333333333489e+05
3.605500000000000000e+03,9.131143000000000143e+01,2.302836999999999940e-02,1.406292333333333372e+05
3.615500000000000000e+03,9.133286000000001081e+01,2.290423000000000112e-02,1.414096000000000058e+05
3.625500000000000000e+03,9.153857000000000710e+01,2.290595999999999952e-02,1.421920333333333256e+05
3.635500000000000000e+03,9.147713999999999146e+01,2.277881999999999824e-02,1.429766333333333314e+05
3.645500000000000000e+03,9.149428000000000338e+01,2.277314999999999895e-02,1.437634666666666453e+05
3.655500000000000000e+03,9.130141000000000417e+01,2.287198000000000356e-02,1.445523999999999942e+05
3.665500000000000000e+03,9.134714999999999918e+01,2.278569999999999901e-02,1.453435000000000000e+05
3.675500000000000000e+03,9.141285999999999490e+01,2.280358000000000038e-02,1.461366000000000349e+05
3.685500000000000000e+03,9.121572999999999354e+01,2.274179999999999952e-02,1.469318333333333139e+05
3.695500000000000000e+03,9.140001999999999782e+01,2.268981000000000123e-02,1.477292666666666919e+05
3.705500000000000000e+03,9.128285999999999945e+01,2.264403999999999723e-02,1.485290999999999767e+05
3.715500000000000000e+03,9.146144000000001029e+01,2.264071000000000139e-02,1.493311000000000058e+05
3.725500000000000000e+03,9.142999000000000365e+01,2.270996000000000126e-02,1.501352999999999884e+05
3.735500000000000000e+03,9.144856999999998948e+01,2.261455000000000062e-02,1.509416666666666570e+05
3.745500000000000000e+03,9.140858000000000061e+01,2.255580999999999905e-02,1.517501666666666570e+05
3.755500000000000000e+03,9.128571999999999775e+01,2.257920000000000066e-02,1.525605666666666802e+05
3.765500000000000000e+03,9.140858000000000061e+01,2.256989000000000217e-02,1.533733999999999942e+05
3.775500000000000000e+03,9.148143000000000313e+01,2.257226999999999845e-02,1.541883000000000175e+05
3.785500000000000000e+03,9.142144000000000403e+01,2.253739000000000089e-02,1.550055000000000291e+05
3.795500000000000000e+03,9.148856000000000677e+01,2.245307999999999679e-02,1.558248666666666395e+05
3.805500000000000000e+03,9.140428999999998894e+01,2.256576999999999888e-02,1.566465000000000291e+05
3.815500000000000000e+03,9.149143000000000825e+01,2.250492000000000117e-02,1.574703333333333430e+05
3.825500000000000000e+03,9.131286000000000058e+01,2.243417000000000328e-02,1.582962666666666628e+05
3.835500000000000000e+03,9.138858000000000459e+01,2.239047999999999733e-02,1.591244666666666744e+05
3.845500000000000000e+03,9.142857000000000767e+01,2.224920000000000370e-02,1.599547666666666628e+05
3.855500000000000000e+03,9.153284999999998206e+01,2.238321000000000408e-02,1.607874000000000233e+05
3.865500000000000000e+03,9.134714999999999918e+01,2.240639999999999993e-02,1.616220000000000291e+05
3.875500000000000000e+03,9.149429000000000656e+01,2.244133000000000239e-02,1.624587000000000116e+05
3.885500000000000000e+03,9.133714999999999407e+01,2.218403000000000042e-02,1.632977666666666628e+05
3.895500000000000000e+03,9.128143000000001450e+01,2.214974999999999930e-02,1.641387999999999884e+05
3.905500000000000000e+03,9.151142999999999006e+01,2.218368000000000076e-02,1.649822333333333372e+05
3.915500000000000000e+03,9.136857000000000539e+01,2.209103999999999929e-02,1.658278999999999651e+05
3.925500000000000000e+03,9.150142999999999915e+01,2.227999000000000299e-02,1.666758333333333139e+05
3.935500000000000000e+03,9.133285999999999660e+01,2.217841000000000257e-02,1.675260333333333256e+05
3.945500000000000000e+03,9.128143000000001450e+01,2.207799000000000220e-02,1.683784333333333198e+05
3.955500000000000000e+03,9.149285000000000423e+01,2.208109000000000113e-02,1.692331333333333605e+05
3.965500000000000000e+03,9.131284000000000844e+01,2.209556000000000020e-02,1.700899666666666744e+05
3.975500000000000000e+03,9.144998999999999967e+01,2.208378999999999898e-02,1.709489666666666453e+05
3.985500000000000000e+03,9.125570999999999344e+01,2.209184999999999968e-02,1.718101333333333314e+05
3.995500000000000000e+03,9.140000000000000568e+01,2.206784000000000176e-02,1.726737666666666919e+05
4.005500000000000000e+03,9.142571000000000936e+01,2.198138000000000175e-02,1.735395333333333256e+05
4.015500000000000000e+03,9.137429000000000201e+01,2.198241000000000084e-02,1.744072999999999884e+05
4.025500000000000000e+03,9.135857000000000028e+01,2.203191000000000177e-02,1.752768666666666686e+05
4.035500000000000000e+03,9.137572000000001538e+01,2.192383999999999999e-02,1.761486333333333605e+05
4.045500000000000000e+03,9.133998999999998603e+01,2.201870000000000216e-02,1.770225666666666802e+05
4.055500000000000000e+03,9.147144000000000119e+01,2.184857000000000118e-02,1.778986333333333605e+05
4.065500000000000000e+03,9.136429999999998586e+01,2.181045999999999679e-02,1.787767999999999884e+05
4.075500000000000000e+03,9.145428999999998609e+01,2.186004999999999893e-02,1.796570333333333547e+05
4.085500000000000000e+03,9.146999999999999886e+01,2.193724999999999842e-02,1.805393666666666686e+05
4.095500000000000000e+03,9.160855999999999710e+01,2.191570999999999797e-02,1.814233999999999942e+05
4.105500000000000000e+03,9.137570999999999799e+01,2.180581000000000186e-02,1.823096999999999825e+05
4.115500000000000000e+03,9.136856999999999118e+01,2.172210999999999934e-02,1.831980666666666802e+05
4.125500000000000000e+03,9.139142000000001076e+01,2.179850000000000190e-02,1.840888999999999651e+05
4.135500000000000000e+03,9.152429000000002191e+01,2.175580000000000222e-02,1.849819333333333198e+05
4.145500000000000000e+03,9.133286000000001081e+01,2.171250999999999737e-02,1.858770666666666511e+05
4.155500000000000000e+03,9.144571000000000538e+01,2.173926999999999804e-02,1.867742999999999884e+05
4.165500000000000000e+03,9.155285000000000650e+01,2.171047000000000254e-02,1.876734333333333489e+05
4.175500000000000000e+03,9.155571000000000481e+01,2.171127999999999947e-02,1.885745666666666511e+05
4.185500000000000000e+03,9.150858000000000914e+01,2.162912999999999988e-02,1.894776000000000349e+05
4.195500000000000000e+03,9.140713000000000932e+01,2.160725000000000146e-02,1.903831000000000058e+05
4.205500000000000000e+03,9.148713000000000761e+01,2.165717999999999810e-02,1.912905666666667094e+05
4.215500000000000000e+03,9.146572000000000457e+01,2.164158999999999528e-02,1.922001000000000058e+05
4.225500000000000000e+03,9.131143000000000143e+01,2.147258999999999626e-02,1.931119666666666744e+05
4.235500000000000000e+03,9.135571000000000197e+01,2.157214000000000007e-02,1.940262000000000116e+05
4.245500000000000000e+03,9.150571999999998241e+01,2.146740999999999927e-02,1.949427999999999884e+05
4.255500000000000000e+03,9.138428999999999292e+01,2.142845999999999640e-02,1.958616333333333605e+05
4.265500000000000000e+03,9.162285999999998864e+01,2.143580999999999959e-02,1.967826666666666570e+05
4.275500000000000000e+03,9.149714000000000169e+01,2.148254999999999956e-02,1.977059333333333198e+05
4.285500000000000000e+03,9.151570000000000960e+01,2.147523999999999961e-02,1.986312999999999884e+05
4.295500000000000000e+03,9.148572000000001481e+01,2.139392000000000030e-02,1.995588666666666686e+05
4.305500000000000000e+03,9.147856999999999061e+01,2.138307999999999875e-02,2.004882333333333372e+05
4.315500000000000000e+03,9.148571000000001163e+01,2.130152999999999908e-02,2.014197666666666628e+05
4.325500000000000000e+03,9.151285000000000025e+01,2.135702999999999907e-02,2.023531333333333314e+05
4.335500000000000000e+03,9.150284999999999513e+01,2.132960999999999885e-02,2.032889666666666744e+05
4.345500000000000000e+03,9.143713000000001045e+01,2.125909000000000132e-02,2.042266999999999825e+05
4.355500000000000000e+03,9.152715000000000600e+01,2.121462000000000001e-02,2.051665666666666511e+05
4.365500000000000000e+03,9.141427000000000191e+01,2.118329000000000045e-02,2.061085000000000000e+05
4.375500000000000000e+03,9.150427999999999429e+01,2.122275000000000203e-02,2.070524333333333198e+05
4.385500000000000000e+03,9.139287999999999101e+01,2.119596000000000327e-02,2.079985333333333256e+05
4.395500000000000000e+03,9.145999999999999375e+01,2.118955999999999965e-02,2.089467333333333372e+05
4.405500000000000000e+03,9.143571000000000026e+01,2.110423999999999634e-02,2.098971333333333605e+05
4.415500000000000000e+03,9.133857000000001847e+01,2.102827999999999989e-02,2.108497666666666919e+05
4.425500000000000000e+03,9.139428999999999803e+01,2.103095999999999785e-02,2.118047333333333081e+05
4.435500000000000000e+03,9.139429999999998699e+01,2.107896999999999549e-02,2.127618333333333139e+05
4.445500000000000000e+03,9.149713999999998748e+01,2.099994999999999987e-02,2.137210666666666511e+05
4.455500000000000000e+03,9.145428999999998609e+01,2.105848999999999915e-02,2.146825000000000000e+05
4.465500000000000000e+03,9.136431000000000324e+01,2.093793000000000043e-02,2.156461333333333605e+05
4.475500000000000000e+03,9.135713000000001216e+01,2.094457000000000263e-02,2.166120666666666511e+05
4.485500000000000000e+03,9.136285999999999774e+01,2.095215999999999745e-02,2.175799333333333489e+05
4.495500000000000000e+03,9.130713000000000079e+01,2.088349000000000455e-02,2.185498333333333430e+05
4.505500000000000000e+03,9.129857999999998697e+01,2.089181999999999845e-02,2.195217999999999884e+05
4.515500000000000000e+03,9.137712000000000501e+01,2.091430999999999846e-02,2.204961666666666861e+05
4.525500000000000000e+03,9.133713000000000193e+01,2.082357000000000305e-02,2.214725666666667094e+05
4.535500000000000000e+03,9.140286000000000399e+01,2.078216000000000091e-02,2.224514333333333489e+05
4.545500000000000000e+03,9.142571999999999832e+01,2.080626999999999824e-02,2.234322333333333372e+05
4.555500000000000000e+03,9.122430999999998846e+01,2.081117000000000383e-02,2.244153333333333430e+05
4.565500000000000000e+03,9.129713999999999885e+01,2.090399000000000077e-02,2.254007000000000116e+05
4.575500000000000000e+03,9.124712999999999852e+01,2.076169000000000278e-02,2.263877666666666628e+05
4.585500000000000000e+03,9.134857000000000937e+01,2.079182000000000599e-02,2.273769333333333489e+05
4.595500000000000000e+03,9.143285000000000196e+01,2.072430999999999579e-02,2.283682000000000116e+05
4.605500000000000000e+03,9.135571000000001618e+01,2.067946999999999841e-02,2.293616666666666570e+05
4.615500000000000000e+03,9.127571000000000367e+01,2.070898000000000183e-02,2.303573999999999942e+05
4.625500000000000000e+03,9.136142999999999859e+01,2.066292999999999949e-02,2.313553999999999942e+05
4.635500000000000000e+03,9.136714999999999520e+01,2.073835999999999735e-02,2.323555333333333547e+05
4.645500000000000000e+03,9.141713999999998919e+01,2.065350000000000172e-02,2.333580000000000000e+05
4.655500000000000000e+03,9.125428999999999746e+01,2.066921000000000036e-02,2.343623999999999942e+05
4.665500000000000000e+03,9.141857999999999151e+01,2.062643000000000115e-02,2.353693666666666395e+05
4.675500000000000000e+03,9.142285000000001105e+01,2.058220000000000188e-02,2.363782999999999884e+05
4.685500000000000000e+03,9.132143000000000654e+01,2.052297000000000149e-02,2.373895666666667094e+05
4.695500000000000000e+03,9.137572000000000116e+01,2.054081999999999783e-02,2.384032000000000116e+05
4.705500000000000000e+03,9.143998999999999455e+01,2.046936999999999715e-02,2.394186333333333605e+05
4.715500000000000000e+03,9.140572000000000230e+01,2.049827999999999720e-02,2.404360999999999476e+05
4.725500000000000000e+03,9.134284999999999854e+01,2.058298000000000072e-02,2.414558666666666977e+05
4.735500000000000000e+03,9.138857000000000141e+01,2.041511999999999841e-02,2.424776666666666861e+05
4.745500000000000000e+03,9.134999000000001956e+01,2.039124999999999965e-02,2.435017000000000116e+05
4.755500000000000000e+03,9.136569999999998970e+01,2.043093000000000339e-02,2.445278999999999942e+05
4.765500000000000000e+03,9.133428000000000679e+01,2.047357999999999817e-02,2.455562666666666628e+05
4.775500000000000000e+03,9.127855999999999881e+01,2.034407999999999356e-02,2.465869666666666453e+05
4.785500000000000000e+03,9.135286000000000683e+01,2.037722000000000144e-02,2.476196666666666570e+05
4.795500000000000000e+03,9.133571999999999491e+01,2.035421999999999926e-02,2.486550000000000000e+05
4.805500000000000000e+03,9.143140999999999963e+01,2.035511999999999738e-02,2.496933666666666977e+05
4.815500000000000000e+03,9.137427999999999884e+01,2.024046000000000178e-02,2.507342333333333372e+05
4.825500000000000000e+03,9.136571000000000708e+01,2.028572000000000014e-02,2.517773666666666977e+05
4.835500000000000000e+03,9.138714000000000226e+01,2.027103000000000238e-02,2.528222999999999884e+05
4.845500000000000000e+03,9.134999000000000535e+01,2.026983000000000257e-02,2.538693333333333139e+05
4.855500000000000000e+03,9.132712999999999681e+01,2.024857999999999866e-02,2.549185000000000000e+05
4.865500000000000000e+03,9.134284999999999854e+01,2.024774000000000018e-02,2.559697666666666628e+05
4.875500000000000000e+03,9.142427999999999599e+01,2.022240999999999969e-02,2.570232999999999884e+05
4.885500000000000000e+03,9.146284999999998888e+01,2.022372000000000059e-02,2.580787333333333372e+05
4.895500000000000000e+03,9.140572000000000230e+01,2.016483999999999985e-02,2.591361333333333605e+05
4.905500000000000000e+03,9.139430000000000121e+01,2.010727999999999821e-02,2.601953999999999942e+05
4.915500000000000000e+03,9.138288000000000011e+01,2.014706999999999956e-02,2.612568999999999942e+05
4.925500000000000000e+03,9.140284999999998661e+01,2.009346000000000049e-02,2.623206333333333023e+05
4.935500000000000000e+03,9.138427000000001499e+01,2.014524999999999649e-02,2.633866333333333023e+05
4.945500000000000000e+03,9.137855999999999312e+01,2.005384999999999807e-02,2.644549333333332906e+05
4.955500000000000000e+03,9.139142999999999972e+01,1.999644000000000074e-02,2.655254666666666744e+05
4.965500000000000000e+03,9.133285999999999660e+01,2.002737000000000267e-02,2.665981000000000349e+05
4.975500000000000000e+03,9.139142999999998551e+01,2.002241999999999911e-02,2.676728666666666977e+05
4.985500000000000000e+03,9.137569000000000585e+01,1.999217999999999829e-02,2.687495999999999767e+05
4.995500000000000000e+03,9.137714999999998611e+01,1.995635000000000117e-02,2.698285000000000000e+05
