5.500000000000000000e+00,8.955000000000001137e+01,6.804963000000000761e+01,7.122669433333332634e-02
1.550000000000000000e+01,8.276000000000001933e+01,2.113260000000000360e+01,4.118772666666666860e-01
2.550000000000000000e+01,8.772713000000000250e+01,1.467388000000000048e+01,1.052365666666666755e+00
3.550000000000000000e+01,8.572570999999999231e+01,9.581569000000000003e+00,1.990251333333333594e+00
4.550000000000000000e+01,8.292284999999999684e+01,7.031174000000000035e+00,3.225160666666666565e+00
5.550000000000000000e+01,8.426000000000001933e+01,6.642703000000000024e+00,4.756111333333333135e+00
6.550000000000000000e+01,8.323286000000000229e+01,5.897355000000000125e+00,6.581006666666667115e+00
7.550000000000000000e+01,8.137000000000000455e+01,5.165380000000000749e+00,8.699014666666666784e+00
8.550000000000000000e+01,8.264856000000000336e+01,3.886397999999999797e+00,1.111011200000000088e+01
9.550000000000000000e+01,8.258570999999999174e+01,3.549629999999999619e+00,1.381508000000000358e+01
1.055000000000000000e+02,8.528713000000001898e+01,2.910070699999999899e+00,1.681715666666666209e+01
1.155000000000000000e+02,8.456428999999999974e+01,2.738528000000000073e+00,2.011184666666666843e+01
1.255000000000000000e+02,8.511285999999998353e+01,2.568824999999999914e+00,2.369942333333333551e+01
1.355000000000000000e+02,8.597571000000000652e+01,3.173734999999999751e+00,2.758419999999999916e+01
1.455000000000000000e+02,8.630572000000000799e+01,2.193697000000000230e+00,3.176320999999999728e+01
1.555000000000000000e+02,8.785285000000001787e+01,2.132291999999999632e+00,3.623738333333333372e+01
1.655000000000000000e+02,8.787856999999999630e+01,2.156235000000000124e+00,4.100573333333333892e+01
1.755000000000000000e+02,8.623429999999999040e+01,2.615266999999999786e+00,4.606560999999999950e+01
1.855000000000000000e+02,8.749715000000000487e+01,2.699603999999999893e+00,5.141729999999999734e+01
1.955000000000000000e+02,8.753713999999999373e+01,1.826306599999999891e+00,5.706027666666666676e+01
2.055000000000000000e+02,8.738142999999999461e+01,1.756487399999999921e+00,6.299531999999999243e+01
2.155000000000000000e+02,8.789142000000001076e+01,2.180258999999999947e+00,6.922247333333334041e+01
2.255000000000000000e+02,8.789857000000002074e+01,1.894042800000000026e+00,7.574205333333333101e+01
2.355000000000000000e+02,8.910285000000000366e+01,1.724003000000000174e+00,8.255450666666665427e+01
2.455000000000000000e+02,8.947713999999999146e+01,1.887408999999999892e+00,8.965912666666666553e+01
2.555000000000000000e+02,8.877572999999999581e+01,1.562715800000000099e+00,9.705748333333333733e+01
2.655000000000000000e+02,8.978426999999999225e+01,1.536923800000000062e+00,1.047480999999999938e+02
2.755000000000000000e+02,8.967714000000000851e+01,1.442552599999999963e+00,1.127320666666666682e+02
2.855000000000000000e+02,8.975287000000000148e+01,1.434913900000000186e+00,1.210084333333333291e+02
2.955000000000000000e+02,8.969285999999999603e+01,1.209297800000000089e+00,1.295759999999999934e+02
3.055000000000000000e+02,8.978857999999999606e+01,1.269364400000000170e+00,1.384383666666666670e+02
3.155000000000000000e+02,9.025858999999999810e+01,1.080218799999999924e+00,1.475948333333333267e+02
3.255000000000000000e+02,9.089287999999999101e+01,9.762920999999999960e-01,1.570426333333333275e+02
3.355000000000000000e+02,9.034000000000000341e+01,1.123374800000000118e+00,1.667827000000000055e+02
3.455000000000000000e+02,9.128571999999999775e+01,1.364342799999999967e+00,1.768188333333333162e+02
3.555000000000000000e+02,9.161142999999999859e+01,8.950443000000000149e-01,1.871508000000000038e+02
3.655000000000000000e+02,9.128572999999998672e+01,9.647508999999999668e-01,1.977774333333333630e+02
3.755000000000000000e+02,9.095570000000000732e+01,9.799454000000000775e-01,2.086974666666666849e+02
3.855000000000000000e+02,9.190856999999999744e+01,9.937096000000000817e-01,2.199119333333333088e+02
3.955000000000000000e+02,9.203713999999999373e+01,9.846147000000000649e-01,2.314194666666666649e+02
4.055000000000000000e+02,9.210428999999999178e+01,1.184734500000000024e+00,2.432191333333333318e+02
4.155000000000000000e+02,9.202713000000001387e+01,1.110270700000000055e+00,2.553122333333333813e+02
4.255000000000000000e+02,9.193143000000000598e+01,8.105605000000000171e-01,2.676985000000000241e+02
4.355000000000000000e+02,9.257286000000000570e+01,1.114209299999999958e+00,2.803768000000000029e+02
4.455000000000000000e+02,9.126714999999998668e+01,1.002512700000000034e+00,2.933496333333333723e+02
4.555000000000000000e+02,9.246858999999999185e+01,1.163769199999999948e+00,3.066167333333333431e+02
4.655000000000000000e+02,9.101142000000001531e+01,8.612678999999999752e-01,3.201783999999999537e+02
4.755000000000000000e+02,9.171571000000001561e+01,1.110352000000000228e+00,3.340350999999999999e+02
4.855000000000000000e+02,9.195286999999999011e+01,1.095100899999999822e+00,3.481907333333333554e+02
4.955000000000000000e+02,9.145571999999998525e+01,1.034106299999999923e+00,3.626432333333333418e+02
5.055000000000000000e+02,9.250711000000001150e+01,1.069893299999999936e+00,3.773899666666667372e+02
5.155000000000000000e+02,9.156286000000000058e+01,1.120507299999999873e+00,3.924324333333333357e+02
5.255000000000000000e+02,9.072856999999999061e+01,8.783141000000000975e-01,4.077694000000000187e+02
5.355000000000000000e+02,9.086857000000000539e+01,1.065506900000000146e+00,4.234008666666666727e+02
5.455000000000000000e+02,9.184429000000000087e+01,8.492418000000000466e-01,4.393263666666666722e+02
5.555000000000000000e+02,9.179429000000001793e+01,7.121483000000000674e-01,4.555460999999999103e+02
5.655000000000000000e+02,9.171715000000000373e+01,9.312096999999998070e-01,4.720604666666666276e+02
5.755000000000000000e+02,9.180570000000001585e+01,8.551349000000000311e-01,4.888704999999999927e+02
5.855000000000000000e+02,9.201284999999998604e+01,6.561563000000000256e-01,5.059758333333332985e+02
5.955000000000000000e+02,9.192285000000001105e+01,8.186440999999999857e-01,5.233738666666666859e+02
6.055000000000000000e+02,9.095286999999999011e+01,9.306931999999999983e-01,5.410669000000000324e+02
6.155000000000000000e+02,9.134427000000000874e+01,6.164957999999999272e-01,5.590555333333331873e+02
6.255000000000000000e+02,9.256286999999998955e+01,6.949074000000000639e-01,5.773388666666667177e+02
6.355000000000000000e+02,9.224001000000001227e+01,9.126862000000001141e-01,5.959161999999998898e+02
6.455000000000000000e+02,9.202714000000000283e+01,7.274101999999998958e-01,6.147878333333334240e+02
6.555000000000000000e+02,9.190858000000000061e+01,7.845858000000001109e-01,6.339539999999999509e+02
6.655000000000000000e+02,9.208429000000000997e+01,6.965194999999999581e-01,6.534152666666666391e+02
6.755000000000000000e+02,9.249571000000000254e+01,9.724316999999998989e-01,6.731717333333333499e+02
6.855000000000000000e+02,9.259857999999999834e+01,6.928250000000000242e-01,6.932238333333333458e+02
6.955000000000000000e+02,9.241285999999999490e+01,6.941388999999998921e-01,7.135709999999999127e+02
7.055000000000000000e+02,9.221999999999999886e+01,7.326783999999999519e-01,7.342121999999999389e+02
7.155000000000000000e+02,9.193428000000000111e+01,5.558771000000000129e-01,7.551476666666666233e+02
7.255000000000000000e+02,9.236142000000000962e+01,6.496851000000000154e-01,7.763789666666667699e+02
7.355000000000000000e+02,9.214857000000000653e+01,5.032710999999999713e-01,7.979053333333333740e+02
7.455000000000000000e+02,9.211715000000000941e+01,6.700848000000000360e-01,8.197341333333331477e+02
7.555000000000000000e+02,9.223715999999998871e+01,6.323914999999999953e-01,8.418760333333333392e+02
7.655000000000000000e+02,9.248858999999998787e+01,7.014286999999999050e-01,8.643158666666665795e+02
7.755000000000000000e+02,9.252284999999999116e+01,6.717971000000000359e-01,8.870504666666668072e+02
7.855000000000000000e+02,9.271286000000000627e+01,7.871991000000000405e-01,9.100791333333332886e+02
7.955000000000000000e+02,9.254000999999998101e+01,6.993209000000000231e-01,9.334033333333333076e+02
8.055000000000000000e+02,9.271855999999999653e+01,6.619078000000000461e-01,9.570234333333334007e+02
8.155000000000000000e+02,9.258858000000000743e+01,6.174144999999999772e-01,9.809382666666666637e+02
8.255000000000000000e+02,9.302428999999999348e+01,6.284815000000000262e-01,1.005147733333333463e+03
8.355000000000000000e+02,9.257142000000000337e+01,6.182236999999999316e-01,1.029655333333333374e+03
8.455000000000000000e+02,9.294711999999999819e+01,8.258436000000000110e-01,1.054455333333333328e+03
8.555000000000000000e+02,9.275571999999999662e+01,7.219210000000000349e-01,1.079551333333333332e+03
8.655000000000000000e+02,9.290572999999999126e+01,6.520879999999998899e-01,1.104941666666666833e+03
8.755000000000000000e+02,9.296429000000000542e+01,5.370810999999999780e-01,1.130628666666666504e+03
8.855000000000000000e+02,9.275142000000001019e+01,5.578993999999999343e-01,1.156610000000000127e+03
8.955000000000000000e+02,9.286571999999999605e+01,4.887672000000000128e-01,1.182887666666666519e+03
9.055000000000000000e+02,9.272713999999999146e+01,5.762736999999999998e-01,1.209460333333333210e+03
9.155000000000000000e+02,9.302285000000000537e+01,7.736114000000000601e-01,1.236326666666666597e+03
9.255000000000000000e+02,9.265430000000000632e+01,5.122782999999999642e-01,1.263488000000000056e+03
9.355000000000000000e+02,9.267286000000000001e+01,5.680446999999999580e-01,1.290947666666666692e+03
9.455000000000000000e+02,9.284429000000000087e+01,5.008032000000001149e-01,1.318730999999999995e+03
9.555000000000000000e+02,9.265428999999998894e+01,4.360789999999999944e-01,1.346849333333333107e+03
9.655000000000000000e+02,9.285286000000000683e+01,5.628894999999999316e-01,1.375298999999999978e+03
9.755000000000000000e+02,9.286429000000001110e+01,6.552966000000000069e-01,1.404046333333333223e+03
9.855000000000000000e+02,9.264429000000001224e+01,6.401721000000000217e-01,1.433091666666666470e+03
9.955000000000000000e+02,9.262856000000000734e+01,5.432644999999999280e-01,1.462429666666666890e+03
1.005500000000000000e+03,9.274000999999999806e+01,6.609747000000000261e-01,1.492066333333333432e+03
1.015500000000000000e+03,9.285143999999999664e+01,6.542985000000001161e-01,1.521995333333333519e+03
1.025500000000000000e+03,9.284143000000000256e+01,5.767483999999999389e-01,1.552219666666666626e+03
1.035500000000000000e+03,9.263141999999997722e+01,6.043834999999999624e-01,1.582741999999999962e+03
1.045500000000000000e+03,9.301000999999999408e+01,5.826550000000000340e-01,1.613560666666666748e+03
1.055500000000000000e+03,9.271857000000001392e+01,6.745290000000000452e-01,1.644675666666666757e+03
1.065500000000000000e+03,9.288572000000000628e+01,6.282997999999999639e-01,1.676087333333333390e+03
1.075500000000000000e+03,9.274285000000000423e+01,6.443933000000000577e-01,1.707794000000000324e+03
1.085500000000000000e+03,9.281856999999999402e+01,5.548364999999999547e-01,1.739798333333333403e+03
1.095500000000000000e+03,9.267714999999999748e+01,6.250902999999998766e-01,1.772097999999999956e+03
1.105500000000000000e+03,9.268858000000000175e+01,5.882215000000000638e-01,1.804693333333333385e+03
1.115500000000000000e+03,9.269286000000001025e+01,6.770515999999999757e-01,1.837583666666666659e+03
1.125500000000000000e+03,9.275856999999999175e+01,5.511994999999999534e-01,1.870769666666666581e+03
1.135500000000000000e+03,9.276715999999998985e+01,7.093450999999999507e-01,1.904251999999999953e+03
1.145500000000000000e+03,9.269713000000000136e+01,6.435876999999999848e-01,1.938029999999999973e+03
1.155500000000000000e+03,9.264143000000001393e+01,5.159306000000001280e-01,1.972105666666666821e+03
1.165500000000000000e+03,9.292285000000001105e+01,5.998747000000000940e-01,2.006476999999999634e+03
1.175500000000000000e+03,9.230141999999999314e+01,5.067760999999999516e-01,2.041143000000000029e+03
1.185500000000000000e+03,9.249430000000000973e+01,4.018319999999999115e-01,2.076103666666666868e+03
1.195500000000000000e+03,9.237000000000000455e+01,7.033112999999999726e-01,2.111358333333333576e+03
1.205500000000000000e+03,9.254999999999999716e+01,6.718101000000000766e-01,2.146914666666667017e+03
1.215500000000000000e+03,9.254857000000001221e+01,6.094150000000000400e-01,2.182769333333333179e+03
1.225500000000000000e+03,9.233283999999999025e+01,4.371823000000000237e-01,2.218919666666667126e+03
1.235500000000000000e+03,9.255285999999998126e+01,5.678213999999999206e-01,2.255363333333333230e+03
1.245500000000000000e+03,9.225572999999998558e+01,5.920123000000000468e-01,2.292105666666666821e+03
1.255500000000000000e+03,9.256283999999999423e+01,5.061938999999999744e-01,2.329143666666666832e+03
1.265500000000000000e+03,9.198284999999999911e+01,5.485395000000000687e-01,2.366480000000000473e+03
1.275500000000000000e+03,9.241855999999998517e+01,6.765240000000000142e-01,2.404109999999999673e+03
1.285500000000000000e+03,9.178713999999999373e+01,5.141261000000000303e-01,2.442037666666666610e+03
1.295500000000000000e+03,9.225715000000000998e+01,5.122021999999999409e-01,2.480260333333333620e+03
1.305500000000000000e+03,9.220428000000001134e+01,5.363892000000001214e-01,2.518779666666666344e+03
1.315500000000000000e+03,9.162570999999999799e+01,4.696622000000000297e-01,2.557595666666666602e+03
1.325500000000000000e+03,9.186429000000001110e+01,5.694852999999999721e-01,2.596705999999999676e+03
1.335500000000000000e+03,9.185570000000001301e+01,5.562318000000000540e-01,2.636113333333333230e+03
1.345500000000000000e+03,9.195000999999999181e+01,6.143105999999999289e-01,2.675815666666666857e+03
1.355500000000000000e+03,9.210856000000001131e+01,5.572581999999999258e-01,2.715812666666666701e+03
1.365500000000000000e+03,9.239284000000000674e+01,5.504118000000000066e-01,2.756106000000000222e+03
1.375500000000000000e+03,9.170286000000001536e+01,5.706455999999999751e-01,2.796694000000000415e+03
1.385500000000000000e+03,9.209713000000000704e+01,5.647634000000000265e-01,2.837580333333333783e+03
1.395500000000000000e+03,9.184143000000000256e+01,4.793515000000000414e-01,2.878761333333332914e+03
1.405500000000000000e+03,9.191141999999999257e+01,4.869212999999999458e-01,2.920237000000000080e+03
1.415500000000000000e+03,9.228571999999999775e+01,5.075015000000000498e-01,2.962011999999999716e+03
1.425500000000000000e+03,9.212713999999999714e+01,4.722075000000000022e-01,3.004082999999999629e+03
1.435500000000000000e+03,9.182143000000000654e+01,5.070934000000000275e-01,3.046447000000000116e+03
1.445500000000000000e+03,9.177856000000001302e+01,5.294111999999999707e-01,3.089109333333333325e+03
1.455500000000000000e+03,9.191143999999999892e+01,5.466586000000001055e-01,3.132067333333333409e+03
1.465500000000000000e+03,9.169143000000001109e+01,3.917645000000000155e-01,3.175320333333333110e+03
1.475500000000000000e+03,9.152286000000000854e+01,5.505154999999999355e-01,3.218870333333333292e+03
1.485500000000000000e+03,9.174143000000000825e+01,4.633113999999999844e-01,3.262714666666666290e+03
1.495500000000000000e+03,9.191000000000001080e+01,4.965435000000000265e-01,3.306856666666666570e+03
1.505500000000000000e+03,9.175572000000001083e+01,4.612478999999999330e-01,3.351294333333332816e+03
1.515500000000000000e+03,9.174141000000001611e+01,4.250041999999999431e-01,3.396025000000000091e+03
1.525500000000000000e+03,9.155857000000000312e+01,4.923983000000000665e-01,3.441054333333332579e+03
1.535500000000000000e+03,9.167429999999998813e+01,4.525836999999999222e-01,3.486379333333332852e+03
1.545500000000000000e+03,9.193141999999998859e+01,4.058298999999999657e-01,3.531999333333333198e+03
1.555500000000000000e+03,9.164858000000000970e+01,4.028490999999999600e-01,3.577916333333333114e+03
1.565500000000000000e+03,9.184285000000001276e+01,4.572817999999999605e-01,3.624126333333332695e+03
1.575500000000000000e+03,9.164001000000000374e+01,4.567835999999999563e-01,3.670633000000000266e+03
1.585500000000000000e+03,9.152714000000000283e+01,4.353372999999999271e-01,3.717438333333333958e+03
1.595500000000000000e+03,9.186287000000000091e+01,4.172137000000000207e-01,3.764538999999999760e+03
1.605500000000000000e+03,9.185856999999998607e+01,3.770303999999999878e-01,3.811935666666666748e+03
1.615500000000000000e+03,9.221142000000000394e+01,4.250397000000000203e-01,3.859627666666667210e+03
1.625500000000000000e+03,9.190570999999999913e+01,3.751519999999999855e-01,3.907615666666667039e+03
1.635500000000000000e+03,9.177857000000000198e+01,3.670093499999999564e-01,3.955900000000000091e+03
1.645500000000000000e+03,9.208142999999999745e+01,4.223997999999999919e-01,4.004479999999999563e+03
1.655500000000000000e+03,9.191000999999999976e+01,4.645807999999999605e-01,4.053355666666667275e+03
1.665500000000000000e+03,9.175856999999999175e+01,3.471431999999999851e-01,4.102526333333333241e+03
1.675500000000000000e+03,9.197571999999999548e+01,4.269646999999999748e-01,4.151993000000000393e+03
1.685500000000000000e+03,9.171714000000000055e+01,3.400117999999999752e-01,4.201755666666666912e+03
1.695500000000000000e+03,9.220286000000000115e+01,4.081805000000000017e-01,4.251815333333333911e+03
1.705500000000000000e+03,9.205571000000000481e+01,4.195785000000000764e-01,4.302172000000000480e+03
1.715500000000000000e+03,9.184857999999999834e+01,3.461400000000000032e-01,4.352823333333332812e+03
1.725500000000000000e+03,9.181714999999999804e+01,3.391403000000000056e-01,4.403770666666666330e+03
1.735500000000000000e+03,9.166143999999999892e+01,4.239445000000000019e-01,4.455014333333334434e+03
1.745500000000000000e+03,9.177286000000000854e+01,3.751079999999999970e-01,4.506554666666666890e+03
1.755500000000000000e+03,9.206571999999999889e+01,3.650760000000000116e-01,4.558391666666667334e+03
1.765500000000000000e+03,9.193143000000000598e+01,3.658235000000000237e-01,4.610523666666666031e+03
1.775500000000000000e+03,9.158144000000001483e+01,3.689974000000000309e-01,4.662950666666666621e+03
1.785500000000000000e+03,9.170713000000000648e+01,3.036145000000000094e-01,4.715677666666666482e+03
1.795500000000000000e+03,9.176712999999999454e+01,2.695202999999999904e-01,4.768698999999998705e+03
1.805500000000000000e+03,9.196142000000000394e+01,3.723863000000000034e-01,4.822017666666665718e+03
1.815500000000000000e+03,9.210858000000000345e+01,3.636491999999999503e-01,4.875630666666666002e+03
1.825500000000000000e+03,9.206998000000001525e+01,3.584732000000000474e-01,4.929540999999999258e+03
1.835500000000000000e+03,9.195429000000001452e+01,3.408936999999999662e-01,4.983748333333332994e+03
1.845500000000000000e+03,9.204000000000000625e+01,3.307630000000000292e-01,5.038250666666666802e+03
1.855500000000000000e+03,9.176287000000000660e+01,3.908760000000000012e-01,5.093049333333333379e+03
1.865500000000000000e+03,9.190142999999999063e+01,3.459792000000000423e-01,5.148144333333331815e+03
1.875500000000000000e+03,9.165572000000000230e+01,3.621524999999999883e-01,5.203534666666667363e+03
1.885500000000000000e+03,9.196713000000001159e+01,3.418463999999999947e-01,5.259221333333332950e+03
1.895500000000000000e+03,9.177572000000000685e+01,3.209592000000000001e-01,5.315203333333333831e+03
1.905500000000000000e+03,9.197856999999999061e+01,3.190311000000000119e-01,5.371481666666666570e+03
1.915500000000000000e+03,9.175856999999999175e+01,3.223290000000000322e-01,5.428056666666666388e+03
1.925500000000000000e+03,9.186571999999999605e+01,3.851366999999999985e-01,5.484927999999999884e+03
1.935500000000000000e+03,9.181427000000000760e+01,3.093044999999999822e-01,5.542095666666666148e+03
1.945500000000000000e+03,9.167859000000001402e+01,3.333760000000000057e-01,5.599559333333332688e+03
1.955500000000000000e+03,9.153571999999999775e+01,2.800133000000000205e-01,5.657317000000000917e+03
1.965500000000000000e+03,9.204712999999999568e+01,3.597811000000000203e-01,5.715373000000000502e+03
1.975500000000000000e+03,9.161001000000000261e+01,3.302264000000000310e-01,5.773725000000000364e+03
1.985500000000000000e+03,9.173430000000000462e+01,3.253841000000000094e-01,5.832373000000000502e+03
1.995500000000000000e+03,9.157713999999999999e+01,2.985529999999999573e-01,5.891316000000000713e+03
2.005500000000000000e+03,9.155142000000000735e+01,3.122133999999999743e-01,5.950554666666666890e+03
2.015500000000000000e+03,9.123999999999999488e+01,3.156605000000000105e-01,6.010088666666666541e+03
2.025500000000000000e+03,9.180714999999999293e+01,3.088031999999999444e-01,6.069934000000000196e+03
2.035500000000000000e+03,9.131000000000000227e+01,3.016481999999999775e-01,6.130093666666666650e+03
2.045500000000000000e+03,9.174715999999999383e+01,3.600836000000000037e-01,6.190559333333332688e+03
2.055500000000000000e+03,9.152428000000000452e+01,3.174478000000000022e-01,6.251336333333332732e+03
2.065500000000000000e+03,9.155713000000000079e+01,3.517515999999999421e-01,6.312443666666667013e+03
2.075500000000000000e+03,9.112572000000000116e+01,2.709958000000000089e-01,6.373885666666666111e+03
2.085500000000000000e+03,9.169712999999998715e+01,3.293951000000000517e-01,6.435669333333333270e+03
2.095500000000000000e+03,9.151001000000000829e+01,3.388912000000000035e-01,6.497799333333333379e+03
2.105500000000000000e+03,9.135428999999999178e+01,3.006639000000000395e-01,6.560276000000000749e+03
2.115500000000000000e+03,9.130285000000000650e+01,3.502014999999999989e-01,6.623100000000000364e+03
2.125500000000000000e+03,9.142856000000000449e+01,3.490644999999999998e-01,6.686269999999999527e+03
2.135500000000000000e+03,9.133142999999999745e+01,2.971818000000000515e-01,6.749785666666667566e+03
2.145500000000000000e+03,9.119715000000000771e+01,3.094299999999999828e-01,6.813641333333333023e+03
2.155500000000000000e+03,9.124572000000000571e+01,3.321393999999999735e-01,6.877814999999999600e+03
2.165500000000000000e+03,9.117857000000000767e+01,3.218396000000000035e-01,6.942293999999998960e+03
2.175500000000000000e+03,9.144142999999999688e+01,2.839609999999999634e-01,7.007094000000000051e+03
2.185500000000000000e+03,9.125000000000000000e+01,3.468708999999999820e-01,7.072232000000000880e+03
2.195500000000000000e+03,9.135857000000000028e+01,3.483199000000000156e-01,7.137684999999999491e+03
2.205500000000000000e+03,9.128999999999999204e+01,3.232381000000000282e-01,7.203443333333333612e+03
2.215500000000000000e+03,9.136715000000000941e+01,3.763319999999999999e-01,7.269504666666665798e+03
2.225500000000000000e+03,9.126286000000000342e+01,3.005001999999999951e-01,7.335872000000000298e+03
2.235500000000000000e+03,9.120000000000000284e+01,2.537228000000000261e-01,7.402541333333332659e+03
2.245500000000000000e+03,9.117286000000000001e+01,3.305034000000000027e-01,7.469522999999999229e+03
2.255500000000000000e+03,9.106998000000001525e+01,3.257385999999999893e-01,7.536839999999999236e+03
2.265500000000000000e+03,9.124998999999999683e+01,3.309898999999999480e-01,7.604504333333332397e+03
2.275500000000000000e+03,9.113142999999999461e+01,3.030785999999999758e-01,7.672513666666665813e+03
2.285500000000000000e+03,9.111572999999998501e+01,2.920718000000000480e-01,7.740871333333333496e+03
2.295500000000000000e+03,9.107286999999999466e+01,3.555955999999999562e-01,7.809568333333333612e+03
2.305500000000000000e+03,9.126570999999999856e+01,3.111423999999999856e-01,7.878610333333333074e+03
2.315500000000000000e+03,9.126999999999999602e+01,3.156090000000000284e-01,7.947971333333332041e+03
2.325500000000000000e+03,9.108856999999999005e+01,3.424729999999999719e-01,8.017636999999999716e+03
2.335500000000000000e+03,9.107998999999999512e+01,3.430096999999999730e-01,8.087606999999999061e+03
2.345500000000000000e+03,9.102286000000000854e+01,3.393922000000000327e-01,8.157874666666665689e+03
2.355500000000000000e+03,9.098999000000000592e+01,3.106276000000000592e-01,8.228452333333334536e+03
2.365500000000000000e+03,9.092000000000000171e+01,3.967671000000000392e-01,8.299333333333333940e+03
2.375500000000000000e+03,9.097999000000001502e+01,3.472816000000000236e-01,8.370517666666666628e+03
2.385500000000000000e+03,9.097571999999999548e+01,3.265046999999999811e-01,8.442003000000000611e+03
2.395500000000000000e+03,9.104856999999999800e+01,2.982749999999999568e-01,8.513792333333332863e+03
2.405500000000000000e+03,9.084000000000000341e+01,3.124668000000000445e-01,8.585913666666665449e+03
2.415500000000000000e+03,9.095714999999999861e+01,2.961132999999999682e-01,8.658376666666667006e+03
2.425500000000000000e+03,9.086571999999999605e+01,3.405825000000000657e-01,8.731188000000000102e+03
2.435500000000000000e+03,9.109857999999999834e+01,3.248027000000000553e-01,8.804345666666667967e+03
2.445500000000000000e+03,9.088716000000000861e+01,3.337636000000000491e-01,8.877846999999999753e+03
2.455500000000000000e+03,9.099570999999998833e+01,3.213623999999999925e-01,8.951658999999999651e+03
2.465500000000000000e+03,9.072571000000000652e+01,3.435095000000000232e-01,9.025775333333333037e+03
2.475500000000000000e+03,9.101142000000000110e+01,2.973296999999999746e-01,9.100188000000000102e+03
2.485500000000000000e+03,9.084856000000000620e+01,3.059004000000000167e-01,9.174894000000000233e+03
2.495500000000000000e+03,9.113428999999999292e+01,3.119930000000000203e-01,9.249897333333332426e+03
2.505500000000000000e+03,9.131857999999999720e+01,3.594138000000000055e-01,9.325195666666668330e+03
2.515500000000000000e+03,9.111856000000001643e+01,3.357939000000000340e-01,9.400790333333334274e+03
2.525500000000000000e+03,9.092999999999999261e+01,3.025546000000000069e-01,9.476679333333333489e+03
2.535500000000000000e+03,9.102286000000000854e+01,3.522289000000000669e-01,9.552866333333333387e+03
2.545500000000000000e+03,9.077000999999999920e+01,2.919359000000000259e-01,9.629346999999999753e+03
2.555500000000000000e+03,9.065428999999998894e+01,3.446726999999999430e-01,9.706124666666666599e+03
2.565500000000000000e+03,9.074999999999998579e+01,3.159060000000000201e-01,9.783197666666665100e+03
2.575500000000000000e+03,9.089999000000000251e+01,3.101958999999999689e-01,9.860568666666667923e+03
2.585500000000000000e+03,9.104285999999999035e+01,3.376521000000000106e-01,9.938233333333333576e+03
2.595500000000000000e+03,9.058858999999998218e+01,3.315150000000000596e-01,1.001619666666666672e+04
2.605500000000000000e+03,9.112144999999999584e+01,3.193339000000000039e-01,1.009445999999999731e+04
2.615500000000000000e+03,9.097287000000000035e+01,3.272605000000000652e-01,1.017301666666666642e+04
2.625500000000000000e+03,9.068285000000000196e+01,3.562673000000000090e-01,1.025186999999999898e+04
2.635500000000000000e+03,9.081570999999999572e+01,3.136656999999999917e-01,1.033100999999999840e+04
2.645500000000000000e+03,9.080713000000000079e+01,2.912949999999999706e-01,1.041045666666666693e+04
2.655500000000000000e+03,9.072427999999999315e+01,3.234476000000000018e-01,1.049019000000000051e+04
2.665500000000000000e+03,9.077428999999997927e+01,3.225281000000000398e-01,1.057022666666666737e+04
2.675500000000000000e+03,9.075142999999999915e+01,3.097500000000000253e-01,1.065056999999999971e+04
2.685500000000000000e+03,9.087572000000000116e+01,2.937169000000000030e-01,1.073120333333333474e+04
2.695500000000000000e+03,9.066285999999999490e+01,3.180733999999999506e-01,1.081212000000000080e+04
2.705500000000000000e+03,9.091570999999999003e+01,3.172858999999999541e-01,1.089335333333333438e+04
2.715500000000000000e+03,9.096000000000000796e+01,3.215781999999999807e-01,1.097486999999999898e+04
2.725500000000000000e+03,9.079570999999999970e+01,3.173039000000000276e-01,1.105668666666666650e+04
2.735500000000000000e+03,9.086856000000000222e+01,3.118727000000000027e-01,1.113880666666666730e+04
2.745500000000000000e+03,9.065999999999999659e+01,2.945740000000000025e-01,1.122121333333333314e+04
2.755500000000000000e+03,9.037857999999998526e+01,2.908296000000000214e-01,1.130390666666666584e+04
2.765500000000000000e+03,9.082287000000000887e+01,3.329667000000000043e-01,1.138690666666666584e+04
2.775500000000000000e+03,9.065856999999999744e+01,2.884878999999999638e-01,1.147020999999999913e+04
2.785500000000000000e+03,9.061854999999999905e+01,2.833141999999999605e-01,1.155380333333333328e+04
2.795500000000000000e+03,9.075145000000000550e+01,2.881329999999999170e-01,1.163768666666666650e+04
2.805500000000000000e+03,9.073713999999998236e+01,2.701558999999999489e-01,1.172188333333333321e+04
2.815500000000000000e+03,9.050283000000000300e+01,2.779305999999999721e-01,1.180636666666666861e+04
2.825500000000000000e+03,9.070143999999999096e+01,3.003825999999999996e-01,1.189114000000000124e+04
2.835500000000000000e+03,9.071714000000000055e+01,2.329657999999999729e-01,1.197621333333333314e+04
2.845500000000000000e+03,9.064285999999999888e+01,2.560398999999999869e-01,1.206158666666666613e+04
2.855500000000000000e+03,9.081713999999999487e+01,2.668169999999999709e-01,1.214724666666666781e+04
2.865500000000000000e+03,9.087142000000000053e+01,2.749896000000000007e-01,1.223321333333333314e+04
2.875500000000000000e+03,9.067429000000001338e+01,2.741931000000000229e-01,1.231946666666666897e+04
2.885500000000000000e+03,9.069284999999999286e+01,2.901481999999999672e-01,1.240601666666666824e+04
2.895500000000000000e+03,9.068856999999999857e+01,2.913550999999999780e-01,1.249288000000000102e+04
2.905500000000000000e+03,9.116570000000001528e+01,2.879398999999999709e-01,1.258002333333333445e+04
2.915500000000000000e+03,9.069283000000000072e+01,2.818467999999999529e-01,1.266746666666666533e+04
2.925500000000000000e+03,9.084999000000001956e+01,2.931496999999999575e-01,1.275519999999999891e+04
2.935500000000000000e+03,9.084286999999999068e+01,2.555971999999999689e-01,1.284324666666666781e+04
2.945500000000000000e+03,9.080285999999998126e+01,2.591854000000000102e-01,1.293157666666666591e+04
2.955500000000000000e+03,9.087857999999999947e+01,2.653716999999999882e-01,1.302019666666666672e+04
2.965500000000000000e+03,9.100856000000001700e+01,2.746353000000000266e-01,1.310912333333333299e+04
2.975500000000000000e+03,9.082572000000000401e+01,2.204780999999999547e-01,1.319835333333333256e+04
2.985500000000000000e+03,9.081998999999999000e+01,2.336771999999999738e-01,1.328787999999999920e+04
2.995500000000000000e+03,9.113428999999999292e+01,2.661549000000000276e-01,1.337768999999999869e+04
3.005500000000000000e+03,9.073001000000000715e+01,2.684928999999999788e-01,1.346779999999999927e+04
3.015500000000000000e+03,9.076572000000001594e+01,2.517957999999999585e-01,1.355821666666666533e+04
3.025500000000000000e+03,9.087283999999999651e+01,2.491232000000000169e-01,1.364891999999999825e+04
3.035500000000000000e+03,9.112998999999999228e+01,2.602708999999999717e-01,1.373991666666666606e+04
3.045500000000000000e+03,9.093856999999999857e+01,2.342067700000000363e-01,1.383121333333333314e+04
3.055500000000000000e+03,9.119144000000000005e+01,2.397371999999999836e-01,1.392280666666666548e+04
3.065500000000000000e+03,9.093428000000000111e+01,2.416064999999999741e-01,1.401470000000000073e+04
3.075500000000000000e+03,9.116714999999999236e+01,2.525678000000000090e-01,1.410688333333333139e+04
3.085500000000000000e+03,9.098429000000001565e+01,2.486307000000000100e-01,1.419936000000000058e+04
3.095500000000000000e+03,9.097429000000001054e+01,2.321855999999999365e-01,1.429215333333333183e+04
3.105500000000000000e+03,9.099997999999999365e+01,2.182900999999999869e-01,1.438521000000000095e+04
3.115500000000000000e+03,9.100142999999999915e+01,2.535637000000000030e-01,1.447859000000000015e+04
3.125500000000000000e+03,9.104141999999998802e+01,2.045109999999999706e-01,1.457225000000000000e+04
3.135500000000000000e+03,9.091428000000000509e+01,2.347837000000000118e-01,1.466621666666666897e+04
3.145500000000000000e+03,9.103999999999999204e+01,2.609683999999999893e-01,1.476048000000000138e+04
3.155500000000000000e+03,9.106284000000000844e+01,2.221468199999999948e-01,1.485503333333333103e+04
3.165500000000000000e+03,9.106287000000000376e+01,2.338257999999999726e-01,1.494987999999999920e+04
3.175500000000000000e+03,9.106573000000000206e+01,2.354755000000000043e-01,1.504503333333333103e+04
3.185500000000000000e+03,9.096855999999999653e+01,2.227340999999999627e-01,1.514047333333333336e+04
3.195500000000000000e+03,9.094858000000000686e+01,1.872920700000000049e-01,1.523621999999999753e+04
3.205500000000000000e+03,9.078285999999999945e+01,2.270910999999999902e-01,1.533225000000000000e+04
3.215500000000000000e+03,9.078285999999999945e+01,2.137341999999999853e-01,1.542859000000000196e+04
3.225500000000000000e+03,9.111283999999999139e+01,2.347127999999999715e-01,1.552522666666666555e+04
3.235500000000000000e+03,9.078144000000000347e+01,2.223380999999999830e-01,1.562213666666666722e+04
3.245500000000000000e+03,9.111713000000000306e+01,1.795346900000000245e-01,1.571935333333333256e+04
3.255500000000000000e+03,9.118428000000001532e+01,2.039193599999999940e-01,1.581686666666666861e+04
3.265500000000000000e+03,9.099284000000000106e+01,1.943102999999999914e-01,1.591467333333333409e+04
3.275500000000000000e+03,9.109427999999999770e+01,1.740863900000000075e-01,1.601277999999999884e+04
3.285500000000000000e+03,9.121858000000000288e+01,1.870614099999999835e-01,1.611118666666666650e+04
3.295500000000000000e+03,9.096715000000000373e+01,2.132050500000000071e-01,1.620988333333333503e+04
3.305500000000000000e+03,9.100572999999999979e+01,2.238516999999999868e-01,1.630887333333333299e+04
3.315500000000000000e+03,9.102428999999999348e+01,1.913550100000000198e-01,1.640817000000000189e+04
3.325500000000000000e+03,9.117001999999999384e+01,2.039428000000000074e-01,1.650775999999999840e+04
3.335500000000000000e+03,9.087427999999999884e+01,1.864399999999999946e-01,1.660764666666666744e+04
3.345500000000000000e+03,9.100428000000000850e+01,1.541910599999999909e-01,1.670781999999999971e+04
3.355500000000000000e+03,9.116142999999999574e+01,1.640608699999999975e-01,1.680829333333333489e+04
3.365500000000000000e+03,9.116713000000001443e+01,1.652143199999999701e-01,1.690906000000000131e+04
3.375500000000000000e+03,9.108428000000000679e+01,1.859888000000000097e-01,1.701013000000000102e+04
3.385500000000000000e+03,9.110999000000001047e+01,1.993857000000000268e-01,1.711149999999999636e+04
3.395500000000000000e+03,9.089286999999998784e+01,1.626951700000000001e-01,1.721315666666666584e+04
3.405500000000000000e+03,9.107572000000000401e+01,1.844565899999999758e-01,1.731512000000000262e+04
3.415500000000000000e+03,9.080570000000000164e+01,1.620243000000000100e-01,1.741737666666666701e+04
3.425500000000000000e+03,9.098714999999999975e+01,1.480944099999999819e-01,1.751992333333333227e+04
3.435500000000000000e+03,9.098000000000000398e+01,1.894456000000000195e-01,1.762277000000000044e+04
3.445500000000000000e+03,9.093715000000000259e+01,1.745068000000000175e-01,1.772590666666666584e+04
3.455500000000000000e+03,9.094570000000000221e+01,1.625882300000000003e-01,1.782934999999999854e+04
3.465500000000000000e+03,9.096142000000000394e+01,1.749219000000000190e-01,1.793308333333333576e+04
3.475500000000000000e+03,9.115713999999999828e+01,1.531136700000000073e-01,1.803711333333333096e+04
3.485500000000000000e+03,9.094428999999999519e+01,1.674377699999999858e-01,1.814144000000000233e+04
3.495500000000000000e+03,9.080716000000001031e+01,1.757772000000000223e-01,1.824606333333333168e+04
3.505500000000000000e+03,9.098283999999998173e+01,1.467349299999999857e-01,1.835098999999999796e+04
3.515500000000000000e+03,9.084999000000000535e+01,1.738833000000000184e-01,1.845619333333333634e+04
3.525500000000000000e+03,9.060857000000001449e+01,1.485559599999999869e-01,1.856170999999999913e+04
3.535500000000000000e+03,9.098857999999999890e+01,1.578582000000000041e-01,1.866750666666666439e+04
3.545500000000000000e+03,9.087143999999999266e+01,1.568009999999999959e-01,1.877362333333333663e+04
3.555500000000000000e+03,9.074857000000000085e+01,1.677939599999999642e-01,1.888002333333333445e+04
3.565500000000000000e+03,9.077285999999999433e+01,1.597506000000000204e-01,1.898672333333333518e+04
3.575500000000000000e+03,9.090140999999999849e+01,1.492839099999999919e-01,1.909371666666666715e+04
3.585500000000000000e+03,9.105858000000000629e+01,1.619344000000000061e-01,1.920100333333333401e+04
3.595500000000000000e+03,9.095427999999999713e+01,1.335500800000000154e-01,1.930857666666666773e+04
3.605500000000000000e+03,9.082429999999999382e+01,1.576956999999999942e-01,1.941646666666666715e+04
3.615500000000000000e+03,9.092856000000001870e+01,1.435486200000000157e-01,1.952463333333333139e+04
3.625500000000000000e+03,9.084570999999999685e+01,1.420008199999999998e-01,1.963310666666666657e+04
3.635500000000000000e+03,9.089284999999999570e+01,1.234346300000000174e-01,1.974186999999999898e+04
3.645500000000000000e+03,9.087286999999999182e+01,1.474408999999999859e-01,1.985093666666666468e+04
3.655500000000000000e+03,9.099285999999999319e+01,1.451297000000000004e-01,1.996030666666666366e+04
3.665500000000000000e+03,9.118573000000000661e+01,1.358952900000000019e-01,2.006996666666666351e+04
3.675500000000000000e+03,9.079573000000000604e+01,1.209770099999999821e-01,2.017992666666666992e+04
3.685500000000000000e+03,9.080143999999998528e+01,1.395333700000000177e-01,2.029017333333333227e+04
3.695500000000000000e+03,9.065285999999998978e+01,1.416095999999999744e-01,2.040072333333333518e+04
3.705500000000000000e+03,9.083857999999999322e+01,1.360367499999999841e-01,2.051157333333333008e+04
3.715500000000000000e+03,9.063571999999999207e+01,1.160068399999999861e-01,2.062269999999999709e+04
3.725500000000000000e+03,9.074571000000000254e+01,1.251276600000000017e-01,2.073414333333333343e+04
3.735500000000000000e+03,9.064430000000001542e+01,1.252000000000000057e-01,2.084587999999999738e+04
3.745500000000000000e+03,9.067573000000001571e+01,1.412611599999999967e-01,2.095790000000000146e+04
3.755500000000000000e+03,9.071714000000000055e+01,1.325555299999999770e-01,2.107023333333333358e+04
3.765500000000000000e+03,9.068142000000001701e+01,1.212818099999999760e-01,2.118284999999999854e+04
3.775500000000000000e+03,9.111285999999999774e+01,1.135829900000000087e-01,2.129577000000000044e+04
3.785500000000000000e+03,9.053856999999999289e+01,1.093145000000000089e-01,2.140898666666666759e+04
3.795500000000000000e+03,9.093143000000000598e+01,1.122762699999999975e-01,2.152250333333333037e+04
3.805500000000000000e+03,9.070285999999998694e+01,1.157641199999999981e-01,2.163630666666666730e+04
3.815500000000000000e+03,9.086715000000000941e+01,1.252067900000000122e-01,2.175040000000000146e+04
3.825500000000000000e+03,9.067428000000001020e+01,1.032903200000000049e-01,2.186479999999999927e+04
3.835500000000000000e+03,9.068855999999999540e+01,1.208328999999999931e-01,2.197950000000000000e+04
3.845500000000000000e+03,9.074142000000000507e+01,9.813807999999998866e-02,2.209448666666666759e+04
3.855500000000000000e+03,9.069572999999999752e+01,1.025406700000000004e-01,2.220976666666666642e+04
3.865500000000000000e+03,9.074570999999998833e+01,9.895157000000000258e-02,2.232534333333333416e+04
3.875500000000000000e+03,9.076143999999999323e+01,1.034734900000000152e-01,2.244123333333333721e+04
3.885500000000000000e+03,9.081284999999999741e+01,9.946896999999998989e-02,2.255740999999999985e+04
3.895500000000000000e+03,9.087000000000000455e+01,1.056632300000000246e-01,2.267388000000000102e+04
3.905500000000000000e+03,9.052858000000000516e+01,1.151348500000000108e-01,2.279064333333333343e+04
3.915500000000000000e+03,9.067001000000000488e+01,8.119785999999999671e-02,2.290770666666666511e+04
3.925500000000000000e+03,9.064000000000000057e+01,1.108040099999999945e-01,2.302506666666666933e+04
3.935500000000000000e+03,9.086140000000000327e+01,1.066451699999999975e-01,2.314271333333332950e+04
3.945500000000000000e+03,9.060571000000001618e+01,8.556010999999999478e-02,2.326066666666666424e+04
3.955500000000000000e+03,9.077569000000001154e+01,8.911995000000000333e-02,2.337892000000000553e+04
3.965500000000000000e+03,9.092857000000000767e+01,1.017022900000000146e-01,2.349746333333333314e+04
3.975500000000000000e+03,9.075287000000001569e+01,8.923715000000000119e-02,2.361630000000000291e+04
3.985500000000000000e+03,9.044858000000000686e+01,1.107003500000000029e-01,2.373544999999999709e+04
3.995500000000000000e+03,9.074000999999999806e+01,1.009467700000000051e-01,2.385487666666666701e+04
4.005500000000000000e+03,9.069284999999999286e+01,9.005332000000002002e-02,2.397460999999999694e+04
4.015500000000000000e+03,9.050001000000000317e+01,9.127625000000000322e-02,2.409464000000000306e+04
4.025500000000000000e+03,9.070000000000000284e+01,8.640085999999999600e-02,2.421495666666666511e+04
4.035500000000000000e+03,9.059144000000000574e+01,8.861884000000000428e-02,2.433556666666666933e+04
4.045500000000000000e+03,9.056714000000000908e+01,7.789677999999999880e-02,2.445650333333333401e+04
4.055500000000000000e+03,9.055427999999999145e+01,9.141383000000000147e-02,2.457770666666666875e+04
4.065500000000000000e+03,9.058857000000000426e+01,5.564422000000000118e-02,2.469922000000000116e+04
4.075500000000000000e+03,9.072001000000000204e+01,8.277223999999999693e-02,2.482104000000000087e+04
4.085500000000000000e+03,9.069857000000000369e+01,6.478222000000001535e-02,2.494313999999999942e+04
4.095500000000000000e+03,9.069572000000000855e+01,7.216848000000000707e-02,2.506553666666667050e+04
4.105500000000000000e+03,9.064713999999999317e+01,7.598986000000000629e-02,2.518824000000000160e+04
4.115500000000000000e+03,9.039999000000000251e+01,7.734542999999999280e-02,2.531123333333332994e+04
4.125500000000000000e+03,9.065716000000000463e+01,7.810171999999999948e-02,2.543452333333333809e+04
4.135500000000000000e+03,9.052857999999999095e+01,4.921432000000000584e-02,2.555810333333333256e+04
4.145500000000000000e+03,9.053573000000000093e+01,9.307805999999999025e-02,2.568198666666667123e+04
4.155500000000000000e+03,9.059714000000001022e+01,1.207661899999999955e-01,2.580617000000000553e+04
4.165500000000000000e+03,9.047427000000000419e+01,7.792298000000000280e-02,2.593065333333333183e+04
4.175500000000000000e+03,9.053714000000000794e+01,7.560244000000000686e-02,2.605542333333333227e+04
4.185500000000000000e+03,9.046286999999999523e+01,6.698875000000001356e-02,2.618048333333333721e+04
4.195500000000000000e+03,9.041427999999999088e+01,6.038528999999999425e-02,2.630586333333333096e+04
4.205500000000000000e+03,9.051570999999999856e+01,6.048996999999999014e-02,2.643152999999999884e+04
4.215500000000000000e+03,9.057716000000000633e+01,9.401478000000000612e-02,2.655747666666666555e+04
4.225500000000000000e+03,9.043855999999999540e+01,9.218898999999999844e-02,2.668373666666667123e+04
4.235500000000000000e+03,9.065142999999999063e+01,6.421603000000000727e-02,2.681029666666666890e+04
4.245500000000000000e+03,9.043143000000000598e+01,7.498404999999999654e-02,2.693714666666666744e+04
4.255500000000000000e+03,9.050285999999999831e+01,6.801049000000000677e-02,2.706428666666667050e+04
4.265500000000000000e+03,9.059999000000000535e+01,6.653372999999999926e-02,2.719172666666666555e+04
4.275500000000000000e+03,9.038143000000000882e+01,5.766203999999999080e-02,2.731945666666666511e+04
4.285500000000000000e+03,9.040855999999999426e+01,6.729105999999999976e-02,2.744748333333333721e+04
4.295500000000000000e+03,9.066855999999998517e+01,6.826219000000000037e-02,2.757582333333333372e+04
4.305500000000000000e+03,9.056570000000000675e+01,6.155069999999999986e-02,2.770444000000000233e+04
4.315500000000000000e+03,9.067285000000001105e+01,4.905099000000000264e-02,2.783336666666666861e+04
4.325500000000000000e+03,9.045429000000000030e+01,6.719355000000000466e-02,2.796258666666666977e+04
4.335500000000000000e+03,9.029857999999998697e+01,6.280587000000001363e-02,2.809210999999999694e+04
4.345500000000000000e+03,9.043429000000000428e+01,6.752862000000001141e-02,2.822191333333333023e+04
4.355500000000000000e+03,9.038286999999999694e+01,5.186661999999999523e-02,2.835201666666666279e+04
4.365500000000000000e+03,9.036427999999999372e+01,5.457155000000000339e-02,2.848242333333333227e+04
4.375500000000000000e+03,9.048571000000001163e+01,7.614616999999998526e-02,2.861312666666666701e+04
4.385500000000000000e+03,9.038571999999999207e+01,4.728115000000000095e-02,2.874412666666666701e+04
4.395500000000000000e+03,9.066715000000000657e+01,6.183129999999999876e-02,2.887540666666666584e+04
4.405500000000000000e+03,9.056716000000000122e+01,7.026566999999998842e-02,2.900700666666667166e+04
4.415500000000000000e+03,9.031999999999999318e+01,6.242792000000000480e-02,2.913889999999999418e+04
4.425500000000000000e+03,9.052428999999999348e+01,6.522793000000000341e-02,2.927108333333333576e+04
4.435500000000000000e+03,9.051428999999998837e+01,3.431576000000000071e-02,2.940355333333333328e+04
4.445500000000000000e+03,9.030428000000000566e+01,4.768135999999999902e-02,2.953633666666667705e+04
4.455500000000000000e+03,9.066714999999999236e+01,5.563131000000000326e-02,2.966941666666666788e+04
4.465500000000000000e+03,9.032143999999998130e+01,5.287950999999999763e-02,2.980277999999999884e+04
4.475500000000000000e+03,9.038286999999999694e+01,5.895806999999999437e-02,2.993645000000000073e+04
4.485500000000000000e+03,9.045428000000001134e+01,4.343004000000001003e-02,3.007040666666666948e+04
4.495500000000000000e+03,9.053571999999999775e+01,5.295651999999999304e-02,3.020467333333333227e+04
4.505500000000000000e+03,9.060999999999999943e+01,5.573797000000000473e-02,3.033923333333333721e+04
4.515500000000000000e+03,9.073427999999999827e+01,4.518514999999999338e-02,3.047409000000000378e+04
4.525500000000000000e+03,9.064714999999998213e+01,5.397967000000000043e-02,3.060923666666667123e+04
4.535500000000000000e+03,9.032713000000001102e+01,4.876478000000000063e-02,3.074467333333333227e+04
4.545500000000000000e+03,9.046569999999999823e+01,5.543780999999999709e-02,3.088043000000000029e+04
4.555500000000000000e+03,9.093001000000001000e+01,5.837328000000000655e-02,3.101646666666666715e+04
4.565500000000000000e+03,9.067284999999999684e+01,4.784440999999999000e-02,3.115279999999999927e+04
4.575500000000000000e+03,9.064570000000000505e+01,4.607224999999999515e-02,3.128942000000000189e+04
4.585500000000000000e+03,9.057000000000000739e+01,5.213328999999999880e-02,3.142635333333332528e+04
4.595500000000000000e+03,9.025285999999999831e+01,4.146456999999999921e-02,3.156358333333333576e+04
4.605500000000000000e+03,9.062714000000001136e+01,5.196951000000001042e-02,3.170111666666666133e+04
4.615500000000000000e+03,9.049141999999999086e+01,4.213584000000000079e-02,3.183893666666666832e+04
4.625500000000000000e+03,9.036287000000000091e+01,3.452198999999999546e-02,3.197704666666666890e+04
4.635500000000000000e+03,9.054571000000001391e+01,3.532750999999999253e-02,3.211545666666666511e+04
4.645500000000000000e+03,9.074142000000000507e+01,3.834721000000000657e-02,3.225417000000000189e+04
4.655500000000000000e+03,9.048284999999999911e+01,3.670377999999999835e-02,3.239317333333333227e+04
4.665500000000000000e+03,9.081570999999999572e+01,3.545315000000000272e-02,3.253247666666666555e+04
4.675500000000000000e+03,9.064142000000001076e+01,3.400078999999999602e-02,3.267206999999999971e+04
4.685500000000000000e+03,9.040855999999999426e+01,4.489897999999999112e-02,3.281197333333334245e+04
4.695500000000000000e+03,9.096858999999999185e+01,2.856416999999999984e-02,3.295216999999999825e+04
4.705500000000000000e+03,9.059142999999998835e+01,3.649363000000000606e-02,3.309265666666666220e+04
4.715500000000000000e+03,9.068858000000000175e+01,3.420291999999999777e-02,3.323344000000000233e+04
4.725500000000000000e+03,9.043285000000000196e+01,3.414355999999999641e-02,3.337451999999999680e+04
4.735500000000000000e+03,9.057855000000000700e+01,3.683609999999999662e-02,3.351590666666666220e+04
4.745500000000000000e+03,9.090428999999998894e+01,4.567780999999999925e-02,3.365758666666666250e+04
4.755500000000000000e+03,9.065857000000001165e+01,3.242671999999999916e-02,3.379956666666666570e+04
4.765500000000000000e+03,9.076286000000001764e+01,3.438288999999999235e-02,3.394183666666666977e+04
4.775500000000000000e+03,9.079143999999999437e+01,3.706563000000000219e-02,3.408440666666666948e+04
4.785500000000000000e+03,9.087998999999999228e+01,3.354077999999999921e-02,3.422726666666666279e+04
4.795500000000000000e+03,9.077858000000000516e+01,3.944675999999999738e-02,3.437042333333332499e+04
4.805500000000000000e+03,9.066857000000000255e+01,3.041743000000000224e-02,3.451391666666667152e+04
4.815500000000000000e+03,9.067000999999999067e+01,2.684097000000000219e-02,3.465770333333333110e+04
4.825500000000000000e+03,9.043429000000000428e+01,2.767014000000000279e-02,3.480178333333334012e+04
4.835500000000000000e+03,9.066428000000000509e+01,3.789280999999999899e-02,3.494615999999999622e+04
4.845500000000000000e+03,9.069429999999999836e+01,3.713052000000000713e-02,3.509083333333333576e+04
4.855500000000000000e+03,9.057715000000000316e+01,3.486770999999999621e-02,3.523580666666666366e+04
4.865500000000000000e+03,9.075283999999999196e+01,3.154598000000000818e-02,3.538106333333333168e+04
4.875500000000000000e+03,9.064428999999999803e+01,3.274919999999999221e-02,3.552661666666666861e+04
4.885500000000000000e+03,9.092571000000000936e+01,3.090786999999999701e-02,3.567247666666666919e+04
4.895500000000000000e+03,9.071572000000000457e+01,2.944258000000000638e-02,3.581862666666666337e+04
4.905500000000000000e+03,9.082859000000000549e+01,2.763111999999999860e-02,3.596507333333334100e+04
4.915500000000000000e+03,9.081570999999999572e+01,3.069364999999999941e-02,3.611182666666666773e+04
4.925500000000000000e+03,9.073713999999999658e+01,2.857743000000000436e-02,3.625886999999999534e+04
4.935500000000000000e+03,9.039428000000000907e+01,2.752065000000000067e-02,3.640620999999999185e+04
4.945500000000000000e+03,9.080286999999999864e+01,2.814465999999999843e-02,3.655384666666666453e+04
4.955500000000000000e+03,9.097284999999999400e+01,2.748079999999999273e-02,3.670177333333333081e+04
4.965500000000000000e+03,9.069857000000000369e+01,2.902843999999999910e-02,3.685000000000000728e+04
4.975500000000000000e+03,9.087286000000000286e+01,2.660135000000000277e-02,3.699851666666667006e+04
4.985500000000000000e+03,9.071000000000000796e+01,2.643300999999999984e-02,3.714734000000000378e+04
4.995500000000000000e+03,9.059714999999999918e+01,2.644713000000000272e-02,3.729646000000000640e+04
