5.500000000000000000e+00,8.955000000000001137e+01,6.804963000000000761e+01,8.304686533333333065e-02
1.550000000000000000e+01,8.276000000000001933e+01,2.113260000000000360e+01,4.794153333333334155e-01
2.550000000000000000e+01,8.759856000000000620e+01,1.464935000000000187e+01,1.228700133333333167e+00
3.550000000000000000e+01,8.472857000000000482e+01,9.619466000000000960e+00,2.325410999999999895e+00
4.550000000000000000e+01,8.603713999999999373e+01,7.460388000000000019e+00,3.767986999999999309e+00
5.550000000000000000e+01,8.462856000000000734e+01,6.728423999999999516e+00,5.557067999999999230e+00
6.550000000000000000e+01,8.270714000000000965e+01,6.350104999999999222e+00,7.693818000000000268e+00
7.550000000000000000e+01,8.084286000000000172e+01,5.068986999999999910e+00,1.017502099999999920e+01
8.550000000000000000e+01,8.233858999999999639e+01,4.013618000000000130e+00,1.300482999999999834e+01
9.550000000000000000e+01,8.319571000000000538e+01,3.583172999999999941e+00,1.618096000000000245e+01
1.055000000000000000e+02,8.384855999999999199e+01,2.912515699999999708e+00,1.970777333333333203e+01
1.155000000000000000e+02,8.690716000000000463e+01,2.886787299999999945e+00,2.358158000000000243e+01
1.255000000000000000e+02,8.640430000000000632e+01,3.263649000000000022e+00,2.780252333333333326e+01
1.355000000000000000e+02,8.732998999999999512e+01,3.208321000000000200e+00,3.237101333333333031e+01
1.455000000000000000e+02,8.686857000000000539e+01,2.943416000000000032e+00,3.728078333333333205e+01
1.555000000000000000e+02,8.823143000000001734e+01,2.951162599999999969e+00,4.253473333333333528e+01
1.655000000000000000e+02,8.975714000000000681e+01,2.713840999999999948e+00,4.813159333333333478e+01
1.755000000000000000e+02,8.743143000000000598e+01,2.501733999999999902e+00,5.407247333333333472e+01
1.855000000000000000e+02,8.807857000000001335e+01,2.071269700000000213e+00,6.035667666666667941e+01
1.955000000000000000e+02,8.821000999999998271e+01,2.069817700000000205e+00,6.698407333333332758e+01
2.055000000000000000e+02,8.771142000000000394e+01,2.270553600000000394e+00,7.395152333333334127e+01
2.155000000000000000e+02,8.843858000000000175e+01,1.870833900000000272e+00,8.126474666666666735e+01
2.255000000000000000e+02,8.830141999999999314e+01,2.115070000000000228e+00,8.892127999999999588e+01
2.355000000000000000e+02,8.838715999999998019e+01,2.059244999999999770e+00,9.692377666666666869e+01
2.455000000000000000e+02,9.017140999999999451e+01,1.940447000000000033e+00,1.052697999999999894e+02
2.555000000000000000e+02,8.764858999999999867e+01,1.927734999999999754e+00,1.139633700000000118e+02
2.655000000000000000e+02,8.995429000000000030e+01,1.693111000000000033e+00,1.229987333333333481e+02
2.755000000000000000e+02,9.003428999999998439e+01,1.820384000000000002e+00,1.323792666666666662e+02
2.855000000000000000e+02,9.035714000000000112e+01,1.509799999999999809e+00,1.421007333333333804e+02
2.955000000000000000e+02,9.036571000000000708e+01,1.511155000000000026e+00,1.521643666666666945e+02
3.055000000000000000e+02,9.075571000000000765e+01,1.482480000000000020e+00,1.625739999999999839e+02
3.155000000000000000e+02,9.065571000000001334e+01,1.246961000000000208e+00,1.733313999999999737e+02
3.255000000000000000e+02,9.026572000000000173e+01,1.250379000000000129e+00,1.844336999999999875e+02
3.355000000000000000e+02,9.130143999999998528e+01,1.219387699999999963e+00,1.958782999999999959e+02
3.455000000000000000e+02,9.196998999999999569e+01,1.145676900000000220e+00,2.076683666666666852e+02
3.555000000000000000e+02,9.107999999999999829e+01,9.133744999999999781e-01,2.198027000000000157e+02
3.655000000000000000e+02,9.094285000000000707e+01,8.435659000000000907e-01,2.322829999999999870e+02
3.755000000000000000e+02,9.070286000000000115e+01,1.087029400000000035e+00,2.451063666666666450e+02
3.855000000000000000e+02,9.138714000000000226e+01,1.080779000000000156e+00,2.582726999999999862e+02
3.955000000000000000e+02,9.044429999999999836e+01,8.927861999999999743e-01,2.717784666666666453e+02
4.055000000000000000e+02,9.187856000000000734e+01,1.004694799999999999e+00,2.856270666666666216e+02
4.155000000000000000e+02,9.199712999999999852e+01,8.177229999999999777e-01,2.998172000000000139e+02
4.255000000000000000e+02,9.156426999999999339e+01,7.075168000000000568e-01,3.143512666666666746e+02
4.355000000000000000e+02,9.141000999999999976e+01,8.926319999999998700e-01,3.292313333333333389e+02
4.455000000000000000e+02,9.189572000000001140e+01,9.532116999999999951e-01,3.444559666666665976e+02
4.555000000000000000e+02,9.182429000000000485e+01,7.890386000000001454e-01,3.600245333333333519e+02
4.655000000000000000e+02,9.151712999999999454e+01,8.809964000000001239e-01,3.759361666666666224e+02
4.755000000000000000e+02,9.133570000000000277e+01,1.043167899999999815e+00,3.921965666666666266e+02
4.855000000000000000e+02,9.163856000000001245e+01,8.873004999999999365e-01,4.088075000000000045e+02
4.955000000000000000e+02,9.187142000000001474e+01,9.662290999999999519e-01,4.257678333333333285e+02
5.055000000000000000e+02,9.170713999999999544e+01,7.571822000000000275e-01,4.430756999999999834e+02
5.155000000000000000e+02,9.123570000000000846e+01,5.725770000000000026e-01,4.607296666666666169e+02
5.255000000000000000e+02,9.097571000000000652e+01,6.101870999999999823e-01,4.787272333333333449e+02
5.355000000000000000e+02,9.135858000000000345e+01,7.185774999999999801e-01,4.970724333333334357e+02
5.455000000000000000e+02,9.198999000000000592e+01,8.732561000000000906e-01,5.157635000000000218e+02
5.555000000000000000e+02,9.154141999999998802e+01,1.017683000000000115e+00,5.348014666666665562e+02
5.655000000000000000e+02,9.151286000000000342e+01,6.427441999999999878e-01,5.541867999999999483e+02
5.755000000000000000e+02,9.119857000000000369e+01,6.640339000000000658e-01,5.739204000000000860e+02
5.855000000000000000e+02,9.144001000000000090e+01,5.207070999999999783e-01,5.939987999999999602e+02
5.955000000000000000e+02,9.118428000000000111e+01,8.547135999999999623e-01,6.144213333333334504e+02
6.055000000000000000e+02,9.061570999999999287e+01,7.347985000000000211e-01,6.351917666666665809e+02
6.155000000000000000e+02,9.123143999999999210e+01,6.769849999999999479e-01,6.563103666666667095e+02
6.255000000000000000e+02,9.158714000000000510e+01,8.331224000000000407e-01,6.777740333333333638e+02
6.355000000000000000e+02,9.049857999999998981e+01,7.411219000000000001e-01,6.995807333333333418e+02
6.455000000000000000e+02,9.148287000000000546e+01,8.549453999999998555e-01,7.217333000000000993e+02
6.555000000000000000e+02,9.069714999999999350e+01,9.115914000000000517e-01,7.442323333333332585e+02
6.655000000000000000e+02,9.104713999999998464e+01,6.682735000000000758e-01,7.670799666666666781e+02
6.755000000000000000e+02,9.140142000000000166e+01,7.605649000000000992e-01,7.902752333333334036e+02
6.855000000000000000e+02,9.099712999999999852e+01,7.986709999999999088e-01,8.138188333333333730e+02
6.955000000000000000e+02,9.164858000000000970e+01,8.062257000000000451e-01,8.377064666666667563e+02
7.055000000000000000e+02,9.172570999999999231e+01,7.037425999999999959e-01,8.619420999999999822e+02
7.155000000000000000e+02,9.198856999999999573e+01,6.276937000000001321e-01,8.865261333333331777e+02
7.255000000000000000e+02,9.173144999999999527e+01,7.614853000000000316e-01,9.114563333333333048e+02
7.355000000000000000e+02,9.160571000000000197e+01,5.844407999999999825e-01,9.367338333333333367e+02
7.455000000000000000e+02,9.203999999999999204e+01,6.009945999999999344e-01,9.623605333333334784e+02
7.555000000000000000e+02,9.193143000000000598e+01,6.725203999999999072e-01,9.883320333333333565e+02
7.655000000000000000e+02,9.179142999999999120e+01,6.356146999999999769e-01,1.014650466666666716e+03
7.755000000000000000e+02,9.225856999999999175e+01,6.724254000000000620e-01,1.041316266666666706e+03
7.855000000000000000e+02,9.215570999999999913e+01,5.950262000000000606e-01,1.068332766666666885e+03
7.955000000000000000e+02,9.217571000000000936e+01,7.403410000000000268e-01,1.095698833333333141e+03
8.055000000000000000e+02,9.189712999999997578e+01,6.287840000000001206e-01,1.123410766666666632e+03
8.155000000000000000e+02,9.215143000000000484e+01,7.972501999999999089e-01,1.151469099999999798e+03
8.255000000000000000e+02,9.190144999999998277e+01,6.655121999999999982e-01,1.179871333333333496e+03
8.355000000000000000e+02,9.199284999999999002e+01,6.063173999999998953e-01,1.208622333333333245e+03
8.455000000000000000e+02,9.239999000000000251e+01,7.117303999999999853e-01,1.237717333333333272e+03
8.555000000000000000e+02,9.221143999999999608e+01,6.556933999999999818e-01,1.267161666666666633e+03
8.655000000000000000e+02,9.215715000000001567e+01,5.777399000000000839e-01,1.296949999999999818e+03
8.755000000000000000e+02,9.223284999999999911e+01,5.421928999999999776e-01,1.327087333333333390e+03
8.855000000000000000e+02,9.170286000000000115e+01,6.474721999999999422e-01,1.357567999999999984e+03
8.955000000000000000e+02,9.256859000000000037e+01,5.681573999999999236e-01,1.388395666666666784e+03
9.055000000000000000e+02,9.211857000000000539e+01,5.650849999999999485e-01,1.419570333333333565e+03
9.155000000000000000e+02,9.188858999999999355e+01,5.018513000000000002e-01,1.451093333333333476e+03
9.255000000000000000e+02,9.204143000000000541e+01,6.882344000000000239e-01,1.482966333333333296e+03
9.355000000000000000e+02,9.242141999999999769e+01,5.415453000000001182e-01,1.515186000000000149e+03
9.455000000000000000e+02,9.184141999999999939e+01,3.995193900000000298e-01,1.547751666666666551e+03
9.555000000000000000e+02,9.265572000000000230e+01,5.285879999999999468e-01,1.580665666666666766e+03
9.655000000000000000e+02,9.199712999999999852e+01,4.535221999999999865e-01,1.613925999999999931e+03
9.755000000000000000e+02,9.189428000000000907e+01,4.113024999999999598e-01,1.647532999999999902e+03
9.855000000000000000e+02,9.216285000000000593e+01,4.999222999999999861e-01,1.681488666666666631e+03
9.955000000000000000e+02,9.195143999999999096e+01,4.070246000000000697e-01,1.715790333333333137e+03
1.005500000000000000e+03,9.233428999999999576e+01,4.161787999999999599e-01,1.750438000000000102e+03
1.015500000000000000e+03,9.234283999999999537e+01,4.598513000000000739e-01,1.785431666666666615e+03
1.025500000000000000e+03,9.209144000000000574e+01,3.941995999999999833e-01,1.820774666666666690e+03
1.035500000000000000e+03,9.201714000000001192e+01,4.758256000000000152e-01,1.856469999999999800e+03
1.045500000000000000e+03,9.224429000000000656e+01,4.629632000000000192e-01,1.892516333333333023e+03
1.055500000000000000e+03,9.191285000000000593e+01,5.218300000000001271e-01,1.928911000000000058e+03
1.065500000000000000e+03,9.207001999999999953e+01,4.861603999999999925e-01,1.965657333333333099e+03
1.075500000000000000e+03,9.228427999999999543e+01,5.708532000000000606e-01,2.002754999999999882e+03
1.085500000000000000e+03,9.221000000000000796e+01,5.184162999999999411e-01,2.040201666666666370e+03
1.095500000000000000e+03,9.215287000000000717e+01,4.944359000000000393e-01,2.077999999999999545e+03
1.105500000000000000e+03,9.231000000000001648e+01,5.447340000000000515e-01,2.116146999999999935e+03
1.115500000000000000e+03,9.219998999999999967e+01,5.242905999999999400e-01,2.154641999999999825e+03
1.125500000000000000e+03,9.225570999999999344e+01,5.335189000000000181e-01,2.193484333333332870e+03
1.135500000000000000e+03,9.234427999999999770e+01,4.539035000000000153e-01,2.232677000000000135e+03
1.145500000000000000e+03,9.210999999999998522e+01,4.356487999999999472e-01,2.272218666666666650e+03
1.155500000000000000e+03,9.222714000000000567e+01,4.771330999999999212e-01,2.312107999999999720e+03
1.165500000000000000e+03,9.226142000000000110e+01,4.393421000000000132e-01,2.352341999999999643e+03
1.175500000000000000e+03,9.228143000000000029e+01,4.338780999999999888e-01,2.392922333333332972e+03
1.185500000000000000e+03,9.236285999999999774e+01,4.141093999999999609e-01,2.433847333333333609e+03
1.195500000000000000e+03,9.239142999999999972e+01,4.724982999999999822e-01,2.475121000000000095e+03
1.205500000000000000e+03,9.231284999999999741e+01,3.958454000000000139e-01,2.516745666666666693e+03
1.215500000000000000e+03,9.251427999999999940e+01,4.154550999999999661e-01,2.558718333333333248e+03
1.225500000000000000e+03,9.258999000000000024e+01,4.317230999999999708e-01,2.601038999999999760e+03
1.235500000000000000e+03,9.237143000000000370e+01,4.453460999999999670e-01,2.643706333333333077e+03
1.245500000000000000e+03,9.251572000000000173e+01,4.248103000000000296e-01,2.686722000000000207e+03
1.255500000000000000e+03,9.242857000000000767e+01,4.018464999999999954e-01,2.730083666666666431e+03
1.265500000000000000e+03,9.218287000000000830e+01,4.322614999999999652e-01,2.773793333333333521e+03
1.275500000000000000e+03,9.217428000000001020e+01,3.857597000000000387e-01,2.817850666666666712e+03
1.285500000000000000e+03,9.255858999999998105e+01,3.952630000000000310e-01,2.862255333333333510e+03
1.295500000000000000e+03,9.271857000000001392e+01,4.172851999999999673e-01,2.907008999999999560e+03
1.305500000000000000e+03,9.243429000000000428e+01,4.349503000000000119e-01,2.952110666666666475e+03
1.315500000000000000e+03,9.233999999999998920e+01,4.229748999999999870e-01,2.997561000000000149e+03
1.325500000000000000e+03,9.210856999999998607e+01,3.842858999999999581e-01,3.043360333333333074e+03
1.335500000000000000e+03,9.212999999999999545e+01,4.155524999999999913e-01,3.089508666666666613e+03
1.345500000000000000e+03,9.227285999999999433e+01,3.866505999999999554e-01,3.136001333333333605e+03
1.355500000000000000e+03,9.229285999999999035e+01,4.320808999999999900e-01,3.182845000000000255e+03
1.365500000000000000e+03,9.236571999999999605e+01,4.218460000000000543e-01,3.230035999999999603e+03
1.375500000000000000e+03,9.233998000000001127e+01,4.457383000000000317e-01,3.277576333333333423e+03
1.385500000000000000e+03,9.194571000000000538e+01,4.144279000000000157e-01,3.325460666666666839e+03
1.395500000000000000e+03,9.216141000000000361e+01,3.975161999999999862e-01,3.373693333333333612e+03
1.405500000000000000e+03,9.253000999999999010e+01,3.947673999999999905e-01,3.422274333333333288e+03
1.415500000000000000e+03,9.249571999999999150e+01,3.827377000000000140e-01,3.471203666666666777e+03
1.425500000000000000e+03,9.208144000000000062e+01,3.475318000000000018e-01,3.520484666666666271e+03
1.435500000000000000e+03,9.244285999999999603e+01,3.780283999999999867e-01,3.570117333333333136e+03
1.445500000000000000e+03,9.217284999999999684e+01,3.557116999999999640e-01,3.620098333333333812e+03
1.455500000000000000e+03,9.237284999999999968e+01,4.019053000000000209e-01,3.670425999999999476e+03
1.465500000000000000e+03,9.238572999999999524e+01,3.794029999999999903e-01,3.721104666666667072e+03
1.475500000000000000e+03,9.238142000000000564e+01,3.919497000000000120e-01,3.772148000000000138e+03
1.485500000000000000e+03,9.229000999999998101e+01,4.161948000000000869e-01,3.823575666666666621e+03
1.495500000000000000e+03,9.203857999999999606e+01,3.806585000000000663e-01,3.875384999999999309e+03
1.505500000000000000e+03,9.213857000000000141e+01,4.156697000000000308e-01,3.927580333333333783e+03
1.515500000000000000e+03,9.242428000000001020e+01,4.275432000000000121e-01,3.980166333333333569e+03
1.525500000000000000e+03,9.224285999999999319e+01,3.730938999999999783e-01,4.033145999999999276e+03
1.535500000000000000e+03,9.255714000000000397e+01,3.873617999999999784e-01,4.086517666666666628e+03
1.545500000000000000e+03,9.233427999999999258e+01,4.071375999999999884e-01,4.140283333333332848e+03
1.555500000000000000e+03,9.230141000000000417e+01,3.740630999999999817e-01,4.194440999999999804e+03
1.565500000000000000e+03,9.213428000000001816e+01,3.881391999999999620e-01,4.248993000000000393e+03
1.575500000000000000e+03,9.217142999999998665e+01,3.548492000000000313e-01,4.303935666666666293e+03
1.585500000000000000e+03,9.268143999999999494e+01,3.622269000000000738e-01,4.359269666666666126e+03
1.595500000000000000e+03,9.192144000000000403e+01,4.057304999999999384e-01,4.414995666666667603e+03
1.605500000000000000e+03,9.208854999999999791e+01,3.252097000000000460e-01,4.471112333333333481e+03
1.615500000000000000e+03,9.196000999999999692e+01,3.562739999999999796e-01,4.527624000000000706e+03
1.625500000000000000e+03,9.185855999999999710e+01,3.608177000000000190e-01,4.584524999999999636e+03
1.635500000000000000e+03,9.186428000000002214e+01,3.408866999999999869e-01,4.641820000000000618e+03
1.645500000000000000e+03,9.214570999999999401e+01,3.497500999999999527e-01,4.699507666666666410e+03
1.655500000000000000e+03,9.192714000000000851e+01,3.295070999999999972e-01,4.757583333333333030e+03
1.665500000000000000e+03,9.207715000000000316e+01,3.140685999999999756e-01,4.816053333333334194e+03
1.675500000000000000e+03,9.192714000000000851e+01,3.277967999999999438e-01,4.874914999999999054e+03
1.685500000000000000e+03,9.195144000000000517e+01,2.722430000000000128e-01,4.934168999999999869e+03
1.695500000000000000e+03,9.208714000000000510e+01,3.212421999999999778e-01,4.993816333333334114e+03
1.705500000000000000e+03,9.217571999999999832e+01,3.549951999999999552e-01,5.053859666666665362e+03
1.715500000000000000e+03,9.195857000000000880e+01,3.738337999999999939e-01,5.114298000000000684e+03
1.725500000000000000e+03,9.183284999999999343e+01,3.023174999999999613e-01,5.175127666666666300e+03
1.735500000000000000e+03,9.200714000000000681e+01,3.511029999999999984e-01,5.236349333333333561e+03
1.745500000000000000e+03,9.210571999999999093e+01,3.043378999999999945e-01,5.297964999999999236e+03
1.755500000000000000e+03,9.186144999999999072e+01,3.109110999999999403e-01,5.359968666666665740e+03
1.765500000000000000e+03,9.208856000000000108e+01,3.361243999999999899e-01,5.422368999999999687e+03
1.775500000000000000e+03,9.205715000000000714e+01,3.130411999999999639e-01,5.485159000000000560e+03
1.785500000000000000e+03,9.213000000000000966e+01,3.560386999999999857e-01,5.548342999999998938e+03
1.795500000000000000e+03,9.199142000000000507e+01,3.055657999999999985e-01,5.611917333333332863e+03
1.805500000000000000e+03,9.202572000000000685e+01,3.101870000000000460e-01,5.675884333333332506e+03
1.815500000000000000e+03,9.218143999999999494e+01,3.861397999999999775e-01,5.740243666666666286e+03
1.825500000000000000e+03,9.192429999999998813e+01,3.384411999999999976e-01,5.804998666666666395e+03
1.835500000000000000e+03,9.200571999999999662e+01,3.495646000000000031e-01,5.870144666666665216e+03
1.845500000000000000e+03,9.224571999999999150e+01,3.447939999999999894e-01,5.935686999999999898e+03
1.855500000000000000e+03,9.170571999999999946e+01,3.534015999999999824e-01,6.001621666666666897e+03
1.865500000000000000e+03,9.178714999999999691e+01,3.587995999999999963e-01,6.067948666666666213e+03
1.875500000000000000e+03,9.186715000000000941e+01,3.587162000000000406e-01,6.134669666666666672e+03
1.885500000000000000e+03,9.185142999999999347e+01,3.434556000000000275e-01,6.201780999999999949e+03
1.895500000000000000e+03,9.181569999999999254e+01,3.965059999999999696e-01,6.269286999999999352e+03
1.905500000000000000e+03,9.172284999999999400e+01,2.806914999999999827e-01,6.337183333333332484e+03
1.915500000000000000e+03,9.190286999999999296e+01,3.663900999999999963e-01,6.405474999999999454e+03
1.925500000000000000e+03,9.197571000000000652e+01,3.507277999999999785e-01,6.474156999999999243e+03
1.935500000000000000e+03,9.206143000000000143e+01,3.457122000000000250e-01,6.543231666666666570e+03
1.945500000000000000e+03,9.166857999999999151e+01,3.332942999999999878e-01,6.612699666666667326e+03
1.955500000000000000e+03,9.193715000000000259e+01,3.302262000000000253e-01,6.682560333333332892e+03
1.965500000000000000e+03,9.167141999999999769e+01,4.116386000000000212e-01,6.752812333333333299e+03
1.975500000000000000e+03,9.194428000000000623e+01,3.887694000000000427e-01,6.823458333333333940e+03
1.985500000000000000e+03,9.198428999999998723e+01,3.715727999999999254e-01,6.894497000000000298e+03
1.995500000000000000e+03,9.176999000000000706e+01,3.039044999999999663e-01,6.965929666666665980e+03
2.005500000000000000e+03,9.177715999999999497e+01,3.341165999999999858e-01,7.037752999999999702e+03
2.015500000000000000e+03,9.160286000000002105e+01,3.060958999999999763e-01,7.109971000000000458e+03
2.025500000000000000e+03,9.160001000000001170e+01,3.462390999999999663e-01,7.182579666666666526e+03
2.035500000000000000e+03,9.177715000000000600e+01,2.786990999999999774e-01,7.255583333333333030e+03
2.045500000000000000e+03,9.186715999999999838e+01,2.605027999999999788e-01,7.328979333333333670e+03
2.055500000000000000e+03,9.166571000000000424e+01,3.147963999999999762e-01,7.402768333333333430e+03
2.065500000000000000e+03,9.180998999999999910e+01,3.612857999999999903e-01,7.476954000000000633e+03
2.075500000000000000e+03,9.162142999999998949e+01,2.918474999999999819e-01,7.551532333333333554e+03
2.085500000000000000e+03,9.146569999999999823e+01,3.600942000000000309e-01,7.626504333333333307e+03
2.095500000000000000e+03,9.168571000000000026e+01,3.219028999999999918e-01,7.701868666666667195e+03
2.105500000000000000e+03,9.134142999999998835e+01,3.677156000000000313e-01,7.777627333333332899e+03
2.115500000000000000e+03,9.158426999999998941e+01,3.125635000000000496e-01,7.853776999999999134e+03
2.125500000000000000e+03,9.161285000000000878e+01,3.585004999999999997e-01,7.930317666666666810e+03
2.135500000000000000e+03,9.170000000000000284e+01,3.535256000000000509e-01,8.007255666666666002e+03
2.145500000000000000e+03,9.138998999999999739e+01,3.578529000000000293e-01,8.084576666666665915e+03
2.155500000000000000e+03,9.164858000000000970e+01,4.160251999999999839e-01,8.162301666666666279e+03
2.165500000000000000e+03,9.141570000000000107e+01,3.583228000000000524e-01,8.240423666666667486e+03
2.175500000000000000e+03,9.133571999999999491e+01,3.755946000000000007e-01,8.318919333333333270e+03
2.185500000000000000e+03,9.153001000000000431e+01,3.586975999999999498e-01,8.397823333333333721e+03
2.195500000000000000e+03,9.140571999999998809e+01,3.465136000000000327e-01,8.477120333333332383e+03
2.205500000000000000e+03,9.107857999999998810e+01,3.390963000000000171e-01,8.556800333333332674e+03
2.215500000000000000e+03,9.140570999999999913e+01,3.171777999999999542e-01,8.636874666666666599e+03
2.225500000000000000e+03,9.147714999999998042e+01,3.239994000000000485e-01,8.717350666666667166e+03
2.235500000000000000e+03,9.133286000000001081e+01,3.600647000000000153e-01,8.798210666666667748e+03
2.245500000000000000e+03,9.142999999999999261e+01,3.602826000000000084e-01,8.879470666666666148e+03
2.255500000000000000e+03,9.170428999999998609e+01,3.701860000000000150e-01,8.961125666666666802e+03
2.265500000000000000e+03,9.153857999999999606e+01,3.543852000000000113e-01,9.043163333333333867e+03
2.275500000000000000e+03,9.106713999999999487e+01,3.137817999999999996e-01,9.125599333333333561e+03
2.285500000000000000e+03,9.114714999999999634e+01,3.300373999999999808e-01,9.208428000000001703e+03
2.295500000000000000e+03,9.109143999999999153e+01,3.272576999999999847e-01,9.291651000000001659e+03
2.305500000000000000e+03,9.131144000000000460e+01,2.974081000000000086e-01,9.375263333333332412e+03
2.315500000000000000e+03,9.148570999999999742e+01,3.726621999999999990e-01,9.459274333333332834e+03
2.325500000000000000e+03,9.128429000000001281e+01,3.066963999999999801e-01,9.543679333333335308e+03
2.335500000000000000e+03,9.115143000000000484e+01,3.242410999999999488e-01,9.628469333333332543e+03
2.345500000000000000e+03,9.110856000000001131e+01,2.730625999999999887e-01,9.713655999999999040e+03
2.355500000000000000e+03,9.104571999999998866e+01,3.288408999999999915e-01,9.799241333333335206e+03
2.365500000000000000e+03,9.085142000000000451e+01,3.341603999999999686e-01,9.885214333333333343e+03
2.375500000000000000e+03,9.131857999999999720e+01,2.751610999999999918e-01,9.971581000000000131e+03
2.385500000000000000e+03,9.129999000000000819e+01,3.181460000000000399e-01,1.005834266666666736e+04
2.395500000000000000e+03,9.097713999999999146e+01,2.854763999999999635e-01,1.014549166666666679e+04
2.405500000000000000e+03,9.130573000000001116e+01,3.041318999999999551e-01,1.023304133333333448e+04
2.415500000000000000e+03,9.121142000000000394e+01,3.235463999999999563e-01,1.032098199999999997e+04
2.425500000000000000e+03,9.107571000000000083e+01,2.597549000000000108e-01,1.040931833333333270e+04
2.435500000000000000e+03,9.099571000000000254e+01,2.915428999999999937e-01,1.049804566666666688e+04
2.445500000000000000e+03,9.097857000000000482e+01,3.432711999999999430e-01,1.058716733333333468e+04
2.455500000000000000e+03,9.103143000000000029e+01,2.479976000000000125e-01,1.067667699999999968e+04
2.465500000000000000e+03,9.127285999999999433e+01,2.847378000000000409e-01,1.076659100000000035e+04
2.475500000000000000e+03,9.126285000000000025e+01,3.394701000000000524e-01,1.085689166666666642e+04
2.485500000000000000e+03,9.111571000000000708e+01,2.838839999999999142e-01,1.094758633333333455e+04
2.495500000000000000e+03,9.083286999999999978e+01,2.865340000000000109e-01,1.103867133333333368e+04
2.505500000000000000e+03,9.117428999999999917e+01,3.003500000000000059e-01,1.113014633333333404e+04
2.515500000000000000e+03,9.100284999999999513e+01,3.222538000000000347e-01,1.122202100000000246e+04
2.525500000000000000e+03,9.099572000000000571e+01,3.504535999999999762e-01,1.131428533333333326e+04
2.535500000000000000e+03,9.098427999999999827e+01,3.519531999999999661e-01,1.140694766666666874e+04
2.545500000000000000e+03,9.106714000000000908e+01,3.556804999999999550e-01,1.149999666666666781e+04
2.555500000000000000e+03,9.081427999999998235e+01,3.045426800000000656e-01,1.159343966666666529e+04
2.565500000000000000e+03,9.126142999999999006e+01,3.727150000000000185e-01,1.168727466666666623e+04
2.575500000000000000e+03,9.141857000000000255e+01,3.280683999999999823e-01,1.178150466666666580e+04
2.585500000000000000e+03,9.123571000000001163e+01,2.978222999999999843e-01,1.187611966666666740e+04
2.595500000000000000e+03,9.123571000000001163e+01,3.185183999999999793e-01,1.197113333333333503e+04
2.605500000000000000e+03,9.119427999999999201e+01,2.859271499999999633e-01,1.206654666666666708e+04
2.615500000000000000e+03,9.125999000000000194e+01,3.383274000000000004e-01,1.216235333333333438e+04
2.625500000000000000e+03,9.129285999999999035e+01,3.033991000000000327e-01,1.225853000000000065e+04
2.635500000000000000e+03,9.121713000000001159e+01,3.577183999999999919e-01,1.235511666666666679e+04
2.645500000000000000e+03,9.135998999999999626e+01,3.320712000000000108e-01,1.245209666666666635e+04
2.655500000000000000e+03,9.110571999999999093e+01,2.970572000000000212e-01,1.254945666666666511e+04
2.665500000000000000e+03,9.110998999999999626e+01,2.785922000000000121e-01,1.264721333333333132e+04
2.675500000000000000e+03,9.116715999999999553e+01,3.026961999999999708e-01,1.274538333333333503e+04
2.685500000000000000e+03,9.122427999999999315e+01,3.305920999999999998e-01,1.284391666666666606e+04
2.695500000000000000e+03,9.115569999999999595e+01,3.178204000000000029e-01,1.294286333333333278e+04
2.705500000000000000e+03,9.106714999999999804e+01,3.081094999999999806e-01,1.304218999999999869e+04
2.715500000000000000e+03,9.122428000000000736e+01,3.108596000000000137e-01,1.314191333333333387e+04
2.725500000000000000e+03,9.133284999999999343e+01,3.006645000000000012e-01,1.324203333333333467e+04
2.735500000000000000e+03,9.116571999999999321e+01,2.843094999999999928e-01,1.334256000000000131e+04
2.745500000000000000e+03,9.123999999999998067e+01,3.017325000000000701e-01,1.344345333333333292e+04
2.755500000000000000e+03,9.144572000000000855e+01,2.848649200000000214e-01,1.354475666666666802e+04
2.765500000000000000e+03,9.130570999999999060e+01,3.085444999999999993e-01,1.364643666666666650e+04
2.775500000000000000e+03,9.130143999999999949e+01,2.959764000000000284e-01,1.374852999999999884e+04
2.785500000000000000e+03,9.146571000000001561e+01,2.725154000000000187e-01,1.385100000000000364e+04
2.795500000000000000e+03,9.115999999999999659e+01,3.088872999999999758e-01,1.395386333333333278e+04
2.805500000000000000e+03,9.140142000000000166e+01,3.147050999999999599e-01,1.405713666666666722e+04
2.815500000000000000e+03,9.146144000000001029e+01,2.738220000000000098e-01,1.416078999999999905e+04
2.825500000000000000e+03,9.146571000000000140e+01,3.046627000000000640e-01,1.426484333333333234e+04
2.835500000000000000e+03,9.156570999999999572e+01,2.879108000000000223e-01,1.436927999999999884e+04
2.845500000000000000e+03,9.119140999999999053e+01,2.715436999999999990e-01,1.447411333333333278e+04
2.855500000000000000e+03,9.118572000000001765e+01,2.645640999999999687e-01,1.457934666666666817e+04
2.865500000000000000e+03,9.120714000000000965e+01,2.813384999999999914e-01,1.468495333333333474e+04
2.875500000000000000e+03,9.113570000000001414e+01,2.848340000000000316e-01,1.479096666666666897e+04
2.885500000000000000e+03,9.103999999999999204e+01,2.829062000000000521e-01,1.489737666666666701e+04
2.895500000000000000e+03,9.132998999999999512e+01,2.780040000000000289e-01,1.500416666666666788e+04
2.905500000000000000e+03,9.146142000000001815e+01,2.984883000000000397e-01,1.511134666666666453e+04
2.915500000000000000e+03,9.108000000000001251e+01,2.642920000000000269e-01,1.521893999999999869e+04
2.925500000000000000e+03,9.105284000000001754e+01,2.649625999999999926e-01,1.532690999999999985e+04
2.935500000000000000e+03,9.145001999999999498e+01,2.735014999999999530e-01,1.543529333333333125e+04
2.945500000000000000e+03,9.108714999999999407e+01,2.517778000000000516e-01,1.554404333333333489e+04
2.955500000000000000e+03,9.130998999999999910e+01,2.407354999999999912e-01,1.565320333333333292e+04
2.965500000000000000e+03,9.097141999999999484e+01,2.121951999999999727e-01,1.576274333333333561e+04
2.975500000000000000e+03,9.121428999999997700e+01,2.567019000000000384e-01,1.587268666666666650e+04
2.985500000000000000e+03,9.120286999999999011e+01,2.750510999999999928e-01,1.598302333333333445e+04
2.995500000000000000e+03,9.100571999999999662e+01,2.612403999999999837e-01,1.609374333333333561e+04
3.005500000000000000e+03,9.142570999999999515e+01,2.346679000000000404e-01,1.620486666666666861e+04
3.015500000000000000e+03,9.126572000000000173e+01,2.274414000000000158e-01,1.631637666666666883e+04
3.025500000000000000e+03,9.113714000000000226e+01,2.667416000000000231e-01,1.642827666666666482e+04
3.035500000000000000e+03,9.115998999999999342e+01,2.586190999999999907e-01,1.654056999999999971e+04
3.045500000000000000e+03,9.123570000000000846e+01,2.100423999999999902e-01,1.665325666666666802e+04
3.055500000000000000e+03,9.132714999999998895e+01,2.211996999999999713e-01,1.676633000000000175e+04
3.065500000000000000e+03,9.130284000000000333e+01,2.546758000000000632e-01,1.687981000000000131e+04
3.075500000000000000e+03,9.134569999999999368e+01,2.321169999999999622e-01,1.699366999999999825e+04
3.085500000000000000e+03,9.134855000000000302e+01,2.064229000000000203e-01,1.710792333333333227e+04
3.095500000000000000e+03,9.138858000000000459e+01,2.476939999999999975e-01,1.722257999999999811e+04
3.105500000000000000e+03,9.121002000000000010e+01,2.242411999999999739e-01,1.733762000000000262e+04
3.115500000000000000e+03,9.139572000000001140e+01,2.046075999999999728e-01,1.745306666666666570e+04
3.125500000000000000e+03,9.128857000000002131e+01,2.287663999999999809e-01,1.756888333333333503e+04
3.135500000000000000e+03,9.122999000000000080e+01,2.178124000000000449e-01,1.768511999999999898e+04
3.145500000000000000e+03,9.112429999999999097e+01,2.100503999999999982e-01,1.780172333333333518e+04
3.155500000000000000e+03,9.098141999999998575e+01,2.252879000000000131e-01,1.791874333333333198e+04
3.165500000000000000e+03,9.132286999999999466e+01,2.112532000000000298e-01,1.803615000000000146e+04
3.175500000000000000e+03,9.102285999999999433e+01,2.093789999999999818e-01,1.815393999999999869e+04
3.185500000000000000e+03,9.127572000000000685e+01,2.071373999999999993e-01,1.827212666666666701e+04
3.195500000000000000e+03,9.116425999999999874e+01,2.091463000000000072e-01,1.839069666666666308e+04
3.205500000000000000e+03,9.134427999999999770e+01,1.863039999999999696e-01,1.850967666666666992e+04
3.215500000000000000e+03,9.125286000000001252e+01,2.392979999999999552e-01,1.862904000000000087e+04
3.225500000000000000e+03,9.121142000000000394e+01,1.702705999999999942e-01,1.874879999999999927e+04
3.235500000000000000e+03,9.119286000000002446e+01,1.784581000000000084e-01,1.886895666666666511e+04
3.245500000000000000e+03,9.103000000000000114e+01,1.881881999999999999e-01,1.898948999999999796e+04
3.255500000000000000e+03,9.105571000000000481e+01,1.864456000000000169e-01,1.911043333333333430e+04
3.265500000000000000e+03,9.123573000000000377e+01,2.084558999999999995e-01,1.923175999999999840e+04
3.275500000000000000e+03,9.131287000000000376e+01,1.823006399999999583e-01,1.935348333333332994e+04
3.285500000000000000e+03,9.098998999999999171e+01,1.573397999999999741e-01,1.947559999999999854e+04
3.295500000000000000e+03,9.124715000000000487e+01,1.970714000000000077e-01,1.959809000000000015e+04
3.305500000000000000e+03,9.104999000000000819e+01,2.061678000000000122e-01,1.972098999999999796e+04
3.315500000000000000e+03,9.115856999999999744e+01,1.683672999999999975e-01,1.984428000000000247e+04
3.325500000000000000e+03,9.095857999999999777e+01,1.960810000000000053e-01,1.996796333333333678e+04
3.335500000000000000e+03,9.140000000000001990e+01,1.772421000000000135e-01,2.009202666666666482e+04
3.345500000000000000e+03,9.122571999999999548e+01,1.736873999999999918e-01,2.021650999999999840e+04
3.355500000000000000e+03,9.123571999999998638e+01,1.792492000000000252e-01,2.034135999999999694e+04
3.365500000000000000e+03,9.151999000000000706e+01,1.719602299999999917e-01,2.046661666666666497e+04
3.375500000000000000e+03,9.137284999999999968e+01,1.780603499999999784e-01,2.059226333333333241e+04
3.385500000000000000e+03,9.120142999999998779e+01,2.045859499999999609e-01,2.071829999999999927e+04
3.395500000000000000e+03,9.103430000000000177e+01,1.614317500000000405e-01,2.084473666666666759e+04
3.405500000000000000e+03,9.106001000000000545e+01,2.036289000000000016e-01,2.097155333333333328e+04
3.415500000000000000e+03,9.091144000000001313e+01,1.725580999999999920e-01,2.109877000000000044e+04
3.425500000000000000e+03,9.113284999999999059e+01,1.935104999999999742e-01,2.122637666666666701e+04
3.435500000000000000e+03,9.116570999999999003e+01,1.471184999999999854e-01,2.135438000000000102e+04
3.445500000000000000e+03,9.091428999999999405e+01,1.599430999999999770e-01,2.148277333333333081e+04
3.455500000000000000e+03,9.121285000000000309e+01,1.632930999999999966e-01,2.161156666666666570e+04
3.465500000000000000e+03,9.125285999999999831e+01,1.617561999999999889e-01,2.174073333333332994e+04
3.475500000000000000e+03,9.133285999999999660e+01,1.461274899999999988e-01,2.187030666666666730e+04
3.485500000000000000e+03,9.091143999999999892e+01,1.912337699999999974e-01,2.200028666666666686e+04
3.495500000000000000e+03,9.101144000000000744e+01,1.573550999999999978e-01,2.213065333333333183e+04
3.505500000000000000e+03,9.132428000000000168e+01,1.661360799999999638e-01,2.226140666666666948e+04
3.515500000000000000e+03,9.109713999999999601e+01,1.407394299999999987e-01,2.239255666666666366e+04
3.525500000000000000e+03,9.129286999999999352e+01,1.529850999999999850e-01,2.252409000000000015e+04
3.535500000000000000e+03,9.110142000000000451e+01,1.577031400000000194e-01,2.265603333333333285e+04
3.545500000000000000e+03,9.125859999999998706e+01,1.555540999999999729e-01,2.278835999999999694e+04
3.555500000000000000e+03,9.139142999999998551e+01,1.584492000000000123e-01,2.292106999999999971e+04
3.565500000000000000e+03,9.133285999999999660e+01,1.491234399999999960e-01,2.305418000000000029e+04
3.575500000000000000e+03,9.093999999999999773e+01,1.603194000000000008e-01,2.318768999999999869e+04
3.585500000000000000e+03,9.086428000000000793e+01,1.470658199999999860e-01,2.332158666666666613e+04
3.595500000000000000e+03,9.100001000000000317e+01,1.687039600000000139e-01,2.345586666666666861e+04
3.605500000000000000e+03,9.119427000000000305e+01,1.729499999999999926e-01,2.359055999999999767e+04
3.615500000000000000e+03,9.099428000000000338e+01,1.431120800000000026e-01,2.372563333333333139e+04
3.625500000000000000e+03,9.106430999999999187e+01,1.502144299999999821e-01,2.386109000000000015e+04
3.635500000000000000e+03,9.091285999999999490e+01,1.723880999999999886e-01,2.399696333333333314e+04
3.645500000000000000e+03,9.124284000000000106e+01,1.370388300000000004e-01,2.413321666666666715e+04
3.655500000000000000e+03,9.095430000000000348e+01,1.489457000000000142e-01,2.426985333333333256e+04
3.665500000000000000e+03,9.093571999999998923e+01,1.383815800000000040e-01,2.440688333333333139e+04
3.675500000000000000e+03,9.113858000000000459e+01,1.366345999999999949e-01,2.454431999999999971e+04
3.685500000000000000e+03,9.087140999999999735e+01,1.520927000000000251e-01,2.468213666666666541e+04
3.695500000000000000e+03,9.102858000000000516e+01,1.499620700000000029e-01,2.482035666666666657e+04
3.705500000000000000e+03,9.126857999999998583e+01,1.316138400000000375e-01,2.495896000000000276e+04
3.715500000000000000e+03,9.101856999999999687e+01,1.362877700000000025e-01,2.509796333333333314e+04
3.725500000000000000e+03,9.083571000000000595e+01,1.279079500000000202e-01,2.523736666666666861e+04
3.735500000000000000e+03,9.082000999999999635e+01,1.387066700000000041e-01,2.537714666666666744e+04
3.745500000000000000e+03,9.084572000000000003e+01,1.342421900000000112e-01,2.551733666666666250e+04
3.755500000000000000e+03,9.085000999999999749e+01,1.279562399999999989e-01,2.565792000000000189e+04
3.765500000000000000e+03,9.118427999999998690e+01,1.386755299999999913e-01,2.579888333333333139e+04
3.775500000000000000e+03,9.122285999999999717e+01,1.195414299999999902e-01,2.594024000000000160e+04
3.785500000000000000e+03,9.117429000000001338e+01,1.287114500000000050e-01,2.608200999999999840e+04
3.795500000000000000e+03,9.114142999999998551e+01,1.304288400000000181e-01,2.622416333333333023e+04
3.805500000000000000e+03,9.111429999999998586e+01,1.269944900000000154e-01,2.636670333333333110e+04
3.815500000000000000e+03,9.099715000000000487e+01,1.367011200000000093e-01,2.650963666666666541e+04
3.825500000000000000e+03,9.106570000000000675e+01,1.392381199999999930e-01,2.665296666666666351e+04
3.835500000000000000e+03,9.096999999999999886e+01,1.240439400000000053e-01,2.679669000000000233e+04
3.845500000000000000e+03,9.095571999999998525e+01,1.236254999999999854e-01,2.694079666666666890e+04
3.855500000000000000e+03,9.116143000000000995e+01,1.043582700000000169e-01,2.708530999999999767e+04
3.865500000000000000e+03,9.103856000000000392e+01,1.209445199999999998e-01,2.723020666666666511e+04
3.875500000000000000e+03,9.108856999999997583e+01,1.080595700000000214e-01,2.737549333333332834e+04
3.885500000000000000e+03,9.083716000000001145e+01,1.197843799999999820e-01,2.752118333333333067e+04
3.895500000000000000e+03,9.112999999999999545e+01,1.209942100000000187e-01,2.766726999999999680e+04
3.905500000000000000e+03,9.098857999999998469e+01,1.135616299999999967e-01,2.781374000000000160e+04
3.915500000000000000e+03,9.129286000000000456e+01,1.063059400000000015e-01,2.796062000000000262e+04
3.925500000000000000e+03,9.102142000000000621e+01,1.081118399999999868e-01,2.810785666666666657e+04
3.935500000000000000e+03,9.110855999999999710e+01,1.069583099999999731e-01,2.825551666666667006e+04
3.945500000000000000e+03,9.115570999999999913e+01,8.803162999999999960e-02,2.840355999999999767e+04
3.955500000000000000e+03,9.106573000000000206e+01,1.016434399999999877e-01,2.855199666666666599e+04
3.965500000000000000e+03,9.109716000000000236e+01,1.042763899999999966e-01,2.870082333333333372e+04
3.975500000000000000e+03,9.117285000000001105e+01,1.039479600000000198e-01,2.885006333333333168e+04
3.985500000000000000e+03,9.092713000000000534e+01,9.355495999999999257e-02,2.899968000000000029e+04
3.995500000000000000e+03,9.079713999999999885e+01,1.004537399999999997e-01,2.914967666666666628e+04
4.005500000000000000e+03,9.106999000000000422e+01,1.102632699999999827e-01,2.930009666666666817e+04
4.015500000000000000e+03,9.091142999999999574e+01,8.827858000000000926e-02,2.945089000000000306e+04
4.025500000000000000e+03,9.112998999999999228e+01,1.040761000000000047e-01,2.960208333333333212e+04
4.035500000000000000e+03,9.119142999999999688e+01,1.080887999999999849e-01,2.975367666666666628e+04
4.045500000000000000e+03,9.104715000000001623e+01,9.714446000000000192e-02,2.990566333333333750e+04
4.055500000000000000e+03,9.093856999999999857e+01,7.099144000000000287e-02,3.005804333333333489e+04
4.065500000000000000e+03,9.108000000000001251e+01,9.026000999999998775e-02,3.021081999999999971e+04
4.075500000000000000e+03,9.117431000000001973e+01,7.624396000000001339e-02,3.036399333333333561e+04
4.085500000000000000e+03,9.095714999999999861e+01,1.017861700000000091e-01,3.051756333333333532e+04
4.095500000000000000e+03,9.116857000000000255e+01,8.075134000000000478e-02,3.067152666666666482e+04
4.105500000000000000e+03,9.103000999999999010e+01,8.046634999999999205e-02,3.082588666666666904e+04
4.115500000000000000e+03,9.106999000000000422e+01,9.664645999999998960e-02,3.098064333333333343e+04
4.125500000000000000e+03,9.092999000000000365e+01,8.941657000000000077e-02,3.113578666666667050e+04
4.135500000000000000e+03,9.102142000000000621e+01,8.824706000000000217e-02,3.129132333333333372e+04
4.145500000000000000e+03,9.107715000000000316e+01,8.895885000000000598e-02,3.144727000000000044e+04
4.155500000000000000e+03,9.108714000000000510e+01,8.384537000000000240e-02,3.160359999999999854e+04
4.165500000000000000e+03,9.109856999999999516e+01,9.304772000000001431e-02,3.176032333333333372e+04
4.175500000000000000e+03,9.128284999999999627e+01,7.497416999999999276e-02,3.191745333333333110e+04
4.185500000000000000e+03,9.104143999999999437e+01,7.029146999999999479e-02,3.207497000000000116e+04
4.195500000000000000e+03,9.118857999999997332e+01,7.553203000000000000e-02,3.223288666666666541e+04
4.205500000000000000e+03,9.096714000000000055e+01,9.847830999999999946e-02,3.239118666666666832e+04
4.215500000000000000e+03,9.106856999999999402e+01,7.602462999999999582e-02,3.254989000000000306e+04
4.225500000000000000e+03,9.094284999999999286e+01,6.816989999999999161e-02,3.270899666666666599e+04
4.235500000000000000e+03,9.097857999999999379e+01,6.680044999999999733e-02,3.286847666666666919e+04
4.245500000000000000e+03,9.115427999999999997e+01,7.888398999999998717e-02,3.302836666666667588e+04
4.255500000000000000e+03,9.092143000000000086e+01,6.706301000000000623e-02,3.318864333333333343e+04
4.265500000000000000e+03,9.113714000000001647e+01,6.474795000000001244e-02,3.334931000000000495e+04
4.275500000000000000e+03,9.101142999999999006e+01,6.389697999999999212e-02,3.351037000000000262e+04
4.285500000000000000e+03,9.104000999999998101e+01,8.574017999999999917e-02,3.367183000000000175e+04
4.295500000000000000e+03,9.116571000000001845e+01,6.765416999999999959e-02,3.383368666666666832e+04
4.305500000000000000e+03,9.114000000000000057e+01,7.050028999999999324e-02,3.399591999999999825e+04
4.315500000000000000e+03,9.099857000000000085e+01,7.100264000000000575e-02,3.415856333333333168e+04
4.325500000000000000e+03,9.114142999999999972e+01,8.486859000000000763e-02,3.432160333333332528e+04
4.335500000000000000e+03,9.104283000000000925e+01,5.714354000000000655e-02,3.448502333333333081e+04
4.345500000000000000e+03,9.119425999999998567e+01,6.964729000000000059e-02,3.464884000000000378e+04
4.355500000000000000e+03,9.108997999999999706e+01,5.547345000000000054e-02,3.481307333333332645e+04
4.365500000000000000e+03,9.103855999999998971e+01,7.063579000000000385e-02,3.497769000000000233e+04
4.375500000000000000e+03,9.104429000000000372e+01,7.135463999999999696e-02,3.514269333333332906e+04
4.385500000000000000e+03,9.114430000000000121e+01,5.757191999999999865e-02,3.530810000000000582e+04
4.395500000000000000e+03,9.101000999999999408e+01,6.358547999999999978e-02,3.547390000000000146e+04
4.405500000000000000e+03,9.110285000000001787e+01,6.604553999999999980e-02,3.564008666666666250e+04
4.415500000000000000e+03,9.103141999999999712e+01,6.552157999999999594e-02,3.580668333333333430e+04
4.425500000000000000e+03,9.098571000000001163e+01,4.680801999999999186e-02,3.597366000000000349e+04
4.435500000000000000e+03,9.095140999999999565e+01,5.667196999999999513e-02,3.614104333333333489e+04
4.445500000000000000e+03,9.101856000000000790e+01,4.718458999999999154e-02,3.630881333333333896e+04
4.455500000000000000e+03,9.114428000000000907e+01,5.650667000000000190e-02,3.647698666666667123e+04
4.465500000000000000e+03,9.107142999999999233e+01,6.211849000000000537e-02,3.664556333333333168e+04
4.475500000000000000e+03,9.106286000000000058e+01,5.552997999999999962e-02,3.681453000000000611e+04
4.485500000000000000e+03,9.103143000000000029e+01,6.424786000000000386e-02,3.698389333333333343e+04
4.495500000000000000e+03,9.109570999999999685e+01,5.949123999999998691e-02,3.715365333333333547e+04
4.505500000000000000e+03,9.096144000000001029e+01,5.593835000000000474e-02,3.732381999999999243e+04
4.515500000000000000e+03,9.100570999999999344e+01,5.996516999999999820e-02,3.749437666666667064e+04
4.525500000000000000e+03,9.110857000000001449e+01,5.066002000000000699e-02,3.766534333333333780e+04
4.535500000000000000e+03,9.112287000000000603e+01,4.290594000000000352e-02,3.783670333333333838e+04
4.545500000000000000e+03,9.114714000000000738e+01,6.369382999999999295e-02,3.800846333333333314e+04
4.555500000000000000e+03,9.104716000000000520e+01,5.644638999999999907e-02,3.818062666666666337e+04
4.565500000000000000e+03,9.091286999999999807e+01,5.420985000000000387e-02,3.835319666666667035e+04
4.575500000000000000e+03,9.090856999999999744e+01,4.280097000000000068e-02,3.852619999999999709e+04
4.585500000000000000e+03,9.092857000000000767e+01,5.059098000000000761e-02,3.869961666666666861e+04
4.595500000000000000e+03,9.096426999999999907e+01,4.662960000000000022e-02,3.887342333333332499e+04
4.605500000000000000e+03,9.108000000000001251e+01,4.875304999999999916e-02,3.904762666666666337e+04
4.615500000000000000e+03,9.104429000000000372e+01,4.736185999999999868e-02,3.922222666666666919e+04
4.625500000000000000e+03,9.098285000000001332e+01,5.123913000000000079e-02,3.939722333333332790e+04
4.635500000000000000e+03,9.101716000000000406e+01,4.675587999999999272e-02,3.957261666666666861e+04
4.645500000000000000e+03,9.104283999999999821e+01,4.377585999999999283e-02,3.974843333333332703e+04
4.655500000000000000e+03,9.087999999999999545e+01,4.090676000000000034e-02,3.992461666666666133e+04
4.665500000000000000e+03,9.092999999999999261e+01,4.731950000000000045e-02,4.010120333333333110e+04
4.675500000000000000e+03,9.089144000000000290e+01,4.353320000000000800e-02,4.027819333333333634e+04
4.685500000000000000e+03,9.096858000000000288e+01,3.371849999999999847e-02,4.045556999999999971e+04
4.695500000000000000e+03,9.095999999999999375e+01,3.250704999999999567e-02,4.063332333333333372e+04
4.705500000000000000e+03,9.100000000000000000e+01,5.582862000000000935e-02,4.081149333333333925e+04
4.715500000000000000e+03,9.090284999999998661e+01,3.617426999999999448e-02,4.099005333333332965e+04
4.725500000000000000e+03,9.089856000000000336e+01,3.671497999999999429e-02,4.116900000000000000e+04
4.735500000000000000e+03,9.097856999999999061e+01,3.166771000000000169e-02,4.134834999999999854e+04
4.745500000000000000e+03,9.093426999999999794e+01,4.135489000000000526e-02,4.152809000000000378e+04
4.755500000000000000e+03,9.102286000000000854e+01,3.389671000000000350e-02,4.170821666666666715e+04
4.765500000000000000e+03,9.098000000000000398e+01,4.283828000000000635e-02,4.188873999999999069e+04
4.775500000000000000e+03,9.088427999999998974e+01,3.102806000000000314e-02,4.206966666666667152e+04
4.785500000000000000e+03,9.093856999999999857e+01,3.208047000000000676e-02,4.225098333333332994e+04
4.795500000000000000e+03,9.100714999999999577e+01,2.786641000000000118e-02,4.243269333333332906e+04
4.805500000000000000e+03,9.100856999999999175e+01,3.287110999999999505e-02,4.261480666666666366e+04
4.815500000000000000e+03,9.099858000000000402e+01,4.773939000000000654e-02,4.279731999999999971e+04
4.825500000000000000e+03,9.098856000000000677e+01,4.119541000000000175e-02,4.298021999999999389e+04
4.835500000000000000e+03,9.085285999999999262e+01,3.200635999999999759e-02,4.316352000000000407e+04
4.845500000000000000e+03,9.080569999999998743e+01,3.065084000000000211e-02,4.334722333333332790e+04
4.855500000000000000e+03,9.071998999999999569e+01,3.163657999999999748e-02,4.353131333333333168e+04
4.865500000000000000e+03,9.093855999999999540e+01,4.723156000000000576e-02,4.371581000000000495e+04
4.875500000000000000e+03,9.085427999999998860e+01,3.377631000000000383e-02,4.390070999999999913e+04
4.885500000000000000e+03,9.094857000000000369e+01,3.796476000000000017e-02,4.408598333333333721e+04
4.895500000000000000e+03,9.095143000000001621e+01,3.232996999999999954e-02,4.427166999999999825e+04
4.905500000000000000e+03,9.082286000000000570e+01,2.623137999999999859e-02,4.445775000000000000e+04
4.915500000000000000e+03,9.078571000000000879e+01,3.628826000000000274e-02,4.464422333333333518e+04
4.925500000000000000e+03,9.091999999999998749e+01,3.040838000000000221e-02,4.483109333333333052e+04
4.935500000000000000e+03,9.083858000000000743e+01,3.710436999999999763e-02,4.501835666666667385e+04
4.945500000000000000e+03,9.081856999999999402e+01,3.712681999999999788e-02,4.520602000000000407e+04
4.955500000000000000e+03,9.084856999999999516e+01,2.558221999999999927e-02,4.539408000000000175e+04
4.965500000000000000e+03,9.080714000000000397e+01,3.600862000000000507e-02,4.558254333333333489e+04
4.975500000000000000e+03,9.079142999999999120e+01,3.305953999999999837e-02,4.577138999999999942e+04
4.985500000000000000e+03,9.086572999999999922e+01,4.336587000000000081e-02,4.596063999999999942e+04
4.995500000000000000e+03,9.084857999999999834e+01,4.716420000000000334e-02,4.615029333333333489e+04
