5.500000000000000000e+00,9.005998999999999910e+01,7.502732000000000312e+01,5.482781266666666292e-02
1.550000000000000000e+01,8.818998999999999455e+01,1.557006000000000157e+01,3.158225000000000060e-01
2.550000000000000000e+01,8.960857000000000028e+01,1.177229000000000170e+01,8.141231000000000995e-01
3.550000000000000000e+01,8.956284000000000844e+01,8.662130000000001218e+00,1.541251666666666686e+00
4.550000000000000000e+01,8.948714999999999975e+01,7.752671999999999564e+00,2.495087666666666149e+00
5.550000000000000000e+01,8.837857999999999947e+01,5.288816999999999879e+00,3.669065333333333179e+00
6.550000000000000000e+01,8.768711999999999307e+01,5.303302999999999656e+00,5.048028666666666275e+00
7.550000000000000000e+01,8.904429000000001793e+01,3.822239999999999860e+00,6.639582999999999124e+00
8.550000000000000000e+01,9.019285000000000707e+01,3.903408000000000211e+00,8.467986666666664775e+00
9.550000000000000000e+01,8.875428000000000850e+01,3.778375899999999454e+00,1.054823033333333271e+01
1.055000000000000000e+02,8.989144000000001711e+01,3.489414000000000016e+00,1.288237333333333368e+01
1.155000000000000000e+02,8.939857000000000653e+01,3.222337000000000451e+00,1.545816000000000123e+01
1.255000000000000000e+02,8.948999999999999488e+01,3.001650999999999847e+00,1.828512333333333828e+01
1.355000000000000000e+02,8.934144000000000574e+01,2.573928800000000017e+00,2.137408333333333488e+01
1.455000000000000000e+02,8.831427999999999656e+01,2.307527999999999579e+00,2.471146333333333089e+01
1.555000000000000000e+02,8.975000000000000000e+01,2.313009999999999788e+00,2.830195999999999756e+01
1.655000000000000000e+02,9.039285999999999888e+01,2.081143700000000152e+00,3.213584000000000174e+01
1.755000000000000000e+02,8.961572000000001026e+01,2.209009999999999696e+00,3.620519333333334089e+01
1.855000000000000000e+02,8.984000999999999237e+01,2.030833300000000285e+00,4.053720666666667682e+01
1.955000000000000000e+02,8.950713000000000363e+01,1.974522999999999584e+00,4.512430000000000518e+01
2.055000000000000000e+02,8.996144000000001029e+01,1.725650299999999859e+00,4.997632000000000119e+01
2.155000000000000000e+02,9.018142000000001701e+01,1.763518000000000141e+00,5.509302000000000277e+01
2.255000000000000000e+02,9.011428999999999689e+01,1.763730000000000020e+00,6.045821000000000822e+01
2.355000000000000000e+02,9.076143999999999323e+01,1.513153299999999923e+00,6.606046666666665601e+01
2.455000000000000000e+02,9.114141999999999655e+01,1.534731999999999763e+00,7.191364666666666494e+01
2.555000000000000000e+02,9.132287999999998362e+01,1.530167000000000055e+00,7.804000999999999522e+01
2.655000000000000000e+02,9.175998999999998773e+01,1.434947999999999890e+00,8.440635000000000332e+01
2.755000000000000000e+02,9.082142000000000337e+01,1.386614999999999931e+00,9.099560000000001025e+01
2.855000000000000000e+02,9.167429999999998813e+01,1.447950000000000070e+00,9.780960000000000321e+01
2.955000000000000000e+02,9.120715000000001282e+01,1.420570000000000110e+00,1.048524233333333342e+02
3.055000000000000000e+02,9.133142999999998324e+01,1.256021000000000054e+00,1.121155666666666804e+02
3.155000000000000000e+02,9.129285000000001560e+01,1.196461999999999914e+00,1.195913999999999930e+02
3.255000000000000000e+02,9.165856999999999744e+01,1.208073500000000022e+00,1.272915333333333336e+02
3.355000000000000000e+02,9.119572000000000855e+01,1.312059000000000086e+00,1.352223333333333244e+02
3.455000000000000000e+02,9.107286999999999466e+01,1.193955700000000064e+00,1.433847999999999843e+02
3.555000000000000000e+02,9.132712999999999681e+01,1.206208999999999865e+00,1.517752000000000123e+02
3.655000000000000000e+02,9.036142999999999859e+01,1.160838000000000036e+00,1.603788333333333469e+02
3.755000000000000000e+02,9.150427999999999429e+01,1.172506599999999954e+00,1.692069333333333248e+02
3.855000000000000000e+02,9.132143999999999551e+01,1.098258400000000190e+00,1.782590666666666550e+02
3.955000000000000000e+02,9.102285000000000537e+01,1.141081000000000012e+00,1.875173000000000343e+02
4.055000000000000000e+02,9.177428999999997927e+01,1.103691299999999931e+00,1.969843666666666593e+02
4.155000000000000000e+02,9.112713999999999714e+01,1.036756400000000022e+00,2.066715333333333433e+02
4.255000000000000000e+02,9.143715000000000259e+01,9.777787999999999480e-01,2.165748000000000104e+02
4.355000000000000000e+02,9.085001000000001170e+01,1.006364599999999943e+00,2.266992333333333249e+02
4.455000000000000000e+02,9.156571999999999889e+01,9.243327999999999545e-01,2.370544666666666558e+02
4.555000000000000000e+02,9.142714999999999748e+01,9.603563999999999989e-01,2.476294666666666728e+02
4.655000000000000000e+02,9.113283999999998741e+01,9.236663999999998875e-01,2.584461000000000013e+02
4.755000000000000000e+02,9.132286000000001991e+01,9.174093999999998195e-01,2.695014999999999645e+02
4.855000000000000000e+02,9.138856000000001245e+01,9.301725000000000687e-01,2.807907666666666273e+02
4.955000000000000000e+02,9.054285000000000139e+01,9.124788999999999817e-01,2.923050666666666757e+02
5.055000000000000000e+02,9.150856999999999175e+01,8.691104999999998970e-01,3.040463000000000306e+02
5.155000000000000000e+02,9.141859000000000890e+01,8.490667999999998994e-01,3.160160666666666316e+02
5.255000000000000000e+02,9.176714999999998668e+01,8.236326000000000480e-01,3.282179333333332920e+02
5.355000000000000000e+02,9.204999999999999716e+01,8.607420999999998434e-01,3.406488333333333571e+02
5.455000000000000000e+02,9.178715000000001112e+01,8.411576999999998971e-01,3.533224333333332652e+02
5.555000000000000000e+02,9.123713000000000761e+01,8.243743999999999517e-01,3.662460666666667066e+02
5.655000000000000000e+02,9.197570999999999231e+01,7.691749000000001057e-01,3.794412666666666496e+02
5.755000000000000000e+02,9.174285000000000423e+01,7.945122999999999491e-01,3.928765333333333842e+02
5.855000000000000000e+02,9.151713999999999771e+01,7.557159999999999433e-01,4.065205666666666957e+02
5.955000000000000000e+02,9.125570999999999344e+01,7.673821999999999033e-01,4.203737666666667110e+02
6.055000000000000000e+02,9.158572000000000912e+01,7.540061000000000124e-01,4.344622999999999706e+02
6.155000000000000000e+02,9.163857000000000141e+01,7.282017000000000628e-01,4.488023666666666145e+02
6.255000000000000000e+02,9.171286000000000627e+01,7.323268000000000555e-01,4.634037333333332640e+02
6.355000000000000000e+02,9.182571000000000083e+01,7.170444000000000262e-01,4.782373333333333676e+02
6.455000000000000000e+02,9.195000000000000284e+01,7.168240000000000167e-01,4.933103333333333467e+02
6.555000000000000000e+02,9.169712999999998715e+01,6.931879000000000790e-01,5.086155999999999722e+02
6.655000000000000000e+02,9.190997999999999024e+01,6.996247999999999356e-01,5.241598666666667441e+02
6.755000000000000000e+02,9.160998999999999626e+01,6.811867999999999812e-01,5.399438333333333730e+02
6.855000000000000000e+02,9.166000999999999976e+01,6.727547000000000388e-01,5.559483666666666295e+02
6.955000000000000000e+02,9.197713000000001671e+01,6.490946999999999134e-01,5.721716999999999871e+02
7.055000000000000000e+02,9.205143999999999949e+01,6.690947999999999896e-01,5.886162999999999101e+02
7.155000000000000000e+02,9.172717000000000098e+01,6.555722000000000493e-01,6.052891999999999371e+02
7.255000000000000000e+02,9.181712999999999170e+01,6.335053999999999963e-01,6.221716333333332614e+02
7.355000000000000000e+02,9.184427999999999770e+01,6.230881000000000336e-01,6.392742333333333136e+02
7.455000000000000000e+02,9.195428999999998609e+01,6.108168000000000486e-01,6.566147333333334473e+02
7.555000000000000000e+02,9.169998999999998546e+01,6.339566000000000923e-01,6.741928999999998950e+02
7.655000000000000000e+02,9.175855999999998858e+01,6.213739999999999819e-01,6.920066666666667743e+02
7.755000000000000000e+02,9.206999999999997897e+01,6.230701999999999074e-01,7.100457666666666228e+02
7.855000000000000000e+02,9.179142999999999120e+01,6.189318999999999793e-01,7.283473000000000184e+02
7.955000000000000000e+02,9.161428000000000793e+01,5.934255000000000502e-01,7.469270000000000209e+02
8.055000000000000000e+02,9.158285000000000764e+01,5.816936999999999802e-01,7.657681333333332532e+02
8.155000000000000000e+02,9.169142999999999688e+01,6.080259000000001191e-01,7.848505333333334875e+02
8.255000000000000000e+02,9.191572000000000742e+01,6.153494999999999937e-01,8.041841999999999189e+02
8.355000000000000000e+02,9.178714000000002216e+01,5.819050000000001166e-01,8.237394333333334089e+02
8.455000000000000000e+02,9.164285999999999888e+01,5.775914999999999244e-01,8.435199333333333698e+02
8.555000000000000000e+02,9.178426999999999225e+01,5.699655000000000138e-01,8.635495999999999412e+02
8.655000000000000000e+02,9.165425999999999362e+01,5.471340999999999566e-01,8.838071666666668307e+02
8.755000000000000000e+02,9.162000000000000455e+01,5.587411999999999379e-01,9.042877666666666983e+02
8.855000000000000000e+02,9.157857000000001335e+01,5.553623999999999228e-01,9.250050333333332446e+02
8.955000000000000000e+02,9.147141999999999484e+01,5.528240999999999294e-01,9.459678333333331466e+02
9.055000000000000000e+02,9.140999999999999659e+01,5.568395999999999901e-01,9.671741000000001804e+02
9.155000000000000000e+02,9.165713999999999828e+01,5.364915999999999574e-01,9.886366000000000440e+02
9.255000000000000000e+02,9.162716000000000349e+01,5.188638999999999335e-01,1.010338333333333367e+03
9.355000000000000000e+02,9.154999999999999716e+01,5.306371999999999201e-01,1.032269333333333179e+03
9.455000000000000000e+02,9.169570999999999117e+01,5.401633999999999602e-01,1.054436000000000149e+03
9.555000000000000000e+02,9.173287000000000546e+01,5.269793000000000394e-01,1.076833999999999833e+03
9.655000000000000000e+02,9.177141000000000304e+01,5.103600999999999832e-01,1.099462666666666792e+03
9.755000000000000000e+02,9.177000999999999920e+01,5.018200999999999912e-01,1.122318666666666786e+03
9.855000000000000000e+02,9.162570999999999799e+01,5.027617999999999254e-01,1.145412666666666837e+03
9.955000000000000000e+02,9.160001000000002591e+01,5.070495000000000418e-01,1.168727000000000089e+03
1.005500000000000000e+03,9.165855999999999426e+01,5.194425000000000292e-01,1.192255000000000109e+03
1.015500000000000000e+03,9.172572000000000969e+01,5.097022000000001052e-01,1.216001000000000204e+03
1.025500000000000000e+03,9.161142999999999859e+01,4.973158999999999774e-01,1.239972666666666782e+03
1.035500000000000000e+03,9.182714999999998895e+01,4.924811999999999523e-01,1.264173666666666577e+03
1.045500000000000000e+03,9.170426000000000499e+01,4.790398999999999630e-01,1.288644000000000005e+03
1.055500000000000000e+03,9.165284999999998661e+01,4.726590999999999987e-01,1.313363666666666631e+03
1.065500000000000000e+03,9.170713000000000648e+01,4.762858000000000369e-01,1.338319333333333589e+03
1.075500000000000000e+03,9.148571000000001163e+01,4.734319000000000166e-01,1.363519999999999982e+03
1.085500000000000000e+03,9.149857000000000085e+01,4.736640999999999768e-01,1.388960000000000036e+03
1.095500000000000000e+03,9.167287000000000319e+01,4.688577000000000439e-01,1.414640000000000100e+03
1.105500000000000000e+03,9.166572000000000742e+01,4.692669999999999897e-01,1.440556333333333441e+03
1.115500000000000000e+03,9.169428000000000623e+01,4.590691999999999551e-01,1.466709000000000060e+03
1.125500000000000000e+03,9.180143000000001052e+01,4.647409999999999597e-01,1.493086666666666815e+03
1.135500000000000000e+03,9.170714000000000965e+01,4.483110000000000150e-01,1.519678333333333512e+03
1.145500000000000000e+03,9.176428000000001362e+01,4.596136999999999584e-01,1.546526000000000067e+03
1.155500000000000000e+03,9.147857000000000482e+01,4.619124000000000008e-01,1.573632000000000062e+03
1.165500000000000000e+03,9.177428000000000452e+01,4.496196999999999555e-01,1.600974333333333334e+03
1.175500000000000000e+03,9.169572999999999752e+01,4.414001999999999093e-01,1.628557000000000244e+03
1.185500000000000000e+03,9.171858000000000288e+01,4.472239000000000075e-01,1.656364333333333434e+03
1.195500000000000000e+03,9.175284000000002038e+01,4.463706000000000063e-01,1.684378666666666732e+03
1.205500000000000000e+03,9.166428999999999405e+01,4.390036999999999412e-01,1.712617333333333136e+03
1.215500000000000000e+03,9.174572000000000571e+01,4.436255999999999533e-01,1.741078666666666777e+03
1.225500000000000000e+03,9.179142999999999120e+01,4.348335000000000394e-01,1.769749666666666599e+03
1.235500000000000000e+03,9.162142000000000053e+01,4.320636000000000476e-01,1.798650666666666439e+03
1.245500000000000000e+03,9.169428999999999519e+01,4.314240999999999771e-01,1.827782666666666728e+03
1.255500000000000000e+03,9.159572000000000003e+01,4.363625999999999894e-01,1.857143999999999778e+03
1.265500000000000000e+03,9.168859000000000492e+01,4.323174999999999102e-01,1.886737333333333254e+03
1.275500000000000000e+03,9.160571999999999093e+01,4.219230999999999954e-01,1.916569333333333361e+03
1.285500000000000000e+03,9.168142000000000280e+01,4.308181000000000371e-01,1.946628000000000156e+03
1.295500000000000000e+03,9.172285999999999717e+01,4.344941999999999416e-01,1.976900666666666439e+03
1.305500000000000000e+03,9.168141999999998859e+01,4.303799000000000374e-01,2.007392666666666628e+03
1.315500000000000000e+03,9.173570999999999742e+01,4.311836000000000557e-01,2.038107333333333372e+03
1.325500000000000000e+03,9.171857999999998867e+01,4.208073999999999981e-01,2.069046666666666624e+03
1.335500000000000000e+03,9.168142000000000280e+01,4.220841000000000176e-01,2.100210666666666839e+03
1.345500000000000000e+03,9.171429000000000542e+01,4.157609999999999917e-01,2.131608999999999469e+03
1.355500000000000000e+03,9.179285000000001560e+01,4.090797000000000461e-01,2.163226999999999862e+03
1.365500000000000000e+03,9.177571999999999264e+01,4.134864000000000317e-01,2.195060000000000400e+03
1.375500000000000000e+03,9.171572000000000457e+01,4.062618000000000618e-01,2.227123000000000047e+03
1.385500000000000000e+03,9.181713999999999487e+01,4.056857999999999853e-01,2.259426333333332877e+03
1.395500000000000000e+03,9.174855999999999767e+01,4.121537000000000672e-01,2.291961333333333641e+03
1.405500000000000000e+03,9.169000999999998669e+01,4.020613000000000103e-01,2.324742333333333136e+03
1.415500000000000000e+03,9.176713999999999771e+01,4.116905999999999066e-01,2.357783999999999651e+03
1.425500000000000000e+03,9.171285999999999206e+01,4.053345999999999338e-01,2.391070999999999913e+03
1.435500000000000000e+03,9.175284999999999513e+01,4.064963999999999800e-01,2.424603666666666413e+03
1.445500000000000000e+03,9.175284999999999513e+01,4.114974000000000132e-01,2.458373333333333449e+03
1.455500000000000000e+03,9.172856000000000165e+01,3.976742999999999806e-01,2.492373000000000047e+03
1.465500000000000000e+03,9.183001000000000147e+01,3.975290999999999686e-01,2.526595999999999549e+03
1.475500000000000000e+03,9.174142999999999404e+01,4.036705000000000432e-01,2.561050333333333128e+03
1.485500000000000000e+03,9.175714999999999577e+01,4.067884000000000499e-01,2.595725999999999658e+03
1.495500000000000000e+03,9.172428999999999633e+01,3.975062999999999791e-01,2.630633666666666613e+03
1.505500000000000000e+03,9.187000999999999351e+01,4.042206000000000410e-01,2.665779333333333398e+03
1.515500000000000000e+03,9.162856999999999630e+01,3.898670999999999665e-01,2.701159666666666453e+03
1.525500000000000000e+03,9.176429000000000258e+01,3.953691999999999762e-01,2.736768333333332976e+03
1.535500000000000000e+03,9.168571000000000026e+01,3.996317000000000341e-01,2.772596333333333405e+03
1.545500000000000000e+03,9.171426999999999907e+01,3.878770999999999747e-01,2.808641000000000076e+03
1.555500000000000000e+03,9.178285999999999945e+01,3.948817000000000021e-01,2.844894333333333634e+03
1.565500000000000000e+03,9.166143000000002417e+01,4.039951000000000514e-01,2.881376666666666551e+03
1.575500000000000000e+03,9.168570000000001130e+01,3.905599000000000154e-01,2.918092666666666901e+03
1.585500000000000000e+03,9.179571999999998866e+01,3.992380999999999847e-01,2.955018666666666832e+03
1.595500000000000000e+03,9.174428000000000338e+01,3.898121999999999976e-01,2.992161333333333459e+03
1.605500000000000000e+03,9.174857000000000085e+01,3.801545000000000618e-01,3.029523666666666941e+03
1.615500000000000000e+03,9.174858000000000402e+01,3.868382000000000209e-01,3.067108666666666522e+03
1.625500000000000000e+03,9.172143000000001223e+01,3.905100000000000238e-01,3.104931333333332987e+03
1.635500000000000000e+03,9.175428999999999746e+01,3.845423000000000036e-01,3.142984666666667181e+03
1.645500000000000000e+03,9.175427000000000533e+01,3.868603999999999377e-01,3.181254333333333307e+03
1.655500000000000000e+03,9.180284999999999229e+01,3.792795999999999390e-01,3.219733000000000175e+03
1.665500000000000000e+03,9.173999999999998067e+01,3.821388000000000007e-01,3.258427333333333536e+03
1.675500000000000000e+03,9.176858000000000004e+01,3.902256000000000058e-01,3.297347999999999502e+03
1.685500000000000000e+03,9.181998999999999000e+01,3.775965000000000016e-01,3.336498333333332994e+03
1.695500000000000000e+03,9.179857999999998697e+01,3.889253999999999767e-01,3.375869999999999891e+03
1.705500000000000000e+03,9.184857000000000937e+01,3.794710000000000583e-01,3.415469666666666853e+03
1.715500000000000000e+03,9.169000999999998669e+01,3.790221999999999758e-01,3.455308666666666340e+03
1.725500000000000000e+03,9.182714000000001420e+01,3.808448999999999307e-01,3.495392333333333227e+03
1.735500000000000000e+03,9.187999999999999545e+01,3.751318000000000152e-01,3.535737999999999829e+03
1.745500000000000000e+03,9.182429000000000485e+01,3.869061999999999779e-01,3.576353666666666868e+03
1.755500000000000000e+03,9.188570999999998890e+01,3.910621999999999709e-01,3.617241999999999734e+03
1.765500000000000000e+03,9.174284999999999002e+01,3.839183999999999930e-01,3.658380000000000109e+03
1.775500000000000000e+03,9.182143000000000654e+01,3.723201999999999900e-01,3.699759000000000469e+03
1.785500000000000000e+03,9.185001000000001170e+01,3.744522000000000128e-01,3.741375000000000000e+03
1.795500000000000000e+03,9.186143000000001280e+01,3.872898000000000174e-01,3.783232333333333372e+03
1.805500000000000000e+03,9.185715000000000430e+01,3.795029000000000319e-01,3.825341999999999643e+03
1.815500000000000000e+03,9.185999999999999943e+01,3.722576000000000218e-01,3.867711999999999534e+03
1.825500000000000000e+03,9.181856999999999402e+01,3.835188999999999959e-01,3.910309000000000196e+03
1.835500000000000000e+03,9.185287999999999897e+01,3.672394999999999965e-01,3.953143000000000029e+03
1.845500000000000000e+03,9.188857000000000141e+01,3.709407999999999594e-01,3.996210666666667294e+03
1.855500000000000000e+03,9.183999000000001445e+01,3.671482999999999830e-01,4.039506666666666661e+03
1.865500000000000000e+03,9.173428999999998723e+01,3.694590999999999847e-01,4.083020333333332928e+03
1.875500000000000000e+03,9.184429000000000087e+01,3.713316000000000394e-01,4.126759000000000015e+03
1.885500000000000000e+03,9.184284999999999854e+01,3.718222999999999945e-01,4.170715999999999440e+03
1.895500000000000000e+03,9.191714000000000340e+01,3.786190000000000389e-01,4.214889666666666926e+03
1.905500000000000000e+03,9.179999000000000819e+01,3.612095000000000167e-01,4.259283666666667159e+03
1.915500000000000000e+03,9.182713000000001102e+01,3.668263999999999969e-01,4.303903000000000247e+03
1.925500000000000000e+03,9.179428000000000054e+01,3.662539999999999685e-01,4.348761333333333823e+03
1.935500000000000000e+03,9.176142999999999006e+01,3.683131999999999517e-01,4.393841000000000349e+03
1.945500000000000000e+03,9.183714000000000510e+01,3.703537000000000079e-01,4.439140666666668039e+03
1.955500000000000000e+03,9.178571999999999775e+01,3.685733999999999955e-01,4.484668333333333067e+03
1.965500000000000000e+03,9.177715000000000600e+01,3.720375000000000210e-01,4.530429666666666890e+03
1.975500000000000000e+03,9.185000999999999749e+01,3.658316000000000345e-01,4.576424666666666781e+03
1.985500000000000000e+03,9.186999000000000137e+01,3.787601999999999913e-01,4.622667999999999665e+03
1.995500000000000000e+03,9.184143999999999153e+01,3.779175000000000173e-01,4.669139666666666017e+03
2.005500000000000000e+03,9.180857999999999208e+01,3.628471000000000335e-01,4.715844999999999345e+03
2.015500000000000000e+03,9.197140999999999167e+01,3.660415999999999670e-01,4.762772999999999229e+03
2.025500000000000000e+03,9.183001000000000147e+01,3.645015999999999812e-01,4.809940666666666402e+03
2.035500000000000000e+03,9.188570999999998890e+01,3.700278000000000178e-01,4.857339666666666744e+03
2.045500000000000000e+03,9.186572000000001026e+01,3.645053999999999794e-01,4.904970999999999549e+03
2.055500000000000000e+03,9.190999000000000763e+01,3.668605999999999812e-01,4.952841666666666242e+03
2.065500000000000000e+03,9.173856999999999573e+01,3.700358000000000258e-01,5.000961333333333641e+03
2.075500000000000000e+03,9.181428999999998553e+01,3.665079999999999449e-01,5.049328999999999724e+03
2.085500000000000000e+03,9.188998999999999739e+01,3.754345000000000043e-01,5.097939000000000306e+03
2.095500000000000000e+03,9.171285000000001730e+01,3.833199999999999941e-01,5.146797333333332972e+03
2.105500000000000000e+03,9.164714000000000738e+01,3.616829000000000294e-01,5.195909666666667363e+03
2.115500000000000000e+03,9.173286000000000229e+01,3.701789999999999803e-01,5.245268000000000939e+03
2.125500000000000000e+03,9.184855999999999199e+01,3.706285000000000274e-01,5.294855333333332965e+03
2.135500000000000000e+03,9.172858000000000800e+01,3.880883000000000527e-01,5.344699666666666417e+03
2.145500000000000000e+03,9.175858000000000914e+01,3.818518999999999664e-01,5.394781666666666752e+03
2.155500000000000000e+03,9.186713000000000306e+01,3.732716999999999841e-01,5.445110999999999876e+03
2.165500000000000000e+03,9.185857000000000028e+01,3.712277999999999412e-01,5.495726000000000568e+03
2.175500000000000000e+03,9.178000000000000114e+01,3.714510999999999785e-01,5.546605333333333874e+03
2.185500000000000000e+03,9.176427999999999940e+01,3.762523999999999869e-01,5.597708666666667341e+03
2.195500000000000000e+03,9.179857000000001221e+01,3.698483999999999661e-01,5.649038666666666359e+03
2.205500000000000000e+03,9.181716000000000122e+01,3.747009000000000034e-01,5.700599000000000160e+03
2.215500000000000000e+03,9.176000000000001933e+01,3.720729999999999871e-01,5.752372000000000298e+03
2.225500000000000000e+03,9.183142999999999745e+01,3.791067999999999660e-01,5.804363333333333685e+03
2.235500000000000000e+03,9.182572000000000401e+01,3.763755000000000295e-01,5.856575666666665711e+03
2.245500000000000000e+03,9.180427999999999145e+01,3.759009999999999296e-01,5.909023000000000138e+03
2.255500000000000000e+03,9.173571999999998638e+01,3.764405000000000112e-01,5.961695333333333110e+03
2.265500000000000000e+03,9.177428000000000452e+01,3.825579000000000063e-01,6.014577333333332717e+03
2.275500000000000000e+03,9.176713999999999771e+01,3.717912999999999912e-01,6.067669666666666672e+03
2.285500000000000000e+03,9.171857999999998867e+01,3.752124000000000015e-01,6.120985666666666475e+03
2.295500000000000000e+03,9.172001000000000204e+01,3.766343999999999803e-01,6.174521666666666533e+03
2.305500000000000000e+03,9.181285999999998637e+01,3.767952999999999997e-01,6.228272999999999229e+03
2.315500000000000000e+03,9.180573000000001116e+01,3.737656999999999785e-01,6.282261333333332914e+03
2.325500000000000000e+03,9.175428999999999746e+01,3.772077000000000346e-01,6.336494333333333088e+03
2.335500000000000000e+03,9.170429000000000030e+01,3.770890000000000075e-01,6.390960666666666839e+03
2.345500000000000000e+03,9.182142000000001758e+01,3.754351000000000216e-01,6.445646666666666533e+03
2.355500000000000000e+03,9.174715000000000487e+01,3.759363000000000565e-01,6.500555333333333692e+03
2.365500000000000000e+03,9.174283999999998684e+01,3.741413999999999573e-01,6.555688000000000102e+03
2.375500000000000000e+03,9.176142000000001531e+01,3.794066000000000383e-01,6.611031666666666752e+03
2.385500000000000000e+03,9.171856999999999971e+01,3.770565999999999640e-01,6.666591000000000349e+03
2.395500000000000000e+03,9.176143000000000427e+01,3.754156999999999633e-01,6.722382666666667319e+03
2.405500000000000000e+03,9.176142000000001531e+01,3.774911999999999712e-01,6.778400666666666439e+03
2.415500000000000000e+03,9.174287999999999954e+01,3.729619000000000129e-01,6.834632999999999811e+03
2.425500000000000000e+03,9.172714000000000567e+01,3.828979000000000132e-01,6.891088999999999942e+03
2.435500000000000000e+03,9.182143000000000654e+01,3.803308999999999718e-01,6.947783666666667159e+03
2.445500000000000000e+03,9.174429000000000656e+01,3.832174999999999332e-01,7.004730000000000473e+03
2.455500000000000000e+03,9.177000999999998498e+01,3.836286000000000418e-01,7.061914000000001579e+03
2.465500000000000000e+03,9.173000999999999294e+01,3.770016000000000478e-01,7.119334333333334143e+03
2.475500000000000000e+03,9.178857000000000710e+01,3.812067000000000094e-01,7.176984999999998763e+03
2.485500000000000000e+03,9.177000999999999920e+01,3.814771999999999608e-01,7.234864999999999782e+03
2.495500000000000000e+03,9.171856000000001075e+01,3.779329000000000160e-01,7.292993000000000393e+03
2.505500000000000000e+03,9.176000999999999408e+01,3.814714999999999634e-01,7.351385333333333620e+03
2.515500000000000000e+03,9.172427999999999315e+01,3.774494999999999933e-01,7.410043999999999869e+03
2.525500000000000000e+03,9.174429000000000656e+01,3.770148999999999861e-01,7.468936333333333096e+03
2.535500000000000000e+03,9.166998000000000957e+01,3.768383999999999623e-01,7.528061999999999898e+03
2.545500000000000000e+03,9.169427000000000305e+01,3.868095999999999757e-01,7.587427333333334900e+03
2.555500000000000000e+03,9.168572000000001765e+01,3.799434999999999896e-01,7.647046666666666169e+03
2.565500000000000000e+03,9.173714999999999975e+01,3.820496999999999921e-01,7.706895999999998821e+03
2.575500000000000000e+03,9.170430000000000348e+01,3.803559999999999719e-01,7.766983000000000175e+03
2.585500000000000000e+03,9.171000999999998271e+01,3.811298999999999659e-01,7.827318666666666104e+03
2.595500000000000000e+03,9.171716000000000690e+01,3.830471000000000292e-01,7.887918333333333067e+03
2.605500000000000000e+03,9.168571999999998923e+01,3.837337999999999583e-01,7.948769666666667035e+03
2.615500000000000000e+03,9.166570999999999003e+01,3.794135000000000146e-01,8.009869333333333088e+03
2.625500000000000000e+03,9.170856000000000563e+01,3.746453000000000144e-01,8.071218333333335067e+03
2.635500000000000000e+03,9.169286999999999921e+01,3.790831000000000062e-01,8.132809333333332688e+03
2.645500000000000000e+03,9.173857999999999890e+01,3.775251000000000579e-01,8.194627000000000407e+03
2.655500000000000000e+03,9.167000999999999067e+01,3.752658999999999301e-01,8.256669999999998254e+03
2.665500000000000000e+03,9.168141999999998859e+01,3.811959999999999793e-01,8.318944666666666308e+03
2.675500000000000000e+03,9.169142999999999688e+01,3.789802999999999367e-01,8.381445666666668330e+03
2.685500000000000000e+03,9.168715000000000259e+01,3.719490000000000296e-01,8.444188666666665085e+03
2.695500000000000000e+03,9.169429000000000940e+01,3.803314999999999890e-01,8.507185333333332892e+03
2.705500000000000000e+03,9.167000000000000171e+01,3.795734000000000607e-01,8.570431000000000495e+03
2.715500000000000000e+03,9.168856999999999857e+01,3.754354000000000302e-01,8.633941999999999098e+03
2.725500000000000000e+03,9.166286999999999807e+01,3.759160000000000279e-01,8.697722333333334973e+03
2.735500000000000000e+03,9.161428999999999689e+01,3.819428999999999741e-01,8.761770666666667239e+03
2.745500000000000000e+03,9.168999999999999773e+01,3.747392999999999974e-01,8.826064000000000306e+03
2.755500000000000000e+03,9.164000000000001478e+01,3.796935000000000171e-01,8.890599333333335380e+03
2.765500000000000000e+03,9.165142999999999063e+01,3.788954999999999962e-01,8.955382999999999811e+03
2.775500000000000000e+03,9.164857000000000653e+01,3.790979999999999905e-01,9.020414999999999054e+03
2.785500000000000000e+03,9.164427999999999486e+01,3.757309999999999817e-01,9.085684333333334507e+03
2.795500000000000000e+03,9.165713000000000932e+01,3.830894999999999717e-01,9.151193000000001120e+03
2.805500000000000000e+03,9.164856000000000336e+01,3.762446999999999875e-01,9.216934333333334507e+03
2.815500000000000000e+03,9.164428999999999803e+01,3.834689000000000569e-01,9.282902666666666846e+03
2.825500000000000000e+03,9.160715000000000430e+01,3.712233999999999812e-01,9.349093666666667559e+03
2.835500000000000000e+03,9.163713000000001330e+01,3.786370000000000013e-01,9.415507999999997992e+03
2.845500000000000000e+03,9.163000999999999863e+01,3.756704000000000709e-01,9.482153666666667050e+03
2.855500000000000000e+03,9.162855999999999312e+01,3.648894999999999778e-01,9.549022333333332426e+03
2.865500000000000000e+03,9.162857000000001051e+01,3.628781999999999841e-01,9.616118666666665376e+03
2.875500000000000000e+03,9.160857999999998924e+01,3.710438999999999821e-01,9.683432333333334100e+03
2.885500000000000000e+03,9.159141999999999939e+01,3.759557000000000038e-01,9.750967333333332135e+03
2.895500000000000000e+03,9.160857000000001449e+01,3.791482000000000463e-01,9.818708999999998923e+03
2.905500000000000000e+03,9.164287000000001626e+01,3.662366000000000232e-01,9.886667333333334682e+03
2.915500000000000000e+03,9.158857000000000426e+01,3.731122000000000050e-01,9.954871333333332586e+03
2.925500000000000000e+03,9.160429000000000599e+01,3.707032000000000105e-01,1.002332133333333331e+04
2.935500000000000000e+03,9.159287000000000489e+01,3.725578999999999974e-01,1.009201666666666642e+04
2.945500000000000000e+03,9.158144000000001483e+01,3.798697999999999797e-01,1.016097333333333154e+04
2.955500000000000000e+03,9.161856000000001643e+01,3.656152000000000291e-01,1.023014999999999964e+04
2.965500000000000000e+03,9.158000999999998726e+01,3.685757000000000616e-01,1.029954999999999927e+04
2.975500000000000000e+03,9.158142999999999745e+01,3.657469000000000414e-01,1.036920000000000073e+04
2.985500000000000000e+03,9.160857999999998924e+01,3.627551999999999999e-01,1.043910000000000036e+04
2.995500000000000000e+03,9.159144000000000574e+01,3.712357000000000018e-01,1.050925000000000000e+04
3.005500000000000000e+03,9.158284999999999343e+01,3.651612000000000191e-01,1.057964999999999964e+04
3.015500000000000000e+03,9.157713999999999999e+01,3.705517000000000394e-01,1.065031333333333350e+04
3.025500000000000000e+03,9.154141000000001327e+01,3.775070999999999843e-01,1.072121000000000276e+04
3.035500000000000000e+03,9.156999999999999318e+01,3.670906999999999920e-01,1.079235666666666657e+04
3.045500000000000000e+03,9.158286999999998557e+01,3.736556999999999795e-01,1.086369333333333270e+04
3.055500000000000000e+03,9.157284999999998831e+01,3.683535999999999477e-01,1.093529333333333489e+04
3.065500000000000000e+03,9.154143000000000541e+01,3.674396999999999247e-01,1.100713999999999942e+04
3.075500000000000000e+03,9.156856999999999402e+01,3.673004999999999742e-01,1.107926666666666642e+04
3.085500000000000000e+03,9.154286000000000456e+01,3.708390999999999771e-01,1.115168000000000029e+04
3.095500000000000000e+03,9.154715000000000202e+01,3.704929000000000139e-01,1.122432333333333372e+04
3.105500000000000000e+03,9.155714000000000397e+01,3.726238999999999524e-01,1.129720666666666693e+04
3.115500000000000000e+03,9.156856999999999402e+01,3.725935999999999693e-01,1.137032999999999993e+04
3.125500000000000000e+03,9.154427999999998633e+01,3.639358999999999789e-01,1.144370333333333292e+04
3.135500000000000000e+03,9.152144000000001256e+01,3.642432000000000447e-01,1.151729666666666708e+04
3.145500000000000000e+03,9.152855999999999881e+01,3.685677000000000536e-01,1.159111666666666679e+04
3.155500000000000000e+03,9.153716000000000008e+01,3.669448999999999073e-01,1.166520000000000073e+04
3.165500000000000000e+03,9.153428999999999860e+01,3.695443999999999951e-01,1.173951333333333241e+04
3.175500000000000000e+03,9.153856999999999289e+01,3.649959999999999871e-01,1.181405333333333510e+04
3.185500000000000000e+03,9.153000000000000114e+01,3.641526000000000485e-01,1.188881666666666570e+04
3.195500000000000000e+03,9.154573000000000604e+01,3.649473000000000300e-01,1.196383333333333212e+04
3.205500000000000000e+03,9.150430000000000064e+01,3.660294000000000048e-01,1.203908000000000175e+04
3.215500000000000000e+03,9.152285999999999433e+01,3.672825000000000117e-01,1.211458666666666613e+04
3.225500000000000000e+03,9.152998999999999796e+01,3.692932999999999910e-01,1.219033666666666613e+04
3.235500000000000000e+03,9.152287000000001171e+01,3.672444999999999737e-01,1.226636666666666497e+04
3.245500000000000000e+03,9.151856000000000790e+01,3.642222000000000515e-01,1.234260999999999876e+04
3.255500000000000000e+03,9.152858000000000516e+01,3.714658000000000682e-01,1.241910666666666839e+04
3.265500000000000000e+03,9.150712999999998942e+01,3.693934999999999858e-01,1.249584000000000015e+04
3.275500000000000000e+03,9.148713999999999658e+01,3.671862000000000181e-01,1.257279666666666526e+04
3.285500000000000000e+03,9.151143000000000427e+01,3.696842999999999657e-01,1.264998666666666577e+04
3.295500000000000000e+03,9.147857999999999379e+01,3.680761000000000172e-01,1.272742000000000189e+04
3.305500000000000000e+03,9.150285999999999831e+01,3.686094000000000870e-01,1.280512333333333299e+04
3.315500000000000000e+03,9.149857000000000085e+01,3.688741999999999854e-01,1.288304333333333307e+04
3.325500000000000000e+03,9.149856999999998663e+01,3.667089000000000043e-01,1.296122999999999956e+04
3.335500000000000000e+03,9.146571000000000140e+01,3.726227999999999763e-01,1.303964666666666562e+04
3.345500000000000000e+03,9.149571000000000254e+01,3.692666000000000004e-01,1.311832333333333008e+04
3.355500000000000000e+03,9.150142999999999915e+01,3.682268000000000208e-01,1.319722999999999956e+04
3.365500000000000000e+03,9.150999000000000194e+01,3.670003000000000570e-01,1.327637000000000080e+04
3.375500000000000000e+03,9.149857999999998981e+01,3.674274000000000151e-01,1.335577000000000044e+04
3.385500000000000000e+03,9.148570999999999742e+01,3.671599999999999864e-01,1.343540999999999985e+04
3.395500000000000000e+03,9.148144000000000631e+01,3.720771999999999968e-01,1.351527333333333445e+04
3.405500000000000000e+03,9.148713000000000761e+01,3.725831999999999478e-01,1.359536999999999898e+04
3.415500000000000000e+03,9.150140999999999281e+01,3.715312000000000614e-01,1.367570666666666875e+04
3.425500000000000000e+03,9.147999000000000080e+01,3.698037000000000130e-01,1.375627333333333445e+04
3.435500000000000000e+03,9.147856000000000165e+01,3.715456000000000314e-01,1.383710333333333256e+04
3.445500000000000000e+03,9.149143000000000825e+01,3.702438000000000118e-01,1.391817000000000189e+04
3.455500000000000000e+03,9.147571999999999548e+01,3.738727000000000023e-01,1.399949666666666781e+04
3.465500000000000000e+03,9.148856999999999573e+01,3.692921999999999594e-01,1.408111000000000058e+04
3.475500000000000000e+03,9.147713999999999146e+01,3.658637999999999613e-01,1.416296000000000095e+04
3.485500000000000000e+03,9.147857000000000482e+01,3.698674000000000128e-01,1.424506000000000131e+04
3.495500000000000000e+03,9.146714000000000055e+01,3.673718999999999735e-01,1.432742333333333409e+04
3.505500000000000000e+03,9.146143999999999608e+01,3.667519999999999669e-01,1.440998999999999978e+04
3.515500000000000000e+03,9.148284999999999911e+01,3.697441000000000200e-01,1.449278333333333103e+04
3.525500000000000000e+03,9.144858000000000686e+01,3.730189000000000421e-01,1.457582999999999811e+04
3.535500000000000000e+03,9.149285000000000423e+01,3.684945000000000026e-01,1.465911333333333278e+04
3.545500000000000000e+03,9.145141999999999882e+01,3.715350000000000597e-01,1.474264000000000306e+04
3.555500000000000000e+03,9.146286999999999523e+01,3.700939999999999785e-01,1.482645000000000073e+04
3.565500000000000000e+03,9.146715000000000373e+01,3.701340000000000185e-01,1.491051333333333241e+04
3.575500000000000000e+03,9.145428000000001134e+01,3.677642999999999884e-01,1.499477999999999884e+04
3.585500000000000000e+03,9.142715000000001169e+01,3.707728000000000135e-01,1.507926000000000022e+04
3.595500000000000000e+03,9.145286000000001536e+01,3.691104000000000052e-01,1.516397666666666555e+04
3.605500000000000000e+03,9.145000000000000284e+01,3.686143000000000058e-01,1.524892000000000189e+04
3.615500000000000000e+03,9.143998999999999455e+01,3.687588000000000532e-01,1.533409333333333416e+04
3.625500000000000000e+03,9.144428999999999519e+01,3.706251000000000406e-01,1.541947666666666555e+04
3.635500000000000000e+03,9.144570999999999117e+01,3.720320999999999212e-01,1.550509666666666817e+04
3.645500000000000000e+03,9.143715000000000259e+01,3.733028000000000457e-01,1.559092666666666628e+04
3.655500000000000000e+03,9.143429999999999325e+01,3.715283999999999809e-01,1.567697666666666555e+04
3.665500000000000000e+03,9.145714999999999861e+01,3.741350999999999982e-01,1.576327666666666664e+04
3.675500000000000000e+03,9.141855999999999938e+01,3.673927000000000165e-01,1.584983333333333394e+04
3.685500000000000000e+03,9.144286000000001025e+01,3.675271999999999428e-01,1.593663999999999578e+04
3.695500000000000000e+03,9.146286000000000627e+01,3.725104000000000193e-01,1.602375666666666439e+04
3.705500000000000000e+03,9.144571000000001959e+01,3.706747000000000236e-01,1.611114999999999964e+04
3.715500000000000000e+03,9.144428999999999519e+01,3.732786000000000159e-01,1.619879666666666526e+04
3.725500000000000000e+03,9.143426999999999794e+01,3.682147999999999533e-01,1.628667333333333409e+04
3.735500000000000000e+03,9.142856000000000449e+01,3.703683999999999865e-01,1.637474666666666781e+04
3.745500000000000000e+03,9.143571000000000026e+01,3.693844000000000571e-01,1.646304999999999927e+04
3.755500000000000000e+03,9.142000000000000171e+01,3.703546999999999811e-01,1.655153666666666322e+04
3.765500000000000000e+03,9.141428000000001930e+01,3.732406000000000335e-01,1.664025000000000364e+04
3.775500000000000000e+03,9.143856999999999857e+01,3.726629000000000191e-01,1.672918000000000029e+04
3.785500000000000000e+03,9.142287000000000319e+01,3.705744000000000260e-01,1.681835666666666657e+04
3.795500000000000000e+03,9.141142000000000678e+01,3.718581999999999721e-01,1.690774666666666599e+04
3.805500000000000000e+03,9.141857000000000255e+01,3.710923999999999889e-01,1.699738999999999578e+04
3.815500000000000000e+03,9.140570999999998492e+01,3.708076000000000150e-01,1.708727666666666482e+04
3.825500000000000000e+03,9.141143000000000995e+01,3.747277999999999443e-01,1.717740333333333183e+04
3.835500000000000000e+03,9.142141999999998347e+01,3.700475999999999765e-01,1.726777000000000044e+04
3.845500000000000000e+03,9.140713999999999828e+01,3.725228999999999902e-01,1.735839999999999782e+04
3.855500000000000000e+03,9.139571999999999719e+01,3.716026000000000051e-01,1.744928666666666686e+04
3.865500000000000000e+03,9.140142000000000166e+01,3.717197999999999891e-01,1.754041666666666424e+04
3.875500000000000000e+03,9.138998999999998318e+01,3.738255000000000328e-01,1.763180000000000291e+04
3.885500000000000000e+03,9.137712999999999397e+01,3.730303999999999842e-01,1.772343000000000029e+04
3.895500000000000000e+03,9.139000000000001478e+01,3.698647999999999936e-01,1.781529999999999927e+04
3.905500000000000000e+03,9.138285999999999376e+01,3.715707000000000315e-01,1.790739333333333343e+04
3.915500000000000000e+03,9.140143000000000484e+01,3.716260999999999592e-01,1.799970666666666511e+04
3.925500000000000000e+03,9.140427999999999997e+01,3.730373000000000716e-01,1.809226666666667006e+04
3.935500000000000000e+03,9.135285999999999262e+01,3.750555999999999335e-01,1.818502666666666482e+04
3.945500000000000000e+03,9.137715000000000032e+01,3.738223999999999991e-01,1.827801000000000204e+04
3.955500000000000000e+03,9.137997999999998910e+01,3.761700000000000044e-01,1.837119666666666672e+04
3.965500000000000000e+03,9.140143000000001905e+01,3.709347000000000061e-01,1.846462333333333663e+04
3.975500000000000000e+03,9.136714999999999520e+01,3.741980999999999780e-01,1.855830666666666730e+04
3.985500000000000000e+03,9.143286000000000513e+01,3.733171999999999602e-01,1.865224333333333561e+04
3.995500000000000000e+03,9.139143000000001393e+01,3.766287999999999858e-01,1.874640000000000146e+04
4.005500000000000000e+03,9.141429000000000826e+01,3.730369999999999520e-01,1.884082333333333372e+04
4.015500000000000000e+03,9.135284999999998945e+01,3.726639999999999953e-01,1.893551333333333605e+04
4.025500000000000000e+03,9.134999999999999432e+01,3.727602999999999889e-01,1.903045000000000073e+04
4.035500000000000000e+03,9.138572000000000628e+01,3.761174000000000461e-01,1.912563999999999578e+04
4.045500000000000000e+03,9.132856999999999914e+01,3.713652000000000064e-01,1.922106000000000131e+04
4.055500000000000000e+03,9.137284999999999968e+01,3.727473000000000036e-01,1.931671333333333314e+04
4.065500000000000000e+03,9.137284999999999968e+01,3.701792000000000415e-01,1.941257999999999811e+04
4.075500000000000000e+03,9.137143999999999266e+01,3.731373000000000606e-01,1.950867666666666628e+04
4.085500000000000000e+03,9.138429000000000713e+01,3.734422000000000019e-01,1.960499999999999636e+04
4.095500000000000000e+03,9.136572999999999922e+01,3.729373999999999745e-01,1.970158333333333576e+04
4.105500000000000000e+03,9.133714999999999407e+01,3.682389000000000356e-01,1.979840000000000146e+04
4.115500000000000000e+03,9.131570999999999572e+01,3.719781999999999811e-01,1.989544666666666308e+04
4.125500000000000000e+03,9.134142999999998835e+01,3.736529999999999574e-01,1.999274000000000160e+04
4.135500000000000000e+03,9.132713999999998578e+01,3.722652000000000183e-01,2.009026666666667006e+04
4.145500000000000000e+03,9.132142000000000337e+01,3.722024999999999917e-01,2.018803333333333285e+04
4.155500000000000000e+03,9.131141999999999825e+01,3.733871999999999747e-01,2.028602666666666846e+04
4.165500000000000000e+03,9.132000999999999635e+01,3.733263999999999472e-01,2.038427000000000044e+04
4.175500000000000000e+03,9.129429999999999268e+01,3.725301999999999780e-01,2.048274333333333561e+04
4.185500000000000000e+03,9.130429000000000883e+01,3.703439999999999510e-01,2.058145333333333110e+04
4.195500000000000000e+03,9.132572000000000401e+01,3.720960999999999852e-01,2.068038666666666541e+04
4.205500000000000000e+03,9.132285999999999149e+01,3.722473999999999505e-01,2.077952333333333445e+04
4.215500000000000000e+03,9.130427000000000248e+01,3.723619999999999708e-01,2.087889333333333343e+04
4.225500000000000000e+03,9.128714999999999691e+01,3.760279999999999734e-01,2.097847333333333518e+04
4.235500000000000000e+03,9.128855000000000075e+01,3.720857000000000192e-01,2.107828666666666322e+04
4.245500000000000000e+03,9.129571999999998866e+01,3.710221999999999687e-01,2.117833333333333212e+04
4.255500000000000000e+03,9.129140999999999906e+01,3.762353999999999976e-01,2.127859666666666817e+04
4.265500000000000000e+03,9.128000000000000114e+01,3.741188999999999765e-01,2.137910333333333256e+04
4.275500000000000000e+03,9.130001999999998930e+01,3.764838999999999825e-01,2.147983000000000175e+04
4.285500000000000000e+03,9.123999000000000592e+01,3.754840000000000400e-01,2.158081000000000131e+04
4.295500000000000000e+03,9.127856999999998777e+01,3.737430000000000474e-01,2.168204000000000087e+04
4.305500000000000000e+03,9.126714000000001192e+01,3.730564999999999576e-01,2.178351666666667006e+04
4.315500000000000000e+03,9.128285000000001048e+01,3.728692999999999591e-01,2.188525333333333401e+04
4.325500000000000000e+03,9.126142000000001531e+01,3.742885999999999713e-01,2.198719333333333270e+04
4.335500000000000000e+03,9.126142999999999006e+01,3.749031999999999920e-01,2.208937333333333299e+04
4.345500000000000000e+03,9.124714000000000169e+01,3.751469000000000054e-01,2.219180000000000291e+04
4.355500000000000000e+03,9.120428999999998609e+01,3.759858999999999840e-01,2.229439333333333343e+04
4.365500000000000000e+03,9.123857999999998469e+01,3.720383999999999913e-01,2.239724000000000160e+04
4.375500000000000000e+03,9.123857000000000994e+01,3.744248000000000021e-01,2.250029333333333125e+04
4.385500000000000000e+03,9.122141999999999484e+01,3.736720000000000041e-01,2.260356333333333168e+04
4.395500000000000000e+03,9.124571000000000254e+01,3.731818999999999553e-01,2.270707333333333372e+04
4.405500000000000000e+03,9.123286000000000229e+01,3.735020000000000007e-01,2.281082333333333372e+04
4.415500000000000000e+03,9.124715000000000487e+01,3.735768999999999895e-01,2.291481999999999971e+04
4.425500000000000000e+03,9.121286000000000627e+01,3.752232999999999818e-01,2.301904999999999927e+04
4.435500000000000000e+03,9.122287000000000035e+01,3.748411999999999855e-01,2.312349000000000160e+04
4.445500000000000000e+03,9.122000999999998783e+01,3.717079000000000355e-01,2.322816666666666788e+04
4.455500000000000000e+03,9.121999999999999886e+01,3.742930999999999897e-01,2.333306333333333168e+04
4.465500000000000000e+03,9.119428000000000623e+01,3.775193000000000021e-01,2.343817666666666628e+04
4.475500000000000000e+03,9.120144999999999413e+01,3.768709999999999560e-01,2.354350666666666802e+04
4.485500000000000000e+03,9.121001000000001113e+01,3.730630000000000335e-01,2.364906999999999971e+04
4.495500000000000000e+03,9.118712999999999624e+01,3.759981000000000018e-01,2.375486333333333096e+04
4.505500000000000000e+03,9.117286000000000001e+01,3.770931999999999618e-01,2.386088999999999942e+04
4.515500000000000000e+03,9.114715000000001055e+01,3.732816999999999941e-01,2.396713666666666541e+04
4.525500000000000000e+03,9.120427999999999713e+01,3.730416000000000287e-01,2.407361333333333459e+04
4.535500000000000000e+03,9.113857000000000141e+01,3.747557999999999723e-01,2.418031666666666570e+04
4.545500000000000000e+03,9.113714999999999122e+01,3.756313000000000013e-01,2.428722666666666919e+04
4.555500000000000000e+03,9.119428999999999519e+01,3.712883000000000155e-01,2.439436333333333096e+04
4.565500000000000000e+03,9.116857000000000255e+01,3.758441000000000143e-01,2.450177333333333081e+04
4.575500000000000000e+03,9.115000999999999465e+01,3.744465000000000154e-01,2.460940666666666584e+04
4.585500000000000000e+03,9.113857000000000141e+01,3.728165999999999980e-01,2.471731333333333168e+04
4.595500000000000000e+03,9.116715000000000657e+01,3.737042999999999893e-01,2.482548333333333358e+04
4.605500000000000000e+03,9.117998000000001468e+01,3.747522999999999826e-01,2.493391000000000349e+04
4.615500000000000000e+03,9.111856000000000222e+01,3.768536999999999582e-01,2.504258333333333212e+04
4.625500000000000000e+03,9.109569999999999368e+01,3.760392000000000179e-01,2.515147333333333518e+04
4.635500000000000000e+03,9.113714000000001647e+01,3.728395999999999932e-01,2.526058333333333576e+04
4.645500000000000000e+03,9.111429000000001110e+01,3.737354999999999983e-01,2.536993999999999869e+04
4.655500000000000000e+03,9.111714000000000624e+01,3.712943999999999689e-01,2.547953333333333649e+04
4.665500000000000000e+03,9.109427999999999770e+01,3.753632999999999553e-01,2.558936333333333459e+04
4.675500000000000000e+03,9.114428000000000907e+01,3.741459999999999786e-01,2.569943666666666468e+04
4.685500000000000000e+03,9.110714000000000112e+01,3.738894999999999857e-01,2.580971333333333314e+04
4.695500000000000000e+03,9.109144000000000574e+01,3.747544999999999904e-01,2.592020666666666511e+04
4.705500000000000000e+03,9.110141000000000133e+01,3.754970000000000252e-01,2.603093333333333430e+04
4.715500000000000000e+03,9.109573000000000320e+01,3.744632999999999989e-01,2.614190999999999985e+04
4.725500000000000000e+03,9.110858000000000345e+01,3.774759000000000309e-01,2.625310666666667021e+04
4.735500000000000000e+03,9.110714000000000112e+01,3.780343000000000453e-01,2.636454000000000087e+04
4.745500000000000000e+03,9.105429000000000883e+01,3.759879999999999889e-01,2.647621333333333678e+04
4.755500000000000000e+03,9.108714999999999407e+01,3.775619000000000058e-01,2.658811000000000422e+04
4.765500000000000000e+03,9.107998999999999512e+01,3.785566999999999682e-01,2.670022333333333518e+04
4.775500000000000000e+03,9.104999999999999716e+01,3.774747999999999992e-01,2.681257666666666773e+04
4.785500000000000000e+03,9.104572000000000287e+01,3.757333999999999952e-01,2.692511333333333096e+04
4.795500000000000000e+03,9.104855999999999483e+01,3.764147999999999938e-01,2.703795000000000073e+04
4.805500000000000000e+03,9.106286000000000058e+01,3.768987000000000309e-01,2.715121333333333678e+04
4.815500000000000000e+03,9.103714999999999691e+01,3.776544000000000567e-01,2.726471999999999389e+04
4.825500000000000000e+03,9.104714999999998781e+01,3.746124999999999594e-01,2.737846666666666351e+04
4.835500000000000000e+03,9.105001000000001454e+01,3.759119000000000210e-01,2.749245000000000073e+04
4.845500000000000000e+03,9.107428000000000168e+01,3.776931000000000038e-01,2.760668000000000029e+04
4.855500000000000000e+03,9.105142000000000735e+01,3.785064999999999680e-01,2.772115000000000146e+04
4.865500000000000000e+03,9.103000000000000114e+01,3.765919000000000350e-01,2.783586666666666133e+04
4.875500000000000000e+03,9.098570999999999742e+01,3.750468999999999609e-01,2.795083333333333212e+04
4.885500000000000000e+03,9.101855999999999369e+01,3.745141999999999638e-01,2.806601333333333605e+04
4.895500000000000000e+03,9.102713000000001387e+01,3.771141000000000076e-01,2.818140000000000146e+04
4.905500000000000000e+03,9.102429000000000769e+01,3.796153000000000444e-01,2.829702333333333445e+04
4.915500000000000000e+03,9.097857000000001904e+01,3.736430999999999503e-01,2.841290333333333183e+04
4.925500000000000000e+03,9.101427000000001044e+01,3.781096000000000457e-01,2.852902000000000044e+04
4.935500000000000000e+03,9.103285000000001048e+01,3.744183999999999846e-01,2.864536666666666861e+04
4.945500000000000000e+03,9.099855999999998346e+01,3.780869000000000035e-01,2.876193999999999505e+04
4.955500000000000000e+03,9.098286000000000229e+01,3.769463000000000119e-01,2.887874666666666599e+04
4.965500000000000000e+03,9.098427999999999827e+01,3.769492999999999872e-01,2.899574333333333561e+04
4.975500000000000000e+03,9.096571999999999036e+01,3.754444000000000115e-01,2.911296666666666351e+04
4.985500000000000000e+03,9.099430000000000973e+01,3.791364999999999874e-01,2.923041666666666424e+04
4.995500000000000000e+03,9.096426999999999907e+01,3.758728999999999543e-01,2.934808666666666250e+04
