5.500000000000000000e+00,8.061999000000000137e+01,3.524587299999999601e+01,2.201925436666666569e-01
1.550000000000000000e+01,8.265285999999998978e+01,5.839484999999999815e+00,1.262100299999999953e+00
2.550000000000000000e+01,7.719284999999999286e+01,2.348944000000000365e+00,3.202648666666666255e+00
3.550000000000000000e+01,7.889856000000000336e+01,1.537724000000000091e+00,6.091027333333333793e+00
4.550000000000000000e+01,8.226427999999999940e+01,1.978579699999999830e+00,9.909440666666666786e+00
5.550000000000000000e+01,8.306143000000000143e+01,1.683389899999999884e+00,1.461216666666666697e+01
6.550000000000000000e+01,8.018571000000000026e+01,1.013350699999999938e+00,2.025566999999999851e+01
7.550000000000000000e+01,8.212143999999999266e+01,8.675734000000000501e-01,2.678977333333333632e+01
8.550000000000000000e+01,8.321286000000000627e+01,9.014514000000000138e-01,3.420902666666665937e+01
9.550000000000000000e+01,8.392286000000000001e+01,7.097024000000000665e-01,4.249423999999999779e+01
1.055000000000000000e+02,8.189428000000000907e+01,1.045174800000000070e+00,5.166333333333333400e+01
1.155000000000000000e+02,8.610428999999999178e+01,7.535157999999999578e-01,6.171986999999999313e+01
1.255000000000000000e+02,8.441144000000001313e+01,8.146454999999999114e-01,7.265098333333334324e+01
1.355000000000000000e+02,8.557856999999999914e+01,8.457420000000001048e-01,8.443292999999998472e+01
1.455000000000000000e+02,8.747427999999999315e+01,7.428086000000000411e-01,9.706763333333333321e+01
1.555000000000000000e+02,8.553286000000001366e+01,7.261995000000001088e-01,1.105744666666666660e+02
1.655000000000000000e+02,8.716001000000001397e+01,5.386714999999999698e-01,1.249626333333333434e+02
1.755000000000000000e+02,8.385998999999999626e+01,7.512896000000000019e-01,1.402073666666666725e+02
1.855000000000000000e+02,8.470000000000000284e+01,6.235321999999999809e-01,1.563471000000000117e+02
1.955000000000000000e+02,8.630714000000000397e+01,6.085288999999999282e-01,1.734451999999999998e+02
2.055000000000000000e+02,8.636001000000001682e+01,4.806063999999999892e-01,1.914476666666666631e+02
2.155000000000000000e+02,8.705857000000000312e+01,5.895963999999999094e-01,2.103412000000000148e+02
2.255000000000000000e+02,8.688428000000001816e+01,5.745443000000000078e-01,2.301089000000000055e+02
2.355000000000000000e+02,8.513142000000000564e+01,4.735463999999999229e-01,2.507271333333333132e+02
2.455000000000000000e+02,8.784143000000000256e+01,5.881695999999999591e-01,2.722050333333333469e+02
2.555000000000000000e+02,8.857285000000001673e+01,5.479671999999999876e-01,2.945747999999999820e+02
2.655000000000000000e+02,8.623571999999998638e+01,6.850129999999999830e-01,3.178625666666666802e+02
2.755000000000000000e+02,8.794283000000001493e+01,6.214185000000000958e-01,3.420719000000000278e+02
2.855000000000000000e+02,8.784573000000000320e+01,6.355465999999999616e-01,3.671470000000000482e+02
2.955000000000000000e+02,8.808856999999997583e+01,5.469728000000000367e-01,3.930998333333333221e+02
3.055000000000000000e+02,8.869714000000000453e+01,6.022148999999999974e-01,4.199396333333332905e+02
3.155000000000000000e+02,8.888285999999999376e+01,5.852427000000000046e-01,4.476900999999999726e+02
3.255000000000000000e+02,8.897287000000000035e+01,5.798897000000000634e-01,4.763183666666665772e+02
3.355000000000000000e+02,8.785143999999999664e+01,5.699080999999999175e-01,5.058072333333333290e+02
3.455000000000000000e+02,8.855572999999999695e+01,5.104007999999999878e-01,5.361516333333332796e+02
3.555000000000000000e+02,8.851142999999999006e+01,5.054847999999999564e-01,5.674034666666666453e+02
3.655000000000000000e+02,8.931859000000000037e+01,5.241038000000000086e-01,5.995684999999999718e+02
3.755000000000000000e+02,8.943143000000000598e+01,5.113908999999999816e-01,6.326807000000001153e+02
3.855000000000000000e+02,8.944570000000000221e+01,4.703135000000000510e-01,6.667158000000000584e+02
3.955000000000000000e+02,8.988142999999999461e+01,4.304450000000000220e-01,7.016560333333333119e+02
4.055000000000000000e+02,9.011999999999999034e+01,5.352660000000000196e-01,7.375338000000000420e+02
4.155000000000000000e+02,9.048999999999999488e+01,4.947428000000000381e-01,7.743014666666665562e+02
4.255000000000000000e+02,8.962857999999999947e+01,5.237902999999999309e-01,8.119536000000000513e+02
4.355000000000000000e+02,9.089284999999999570e+01,4.468408000000000380e-01,8.505282333333332190e+02
4.455000000000000000e+02,9.057713000000001102e+01,4.877650000000001151e-01,8.900178666666666913e+02
4.555000000000000000e+02,8.979001000000002364e+01,5.083835999999999355e-01,9.304260999999999058e+02
4.655000000000000000e+02,9.111142999999999859e+01,4.662711999999999968e-01,9.717890666666665993e+02
4.755000000000000000e+02,9.038570999999998890e+01,5.342811000000000643e-01,1.014136333333333255e+03
4.855000000000000000e+02,9.150285999999999831e+01,5.026441000000000381e-01,1.057467666666666673e+03
4.955000000000000000e+02,9.088285999999999376e+01,5.299771999999999261e-01,1.101703666666666777e+03
5.055000000000000000e+02,9.128855999999998971e+01,4.792305000000000037e-01,1.146794666666666672e+03
5.155000000000000000e+02,9.117857999999998242e+01,5.289680999999999411e-01,1.192755666666666457e+03
5.255000000000000000e+02,9.130714000000000397e+01,5.367967000000000155e-01,1.239608666666666750e+03
5.355000000000000000e+02,9.145428999999998609e+01,4.616149999999999975e-01,1.287374999999999773e+03
5.455000000000000000e+02,9.179999999999999716e+01,4.306189999999999740e-01,1.336103000000000065e+03
5.555000000000000000e+02,9.120000999999999181e+01,4.735049000000000063e-01,1.385799333333333152e+03
5.655000000000000000e+02,9.165142000000000166e+01,4.324569000000000329e-01,1.436423333333333403e+03
5.755000000000000000e+02,9.165142000000000166e+01,4.525210000000000621e-01,1.487921666666666624e+03
5.855000000000000000e+02,9.153857999999999606e+01,4.495129999999999404e-01,1.540333666666666886e+03
5.955000000000000000e+02,9.184572000000000003e+01,4.250595999999999819e-01,1.593680333333333465e+03
6.055000000000000000e+02,9.165001000000000886e+01,4.322285000000000155e-01,1.647922333333333199e+03
6.155000000000000000e+02,9.183428999999999576e+01,4.094859999999999611e-01,1.703063999999999851e+03
6.255000000000000000e+02,9.192284000000000788e+01,4.431279000000000190e-01,1.759126666666666551e+03
6.355000000000000000e+02,9.103571000000000879e+01,4.625953000000000981e-01,1.816104333333333443e+03
6.455000000000000000e+02,9.172999000000001502e+01,4.588313000000000530e-01,1.874018666666666377e+03
6.555000000000000000e+02,9.178856999999999289e+01,4.142223999999999906e-01,1.932936333333333550e+03
6.655000000000000000e+02,9.179572000000000287e+01,4.449314999999999243e-01,1.992774333333333288e+03
6.755000000000000000e+02,9.191571000000000424e+01,4.443841000000000041e-01,2.053502666666666300e+03
6.855000000000000000e+02,9.186286000000001195e+01,4.509747000000000061e-01,2.115180666666666184e+03
6.955000000000000000e+02,9.187999999999999545e+01,4.138533999999999824e-01,2.177804999999999836e+03
7.055000000000000000e+02,9.186000000000001364e+01,4.272587999999999941e-01,2.241354333333333670e+03
7.155000000000000000e+02,9.192571999999999832e+01,4.773289999999999478e-01,2.305857999999999720e+03
7.255000000000000000e+02,9.206569999999999254e+01,4.537836999999999565e-01,2.371313666666666904e+03
7.355000000000000000e+02,9.189000000000000057e+01,4.797095999999999583e-01,2.437708666666666886e+03
7.455000000000000000e+02,9.196428999999999121e+01,4.454678000000000249e-01,2.505003999999999905e+03
7.555000000000000000e+02,9.177142000000000621e+01,4.737931999999999144e-01,2.573160000000000309e+03
7.655000000000000000e+02,9.202716000000000918e+01,4.436980000000000368e-01,2.642185333333333801e+03
7.755000000000000000e+02,9.226428000000001362e+01,3.968732999999999844e-01,2.712148999999999887e+03
7.855000000000000000e+02,9.202572000000000685e+01,4.527865000000000362e-01,2.783043000000000120e+03
7.955000000000000000e+02,9.215000000000000568e+01,4.505682000000000298e-01,2.854887666666666519e+03
8.055000000000000000e+02,9.205286000000000968e+01,4.496873000000000120e-01,2.927704666666666981e+03
8.155000000000000000e+02,9.203428999999999860e+01,4.690089000000000619e-01,3.001487000000000080e+03
8.255000000000000000e+02,9.213143999999999778e+01,4.678485000000000005e-01,3.076171666666667079e+03
8.355000000000000000e+02,9.222999999999998977e+01,4.512672999999999268e-01,3.151784666666666453e+03
8.455000000000000000e+02,9.215143000000000484e+01,4.525463999999999598e-01,3.228333333333333030e+03
8.555000000000000000e+02,9.224285999999999319e+01,4.483130000000000170e-01,3.305792666666666719e+03
8.655000000000000000e+02,9.219001000000000090e+01,4.503399000000000152e-01,3.384151999999999589e+03
8.755000000000000000e+02,9.226141999999998689e+01,4.577867999999999382e-01,3.463383333333333667e+03
8.855000000000000000e+02,9.212713000000000818e+01,4.151591000000000031e-01,3.543547666666666373e+03
8.955000000000000000e+02,9.213428999999999292e+01,4.191985999999999768e-01,3.624684666666666999e+03
9.055000000000000000e+02,9.211141000000000645e+01,4.546927999999999526e-01,3.706816333333333205e+03
9.155000000000000000e+02,9.223714999999999975e+01,4.351348999999999911e-01,3.789924666666667235e+03
9.255000000000000000e+02,9.211141999999999541e+01,4.203214000000000117e-01,3.873955000000000382e+03
9.355000000000000000e+02,9.215999000000000763e+01,4.112937000000000398e-01,3.958929333333333489e+03
9.455000000000000000e+02,9.212571000000001220e+01,4.046961000000000586e-01,4.044902666666667301e+03
9.555000000000000000e+02,9.223143999999999210e+01,4.109247999999999790e-01,4.131837666666666337e+03
9.655000000000000000e+02,9.205141999999999314e+01,3.865815999999999697e-01,4.219644666666667035e+03
9.755000000000000000e+02,9.218427999999998690e+01,4.074105999999999561e-01,4.308326999999999316e+03
9.855000000000000000e+02,9.208714000000000510e+01,4.034763000000000099e-01,4.397974000000000160e+03
9.955000000000000000e+02,9.201999999999999602e+01,4.044153999999999805e-01,4.488649999999999636e+03
1.005500000000000000e+03,9.220143000000000200e+01,4.200202000000000657e-01,4.580297999999999774e+03
1.015500000000000000e+03,9.207855999999999597e+01,4.144509000000000110e-01,4.672872999999999593e+03
1.025500000000000000e+03,9.214000000000001478e+01,4.110534000000000132e-01,4.766317666666666810e+03
1.035500000000000000e+03,9.215142000000000166e+01,3.928694000000000353e-01,4.860630666666666002e+03
1.045500000000000000e+03,9.200857999999999493e+01,4.005186000000000024e-01,4.955832999999999629e+03
1.055500000000000000e+03,9.213141999999999143e+01,4.122644000000000308e-01,5.051936999999999898e+03
1.065500000000000000e+03,9.209715000000001339e+01,3.914099000000000328e-01,5.148957000000000335e+03
1.075500000000000000e+03,9.211571000000000708e+01,3.963375000000000092e-01,5.246885333333332710e+03
1.085500000000000000e+03,9.213715999999999440e+01,3.905585999999999780e-01,5.345713666666667450e+03
1.095500000000000000e+03,9.202002000000000237e+01,4.052628000000000341e-01,5.445426666666666279e+03
1.105500000000000000e+03,9.215285000000000082e+01,3.825539000000000023e-01,5.546057333333333190e+03
1.115500000000000000e+03,9.207999999999999829e+01,3.998743000000000158e-01,5.647583666666667341e+03
1.125500000000000000e+03,9.196999999999999886e+01,4.113068999999999198e-01,5.749964666666666744e+03
1.135500000000000000e+03,9.206856999999999402e+01,3.907409000000000021e-01,5.853217999999999847e+03
1.145500000000000000e+03,9.202144000000001256e+01,4.057908999999999544e-01,5.957384666666667727e+03
1.155500000000000000e+03,9.211714000000000624e+01,4.020195000000000296e-01,6.062449666666666417e+03
1.165500000000000000e+03,9.211287000000000091e+01,3.943090999999999680e-01,6.168436333333333096e+03
1.175500000000000000e+03,9.205572999999999695e+01,4.110094000000000247e-01,6.275322000000000116e+03
1.185500000000000000e+03,9.199001000000001227e+01,3.887817999999999552e-01,6.383113666666667086e+03
1.195500000000000000e+03,9.205571999999999377e+01,4.055142999999999942e-01,6.491788999999999760e+03
1.205500000000000000e+03,9.198857000000000994e+01,4.190484999999999904e-01,6.601367333333333590e+03
1.215500000000000000e+03,9.192284000000000788e+01,3.958182000000000089e-01,6.711862333333332572e+03
1.225500000000000000e+03,9.199430000000000973e+01,4.004355000000000553e-01,6.823235333333333074e+03
1.235500000000000000e+03,9.197142999999999802e+01,4.340626000000000206e-01,6.935519666666667035e+03
1.245500000000000000e+03,9.192714000000000851e+01,4.068190000000000417e-01,7.048711999999999534e+03
1.255500000000000000e+03,9.206000000000000227e+01,4.201276999999999928e-01,7.162812666666667610e+03
1.265500000000000000e+03,9.187284999999999968e+01,4.058863999999999805e-01,7.277853000000000065e+03
1.275500000000000000e+03,9.198999999999999488e+01,4.118049000000000293e-01,7.393856333333332259e+03
1.285500000000000000e+03,9.197428999999999633e+01,4.076222000000000456e-01,7.510940666666667312e+03
1.295500000000000000e+03,9.196570999999998719e+01,4.138290000000000579e-01,7.629037333333333663e+03
1.305500000000000000e+03,9.198858999999998787e+01,4.252591000000000010e-01,7.748051666666666279e+03
1.315500000000000000e+03,9.195287000000000432e+01,4.209560999999999997e-01,7.867963666666667450e+03
1.325500000000000000e+03,9.196714000000000055e+01,4.144780000000000131e-01,7.988771333333333132e+03
1.335500000000000000e+03,9.195856000000000563e+01,4.065105999999999997e-01,8.110516333333333023e+03
1.345500000000000000e+03,9.194426999999998884e+01,4.093102000000000129e-01,8.233189999999998690e+03
1.355500000000000000e+03,9.194856000000000051e+01,4.119511000000000145e-01,8.356744333333333998e+03
1.365500000000000000e+03,9.200284999999999513e+01,4.102635000000000032e-01,8.481183333333332484e+03
1.375500000000000000e+03,9.196428000000000225e+01,4.136826999999999588e-01,8.606547000000000480e+03
1.385500000000000000e+03,9.184143000000000256e+01,3.963331999999999966e-01,8.732828333333332921e+03
1.395500000000000000e+03,9.191857000000000255e+01,4.050321000000000060e-01,8.859996999999999389e+03
1.405500000000000000e+03,9.194571000000000538e+01,4.130022999999999334e-01,8.988067333333332499e+03
1.415500000000000000e+03,9.192141999999999769e+01,4.068655999999999939e-01,9.117092666666667355e+03
1.425500000000000000e+03,9.187855999999999312e+01,3.992589000000000277e-01,9.247052999999998065e+03
1.435500000000000000e+03,9.190713000000002353e+01,3.946904999999999997e-01,9.377915000000000873e+03
1.445500000000000000e+03,9.186284999999999457e+01,4.035619999999999763e-01,9.509650666666664620e+03
1.455500000000000000e+03,9.192000000000000171e+01,4.108108999999999789e-01,9.642265666666664401e+03
1.465500000000000000e+03,9.182142000000000337e+01,4.046011999999999942e-01,9.775820333333333110e+03
1.475500000000000000e+03,9.185284000000000049e+01,3.854581999999999731e-01,9.910303333333333285e+03
1.485500000000000000e+03,9.184428999999998666e+01,4.053060999999999470e-01,1.004566666666666606e+04
1.495500000000000000e+03,9.192141999999998347e+01,3.796391000000000071e-01,1.018190666666666584e+04
1.505500000000000000e+03,9.183714000000000510e+01,4.063030000000000252e-01,1.031907999999999993e+04
1.515500000000000000e+03,9.184140999999999622e+01,4.011983000000000077e-01,1.045714666666666744e+04
1.525500000000000000e+03,9.182429000000000485e+01,3.969308000000000280e-01,1.059610000000000036e+04
1.535500000000000000e+03,9.180285999999999547e+01,4.103439999999999865e-01,1.073593000000000211e+04
1.545500000000000000e+03,9.184001000000002080e+01,3.990293000000000312e-01,1.087663000000000102e+04
1.555500000000000000e+03,9.181713999999999487e+01,3.834123000000000392e-01,1.101822666666666555e+04
1.565500000000000000e+03,9.189570999999999401e+01,4.023896999999999613e-01,1.116071666666666533e+04
1.575500000000000000e+03,9.184714999999998497e+01,4.062432000000000265e-01,1.130411666666666497e+04
1.585500000000000000e+03,9.181287000000000376e+01,4.099133000000000360e-01,1.144846333333333314e+04
1.595500000000000000e+03,9.176856999999998266e+01,3.808817999999999371e-01,1.159371333333333314e+04
1.605500000000000000e+03,9.182428999999999064e+01,3.934494000000000602e-01,1.173993333333333067e+04
1.615500000000000000e+03,9.188999000000001161e+01,3.986678000000000166e-01,1.188710000000000036e+04
1.625500000000000000e+03,9.180001000000000033e+01,4.125395000000000034e-01,1.203526666666666642e+04
1.635500000000000000e+03,9.186142999999999859e+01,4.127617000000000091e-01,1.218437666666666701e+04
1.645500000000000000e+03,9.178716000000000008e+01,4.044128000000000722e-01,1.233439666666666744e+04
1.655500000000000000e+03,9.177571000000001789e+01,4.069545999999999997e-01,1.248526999999999862e+04
1.665500000000000000e+03,9.177285999999999433e+01,4.058958999999999762e-01,1.263702333333333445e+04
1.675500000000000000e+03,9.174714000000000169e+01,4.093607999999999691e-01,1.278967666666666628e+04
1.685500000000000000e+03,9.180143999999999949e+01,4.126295000000000934e-01,1.294324000000000160e+04
1.695500000000000000e+03,9.179999000000000819e+01,4.136418999999998958e-01,1.309771666666666533e+04
1.705500000000000000e+03,9.186713999999999203e+01,4.092045999999999739e-01,1.325306000000000131e+04
1.715500000000000000e+03,9.182142000000001758e+01,4.050242000000000009e-01,1.340925000000000000e+04
1.725500000000000000e+03,9.177143000000000939e+01,3.958788000000000307e-01,1.356637666666666701e+04
1.735500000000000000e+03,9.184570999999999685e+01,4.116183999999999399e-01,1.372435000000000036e+04
1.745500000000000000e+03,9.180715000000000714e+01,4.137247999999999482e-01,1.388322000000000116e+04
1.755500000000000000e+03,9.179857999999998697e+01,4.135554000000000174e-01,1.404296333333333314e+04
1.765500000000000000e+03,9.175571999999999662e+01,4.084531000000000134e-01,1.420361000000000058e+04
1.775500000000000000e+03,9.179140999999999906e+01,3.993461999999999845e-01,1.436514999999999964e+04
1.785500000000000000e+03,9.183857000000000426e+01,4.141000000000000236e-01,1.452758333333333394e+04
1.795500000000000000e+03,9.178427999999999543e+01,4.064552000000000165e-01,1.469088000000000102e+04
1.805500000000000000e+03,9.180858999999999526e+01,4.187556000000000056e-01,1.485506000000000131e+04
1.815500000000000000e+03,9.180430000000001201e+01,4.091969000000000856e-01,1.502012666666666701e+04
1.825500000000000000e+03,9.182572999999999297e+01,4.096125999999999934e-01,1.518609000000000196e+04
1.835500000000000000e+03,9.173855999999997834e+01,4.104047000000000667e-01,1.535290333333333547e+04
1.845500000000000000e+03,9.179569999999999652e+01,4.134266999999999248e-01,1.552060333333333620e+04
1.855500000000000000e+03,9.176858000000000004e+01,4.174355000000000149e-01,1.568930333333333328e+04
1.865500000000000000e+03,9.174998999999999683e+01,4.129633999999999250e-01,1.585895333333333292e+04
1.875500000000000000e+03,9.175428999999999746e+01,4.101627000000000467e-01,1.602961333333333278e+04
1.885500000000000000e+03,9.182572000000000401e+01,4.186276999999999360e-01,1.620124333333333561e+04
1.895500000000000000e+03,9.178573000000001514e+01,4.136441000000000701e-01,1.637376666666666642e+04
1.905500000000000000e+03,9.173857999999999890e+01,4.156470999999999916e-01,1.654717000000000189e+04
1.915500000000000000e+03,9.181714000000000908e+01,4.122187000000000490e-01,1.672147000000000116e+04
1.925500000000000000e+03,9.173999999999999488e+01,4.114238000000000062e-01,1.689669666666667035e+04
1.935500000000000000e+03,9.172142999999999802e+01,4.062589999999999257e-01,1.707286333333333459e+04
1.945500000000000000e+03,9.176570999999999856e+01,4.098977999999999788e-01,1.724990999999999985e+04
1.955500000000000000e+03,9.176855000000000473e+01,4.112349999999999062e-01,1.742784666666666453e+04
1.965500000000000000e+03,9.175712999999998942e+01,4.093086999999999698e-01,1.760664666666666744e+04
1.975500000000000000e+03,9.176428000000001362e+01,4.192764000000000491e-01,1.778631333333333168e+04
1.985500000000000000e+03,9.175140999999999281e+01,4.143761999999999723e-01,1.796684333333333416e+04
1.995500000000000000e+03,9.172571000000000652e+01,4.183672000000000502e-01,1.814827333333333081e+04
2.005500000000000000e+03,9.172857000000001904e+01,4.107225999999999932e-01,1.833062666666666701e+04
2.015500000000000000e+03,9.174571999999999150e+01,4.098049000000000275e-01,1.851387000000000262e+04
2.025500000000000000e+03,9.172427000000000419e+01,4.173759000000000219e-01,1.869799666666666599e+04
2.035500000000000000e+03,9.175715000000000998e+01,4.164116999999999402e-01,1.888299333333333198e+04
2.045500000000000000e+03,9.171572000000000457e+01,4.104288999999999854e-01,1.906883333333333212e+04
2.055500000000000000e+03,9.175000000000000000e+01,4.150538000000000283e-01,1.925557333333333372e+04
2.065500000000000000e+03,9.172571999999999548e+01,4.104829000000000394e-01,1.944319333333333270e+04
2.075500000000000000e+03,9.166714000000000340e+01,4.164427000000000545e-01,1.963173333333332994e+04
2.085500000000000000e+03,9.165999999999999659e+01,4.143468999999999625e-01,1.982115000000000146e+04
2.095500000000000000e+03,9.169715000000000771e+01,4.109241000000000144e-01,2.001145333333333110e+04
2.105500000000000000e+03,9.172141999999999484e+01,4.116898999999999975e-01,2.020271333333333314e+04
2.115500000000000000e+03,9.168143999999999494e+01,4.157456999999999958e-01,2.039492000000000189e+04
2.125500000000000000e+03,9.168856999999999857e+01,4.072078000000000086e-01,2.058802333333333445e+04
2.135500000000000000e+03,9.169714999999999350e+01,4.116212000000000204e-01,2.078204000000000087e+04
2.145500000000000000e+03,9.169285000000000707e+01,4.117422999999999500e-01,2.097693000000000029e+04
2.155500000000000000e+03,9.170000999999999181e+01,4.127689999999999415e-01,2.117275000000000000e+04
2.165500000000000000e+03,9.165142999999999063e+01,4.106425999999999688e-01,2.136954999999999927e+04
2.175500000000000000e+03,9.164857000000002074e+01,4.119956000000000174e-01,2.156725666666666802e+04
2.185500000000000000e+03,9.165858000000000061e+01,4.083214000000000010e-01,2.176583666666666613e+04
2.195500000000000000e+03,9.164284999999999570e+01,4.132498000000000005e-01,2.196532999999999811e+04
2.205500000000000000e+03,9.162998999999999228e+01,4.113069999999999782e-01,2.216572333333333154e+04
2.215500000000000000e+03,9.161141999999998120e+01,4.066339999999999399e-01,2.236699666666666599e+04
2.225500000000000000e+03,9.165713999999999828e+01,4.081496000000000568e-01,2.256912000000000262e+04
2.235500000000000000e+03,9.162570999999999799e+01,4.106964999999999644e-01,2.277213999999999942e+04
2.245500000000000000e+03,9.161713999999999203e+01,4.034063999999999983e-01,2.297609999999999854e+04
2.255500000000000000e+03,9.157285999999999149e+01,4.080084000000000488e-01,2.318102666666666846e+04
2.265500000000000000e+03,9.162569999999999482e+01,4.081827999999999568e-01,2.338689333333333343e+04
2.275500000000000000e+03,9.158000000000001251e+01,4.044513000000000136e-01,2.359362000000000262e+04
2.285500000000000000e+03,9.160430000000000916e+01,4.043676000000000492e-01,2.380121999999999753e+04
2.295500000000000000e+03,9.158713999999999089e+01,4.046484999999999665e-01,2.400970333333333474e+04
2.305500000000000000e+03,9.160713999999998691e+01,4.070663000000000475e-01,2.421906333333333168e+04
2.315500000000000000e+03,9.158142000000000849e+01,4.069583999999999979e-01,2.442929666666666890e+04
2.325500000000000000e+03,9.158857000000000426e+01,4.101457000000000019e-01,2.464039999999999782e+04
2.335500000000000000e+03,9.154857000000001221e+01,4.124386999999999359e-01,2.485240999999999985e+04
2.345500000000000000e+03,9.151715000000000089e+01,4.083526000000000100e-01,2.506530333333333692e+04
2.355500000000000000e+03,9.155427999999999145e+01,4.068837000000000148e-01,2.527908666666666613e+04
2.365500000000000000e+03,9.156286000000001479e+01,4.009523000000000392e-01,2.549378333333333285e+04
2.375500000000000000e+03,9.152572000000000685e+01,4.099636000000000391e-01,2.570937666666666701e+04
2.385500000000000000e+03,9.156001000000000545e+01,3.990993000000000457e-01,2.592588666666666541e+04
2.395500000000000000e+03,9.153427000000000646e+01,4.018795000000000006e-01,2.614329999999999563e+04
2.405500000000000000e+03,9.154000999999999522e+01,3.994255000000000444e-01,2.636158333333333212e+04
2.415500000000000000e+03,9.153713999999999373e+01,4.044556000000000262e-01,2.658078666666666322e+04
2.425500000000000000e+03,9.151142000000000110e+01,4.043092000000000352e-01,2.680091999999999462e+04
2.435500000000000000e+03,9.151000999999999408e+01,4.053324999999999845e-01,2.702198999999999796e+04
2.445500000000000000e+03,9.150285999999999831e+01,4.077168000000000458e-01,2.724400666666666439e+04
2.455500000000000000e+03,9.151713999999999771e+01,4.077104000000000283e-01,2.746691333333333023e+04
2.465500000000000000e+03,9.148713000000000761e+01,4.099771000000000387e-01,2.769071666666666715e+04
2.475500000000000000e+03,9.145856000000000563e+01,4.055442000000000213e-01,2.791542666666666628e+04
2.485500000000000000e+03,9.148570999999999742e+01,4.078896000000000188e-01,2.814101333333332877e+04
2.495500000000000000e+03,9.150428000000000850e+01,4.051326999999999567e-01,2.836751333333333605e+04
2.505500000000000000e+03,9.151142999999999006e+01,4.051449999999999774e-01,2.859490666666666584e+04
2.515500000000000000e+03,9.147856000000000165e+01,4.050011999999999501e-01,2.882320333333333110e+04
2.525500000000000000e+03,9.149285000000000423e+01,4.077786999999999940e-01,2.905238999999999578e+04
2.535500000000000000e+03,9.148570999999999742e+01,4.091592999999999480e-01,2.928248666666666395e+04
2.545500000000000000e+03,9.147571999999999548e+01,4.037989999999999635e-01,2.951349000000000160e+04
2.555500000000000000e+03,9.145856999999999459e+01,3.923590000000000133e-01,2.974536000000000422e+04
2.565500000000000000e+03,9.148429000000001565e+01,4.034309999999999841e-01,2.997810333333333256e+04
2.575500000000000000e+03,9.144571999999999434e+01,4.062468000000000190e-01,3.021174666666666599e+04
2.585500000000000000e+03,9.150001000000000317e+01,4.071946000000000732e-01,3.044627333333333445e+04
2.595500000000000000e+03,9.145286000000000115e+01,4.021763999999999339e-01,3.068173333333333721e+04
2.605500000000000000e+03,9.142855999999999028e+01,4.064400000000000235e-01,3.091810333333333256e+04
2.615500000000000000e+03,9.144856000000001472e+01,4.070289999999999742e-01,3.115536666666666861e+04
2.625500000000000000e+03,9.145713999999999544e+01,3.954848000000000252e-01,3.139356333333333168e+04
2.635500000000000000e+03,9.142857000000000767e+01,4.059336000000000055e-01,3.163267666666666628e+04
2.645500000000000000e+03,9.142571000000000936e+01,4.057747999999999911e-01,3.187270000000000073e+04
2.655500000000000000e+03,9.142428999999999917e+01,4.091844000000000037e-01,3.211359999999999854e+04
2.665500000000000000e+03,9.143715000000000259e+01,4.037778000000000200e-01,3.235540666666666584e+04
2.675500000000000000e+03,9.139572000000001140e+01,4.095445999999999809e-01,3.259811000000000422e+04
2.685500000000000000e+03,9.139570999999999401e+01,4.085376000000000007e-01,3.284172666666666919e+04
2.695500000000000000e+03,9.139714000000000738e+01,4.075145000000000017e-01,3.308634666666666453e+04
2.705500000000000000e+03,9.139285999999999888e+01,4.090983999999999732e-01,3.333192666666666628e+04
2.715500000000000000e+03,9.140143000000000484e+01,4.010455000000000547e-01,3.357841333333333023e+04
2.725500000000000000e+03,9.141285999999999490e+01,4.058727999999999225e-01,3.382580999999999767e+04
2.735500000000000000e+03,9.141142000000000678e+01,4.006379000000001023e-01,3.407416333333333023e+04
2.745500000000000000e+03,9.139427000000000589e+01,4.021111000000000546e-01,3.432345333333334565e+04
2.755500000000000000e+03,9.137715000000000032e+01,4.099963999999999831e-01,3.457361666666666133e+04
2.765500000000000000e+03,9.138998999999999739e+01,3.983682000000000056e-01,3.482475000000000000e+04
2.775500000000000000e+03,9.137715000000000032e+01,4.070004999999999873e-01,3.507688333333333139e+04
2.785500000000000000e+03,9.137001000000000772e+01,4.047476999999999880e-01,3.532993999999999505e+04
2.795500000000000000e+03,9.136997999999999820e+01,4.079177999999999971e-01,3.558389333333333343e+04
2.805500000000000000e+03,9.137713999999999714e+01,4.107827999999999480e-01,3.583878333333334012e+04
2.815500000000000000e+03,9.139141999999999655e+01,4.057666999999999247e-01,3.609465333333332819e+04
2.825500000000000000e+03,9.138426999999998657e+01,4.084141000000000021e-01,3.635143999999999505e+04
2.835500000000000000e+03,9.136142999999999859e+01,4.014591999999999605e-01,3.660921999999999389e+04
2.845500000000000000e+03,9.141857000000000255e+01,4.007314999999999072e-01,3.686791333333333750e+04
2.855500000000000000e+03,9.136428000000000793e+01,4.081544999999999201e-01,3.712758000000000175e+04
2.865500000000000000e+03,9.134857999999999834e+01,4.004533000000000120e-01,3.738813666666667268e+04
2.875500000000000000e+03,9.140857999999998640e+01,4.042968999999999591e-01,3.764955333333332965e+04
2.885500000000000000e+03,9.135856999999998607e+01,4.068856000000000139e-01,3.791183666666666250e+04
2.895500000000000000e+03,9.137857999999999947e+01,4.070462000000000247e-01,3.817498000000000320e+04
2.905500000000000000e+03,9.134429000000000087e+01,4.055622000000000393e-01,3.843903666666666686e+04
2.915500000000000000e+03,9.136714000000000624e+01,4.005219999999999336e-01,3.870406333333333168e+04
2.925500000000000000e+03,9.141285999999999490e+01,3.990875999999999868e-01,3.897002999999999884e+04
2.935500000000000000e+03,9.136570999999997866e+01,4.045564999999999856e-01,3.923693333333333430e+04
2.945500000000000000e+03,9.135999000000001047e+01,4.001230000000000619e-01,3.950478333333333285e+04
2.955500000000000000e+03,9.137712999999999397e+01,4.094982000000000899e-01,3.977355999999999767e+04
2.965500000000000000e+03,9.132285999999999149e+01,4.045427000000000328e-01,4.004321999999999389e+04
2.975500000000000000e+03,9.134999999999999432e+01,4.088524000000000602e-01,4.031380333333332965e+04
2.985500000000000000e+03,9.132000999999998214e+01,4.058685000000000764e-01,4.058529000000000087e+04
2.995500000000000000e+03,9.134142000000001360e+01,4.058618999999999422e-01,4.085766333333333750e+04
3.005500000000000000e+03,9.132142000000000337e+01,4.067541999999999547e-01,4.113094333333333634e+04
3.015500000000000000e+03,9.132143999999999551e+01,4.042529999999999180e-01,4.140510333333333256e+04
3.025500000000000000e+03,9.130001000000000033e+01,4.048779000000000683e-01,4.168016666666667152e+04
3.035500000000000000e+03,9.131001999999998020e+01,4.000137999999999749e-01,4.195612666666667064e+04
3.045500000000000000e+03,9.127143999999999835e+01,4.021505000000000218e-01,4.223296666666666715e+04
3.055500000000000000e+03,9.129999000000000819e+01,3.973362999999999756e-01,4.251068000000000757e+04
3.065500000000000000e+03,9.129000999999999522e+01,4.015741000000000449e-01,4.278929000000000087e+04
3.075500000000000000e+03,9.129000999999999522e+01,3.952580999999999456e-01,4.306884000000000378e+04
3.085500000000000000e+03,9.130001000000000033e+01,3.994010000000000060e-01,4.334934333333333780e+04
3.095500000000000000e+03,9.129857999999998697e+01,4.024747999999999659e-01,4.363077999999999884e+04
3.105500000000000000e+03,9.125715000000000998e+01,3.983461000000000363e-01,4.391311333333332732e+04
3.115500000000000000e+03,9.127427000000000135e+01,3.987887999999999988e-01,4.419636999999999534e+04
3.125500000000000000e+03,9.122570999999999231e+01,4.031955999999999873e-01,4.448049666666666599e+04
3.135500000000000000e+03,9.124428999999999235e+01,3.978764000000000189e-01,4.476550333333333401e+04
3.145500000000000000e+03,9.123714999999999975e+01,3.987914000000000181e-01,4.505143000000000757e+04
3.155500000000000000e+03,9.122429000000001054e+01,3.984717999999999871e-01,4.533823333333332994e+04
3.165500000000000000e+03,9.123001000000000715e+01,4.002454000000000289e-01,4.562594333333333634e+04
3.175500000000000000e+03,9.127429999999999666e+01,3.934734999999999761e-01,4.591455000000000291e+04
3.185500000000000000e+03,9.123429999999999040e+01,3.990003000000000299e-01,4.620406666666666570e+04
3.195500000000000000e+03,9.122427000000001840e+01,3.965713999999999628e-01,4.649450999999999476e+04
3.205500000000000000e+03,9.120284000000000901e+01,4.025028999999999968e-01,4.678584000000000378e+04
3.215500000000000000e+03,9.122999000000000080e+01,3.961648000000000391e-01,4.707802333333333081e+04
3.225500000000000000e+03,9.122144000000000119e+01,3.941408000000000689e-01,4.737109666666666453e+04
3.235500000000000000e+03,9.120572000000001367e+01,3.986374999999999780e-01,4.766506000000000495e+04
3.245500000000000000e+03,9.120570999999999628e+01,3.980404000000000164e-01,4.795993333333333430e+04
3.255500000000000000e+03,9.120999999999999375e+01,4.011072000000000526e-01,4.825573333333333721e+04
3.265500000000000000e+03,9.120571999999999946e+01,3.984982000000000246e-01,4.855247666666666919e+04
3.275500000000000000e+03,9.120286000000000115e+01,4.015959999999999530e-01,4.885016666666667152e+04
3.285500000000000000e+03,9.121715000000000373e+01,3.937431000000000125e-01,4.914872666666666919e+04
3.295500000000000000e+03,9.119285000000002128e+01,3.977762000000000242e-01,4.944818000000000029e+04
3.305500000000000000e+03,9.117713999999999430e+01,3.964345000000000230e-01,4.974854666666666162e+04
3.315500000000000000e+03,9.117571999999999832e+01,3.967707999999999791e-01,5.004981333333333896e+04
3.325500000000000000e+03,9.115429000000000315e+01,3.994711000000000234e-01,5.035201000000000204e+04
3.335500000000000000e+03,9.115999999999999659e+01,3.994647000000000059e-01,5.065511666666666861e+04
3.345500000000000000e+03,9.116715000000000657e+01,3.893700999999999413e-01,5.095912000000000990e+04
3.355500000000000000e+03,9.117001000000000488e+01,3.947144999999999682e-01,5.126404333333333489e+04
3.365500000000000000e+03,9.117141999999999769e+01,3.956636000000000042e-01,5.156987000000000262e+04
3.375500000000000000e+03,9.116284000000000276e+01,3.972117999999999483e-01,5.187660666666666657e+04
3.385500000000000000e+03,9.116714999999999236e+01,3.974183000000000576e-01,5.218429666666666890e+04
3.395500000000000000e+03,9.116855000000001041e+01,3.952821999999999725e-01,5.249295666666666511e+04
3.405500000000000000e+03,9.114428999999999803e+01,3.964714000000000294e-01,5.280255999999999767e+04
3.415500000000000000e+03,9.114856999999999232e+01,3.973275000000000001e-01,5.311301333333332877e+04
3.425500000000000000e+03,9.114284999999999570e+01,3.942497000000000362e-01,5.342432333333332645e+04
3.435500000000000000e+03,9.116285999999999490e+01,3.944893999999999901e-01,5.373652333333333809e+04
3.445500000000000000e+03,9.114856000000000336e+01,3.923732999999999804e-01,5.404959999999999854e+04
3.455500000000000000e+03,9.116141000000000361e+01,3.928432999999999509e-01,5.436356666666666570e+04
3.465500000000000000e+03,9.118142000000000280e+01,3.939833000000000363e-01,5.467841333333333023e+04
3.475500000000000000e+03,9.113284000000001583e+01,3.974310999999999816e-01,5.499416666666666424e+04
3.485500000000000000e+03,9.113000999999999863e+01,3.916191999999999451e-01,5.531084999999999854e+04
3.495500000000000000e+03,9.115427999999999997e+01,3.914192999999999700e-01,5.562844999999999709e+04
3.505500000000000000e+03,9.110857000000000028e+01,3.948190999999999784e-01,5.594690333333333547e+04
3.515500000000000000e+03,9.109716000000000236e+01,3.955257000000000356e-01,5.626623333333333721e+04
3.525500000000000000e+03,9.112569000000000585e+01,3.929528999999999939e-01,5.658649666666666599e+04
3.535500000000000000e+03,9.113286000000000797e+01,3.919620999999999800e-01,5.690767333333332499e+04
3.545500000000000000e+03,9.113568999999999676e+01,3.938127000000000155e-01,5.722969666666667035e+04
3.555500000000000000e+03,9.110715000000000430e+01,3.930479000000000611e-01,5.755261333333332732e+04
3.565500000000000000e+03,9.112570999999999799e+01,3.943656999999999302e-01,5.787638000000001921e+04
3.575500000000000000e+03,9.110714999999999009e+01,3.965819000000000427e-01,5.820104000000000087e+04
3.585500000000000000e+03,9.111999000000000137e+01,3.983938999999999675e-01,5.852662999999999010e+04
3.595500000000000000e+03,9.109144000000000574e+01,3.948856000000000033e-01,5.885309666666667908e+04
3.605500000000000000e+03,9.105857000000000312e+01,3.954225999999999575e-01,5.918044999999999709e+04
3.615500000000000000e+03,9.108858999999999639e+01,3.939272999999999803e-01,5.950865999999999622e+04
3.625500000000000000e+03,9.107999999999999829e+01,3.948412999999999506e-01,5.983777666666665755e+04
3.635500000000000000e+03,9.105285000000000650e+01,3.946918999999999844e-01,6.016778999999999360e+04
3.645500000000000000e+03,9.103570999999999458e+01,3.970396999999999954e-01,6.049867666666667355e+04
3.655500000000000000e+03,9.107144000000000972e+01,3.947708000000000328e-01,6.083046666666665988e+04
3.665500000000000000e+03,9.108858000000000743e+01,3.929580000000000295e-01,6.116314666666665289e+04
3.675500000000000000e+03,9.105144000000001370e+01,3.937906000000001017e-01,6.149680333333334420e+04
3.685500000000000000e+03,9.107858000000001653e+01,3.990886999999999629e-01,6.183140999999998894e+04
3.695500000000000000e+03,9.107142000000000337e+01,3.965449999999999808e-01,6.216691999999999825e+04
3.705500000000000000e+03,9.105000000000001137e+01,3.960096000000000172e-01,6.250332666666667501e+04
3.715500000000000000e+03,9.100142999999999915e+01,3.917702999999999602e-01,6.284063666666667268e+04
3.725500000000000000e+03,9.103287000000000262e+01,3.968356000000000106e-01,6.317888333333333867e+04
3.735500000000000000e+03,9.104142000000000223e+01,3.956577000000000011e-01,6.351808666666666977e+04
3.745500000000000000e+03,9.101142999999999006e+01,3.945203000000000459e-01,6.385819999999999709e+04
3.755500000000000000e+03,9.102855999999999881e+01,3.973175999999999930e-01,6.419925666666667530e+04
3.765500000000000000e+03,9.101572000000001594e+01,3.951140999999999681e-01,6.454127333333333081e+04
3.775500000000000000e+03,9.102428999999999348e+01,3.958424000000000387e-01,6.488420666666666511e+04
3.785500000000000000e+03,9.101714999999998668e+01,3.935524000000000244e-01,6.522806999999999243e+04
3.795500000000000000e+03,9.099284000000000106e+01,3.961164000000000351e-01,6.557289333333334071e+04
3.805500000000000000e+03,9.100570999999999344e+01,3.986626999999999810e-01,6.591866333333334478e+04
3.815500000000000000e+03,9.101001000000000829e+01,3.955779999999999852e-01,6.626534999999999127e+04
3.825500000000000000e+03,9.096284999999998888e+01,3.946254999999999624e-01,6.661298666666666395e+04
3.835500000000000000e+03,9.101855999999999369e+01,3.935750000000000082e-01,6.696150999999998021e+04
3.845500000000000000e+03,9.098716000000000292e+01,3.943695000000000395e-01,6.731091666666667152e+04
3.855500000000000000e+03,9.097428999999999633e+01,3.936251999999999529e-01,6.766127666666665755e+04
3.865500000000000000e+03,9.098287999999999442e+01,3.931830000000000047e-01,6.801252666666665755e+04
3.875500000000000000e+03,9.096285999999999206e+01,3.978412000000000059e-01,6.836472000000000116e+04
3.885500000000000000e+03,9.096142999999999290e+01,3.943574999999999720e-01,6.871782666666666046e+04
3.895500000000000000e+03,9.095000999999999181e+01,3.958247000000000293e-01,6.907183666666666977e+04
3.905500000000000000e+03,9.094714999999999350e+01,3.952649000000000301e-01,6.942673999999999069e+04
3.915500000000000000e+03,9.095141999999998461e+01,3.956188999999999956e-01,6.978255333333332965e+04
3.925500000000000000e+03,9.096714000000000055e+01,3.987531999999999743e-01,7.013926333333333605e+04
3.935500000000000000e+03,9.094428000000000623e+01,3.951482000000000605e-01,7.049690666666666220e+04
3.945500000000000000e+03,9.096999999999999886e+01,3.957922999999999858e-01,7.085541000000000349e+04
3.955500000000000000e+03,9.094286999999999921e+01,3.964863000000000137e-01,7.121483000000000175e+04
3.965500000000000000e+03,9.094857999999999265e+01,3.971687999999999885e-01,7.157514666666666744e+04
3.975500000000000000e+03,9.091571999999999321e+01,3.965018999999999627e-01,7.193637999999999010e+04
3.985500000000000000e+03,9.094284999999999286e+01,3.959011000000000058e-01,7.229850333333332674e+04
3.995500000000000000e+03,9.093285999999999092e+01,3.963174999999999892e-01,7.266148333333332266e+04
4.005500000000000000e+03,9.093000999999999578e+01,3.969808000000000225e-01,7.302535000000000582e+04
4.015500000000000000e+03,9.093428999999999007e+01,3.970461000000000129e-01,7.339011000000001513e+04
4.025500000000000000e+03,9.093857999999998754e+01,3.978482000000000407e-01,7.375577666666667210e+04
4.035500000000000000e+03,9.094285999999999603e+01,3.966192999999999524e-01,7.412233666666666977e+04
4.045500000000000000e+03,9.094858000000000686e+01,3.943415000000000115e-01,7.448985333333333256e+04
4.055500000000000000e+03,9.093001000000001000e+01,3.974965000000000304e-01,7.485829333333333489e+04
4.065500000000000000e+03,9.092286000000000001e+01,3.978133000000000363e-01,7.522759666666664998e+04
4.075500000000000000e+03,9.091141999999999257e+01,3.977654000000000467e-01,7.559777000000000407e+04
4.085500000000000000e+03,9.091571999999999321e+01,3.968017000000000349e-01,7.596884666666664998e+04
4.095500000000000000e+03,9.091286999999999807e+01,3.966911999999999661e-01,7.634079333333333489e+04
4.105500000000000000e+03,9.093143000000000598e+01,3.965490999999999877e-01,7.671360000000000582e+04
4.115500000000000000e+03,9.091570000000000107e+01,3.976467999999999670e-01,7.708734000000001106e+04
4.125500000000000000e+03,9.092711999999998795e+01,3.966256999999999699e-01,7.746204666666667617e+04
4.135500000000000000e+03,9.091572000000002163e+01,3.964672000000000196e-01,7.783776333333333605e+04
4.145500000000000000e+03,9.091143000000000995e+01,3.956760999999999195e-01,7.821439999999999418e+04
4.155500000000000000e+03,9.092144999999999300e+01,3.965014999999999512e-01,7.859191666666665697e+04
4.165500000000000000e+03,9.089856999999999232e+01,3.953643000000000018e-01,7.897032333333333372e+04
4.175500000000000000e+03,9.091999999999998749e+01,3.977690000000000392e-01,7.934963333333333139e+04
4.185500000000000000e+03,9.090142999999999063e+01,3.956484999999999586e-01,7.972979333333333489e+04
4.195500000000000000e+03,9.087570000000000903e+01,3.957327999999999957e-01,8.011087666666666337e+04
4.205500000000000000e+03,9.089287000000000205e+01,3.979369000000000378e-01,8.049284999999999127e+04
4.215500000000000000e+03,9.089856000000001757e+01,3.980945000000000178e-01,8.087569999999999709e+04
4.225500000000000000e+03,9.087857999999999947e+01,3.978221000000000118e-01,8.125944333333332906e+04
4.235500000000000000e+03,9.089430000000000121e+01,3.965006999999999837e-01,8.164408000000000175e+04
4.245500000000000000e+03,9.088142999999999461e+01,3.955617999999999634e-01,8.202957666666667501e+04
4.255500000000000000e+03,9.087000000000000455e+01,3.978124000000000104e-01,8.241598000000001048e+04
4.265500000000000000e+03,9.086857000000000539e+01,3.954999999999999627e-01,8.280322000000000116e+04
4.275500000000000000e+03,9.087998000000000332e+01,3.977797000000000138e-01,8.319136666666666861e+04
4.285500000000000000e+03,9.086285999999999774e+01,3.972415999999999725e-01,8.358036666666666861e+04
4.295500000000000000e+03,9.086427000000000476e+01,3.964059000000000332e-01,8.397025333333334129e+04
4.305500000000000000e+03,9.084999999999999432e+01,3.974653000000000214e-01,8.436102666666665755e+04
4.315500000000000000e+03,9.087572999999999013e+01,3.982826000000000422e-01,8.475270666666666511e+04
4.325500000000000000e+03,9.087143000000000370e+01,3.974191999999999725e-01,8.514529333333333489e+04
4.335500000000000000e+03,9.085859000000000663e+01,3.966798999999999742e-01,8.553883666666666977e+04
4.345500000000000000e+03,9.087286000000000286e+01,3.989055000000000240e-01,8.593330333333332965e+04
4.355500000000000000e+03,9.085000000000000853e+01,3.965428000000000286e-01,8.632873000000001048e+04
4.365500000000000000e+03,9.086427999999999372e+01,3.966082000000000218e-01,8.672518666666667559e+04
4.375500000000000000e+03,9.086714999999999520e+01,3.976129000000000469e-01,8.712257999999998719e+04
4.385500000000000000e+03,9.086142999999999859e+01,3.973479999999999790e-01,8.752094999999998254e+04
4.395500000000000000e+03,9.086858999999999753e+01,3.989545999999999926e-01,8.792028999999999360e+04
4.405500000000000000e+03,9.087284999999999968e+01,3.992917999999999745e-01,8.832052666666667210e+04
4.415500000000000000e+03,9.082999999999999829e+01,3.990898999999999974e-01,8.872163666666665813e+04
4.425500000000000000e+03,9.084714999999998497e+01,3.979446999999999290e-01,8.912366999999999825e+04
4.435500000000000000e+03,9.085858999999999241e+01,3.979846999999999690e-01,8.952666000000000349e+04
4.445500000000000000e+03,9.085571999999999093e+01,3.988992999999999567e-01,8.993059333333332324e+04
4.455500000000000000e+03,9.084286000000000172e+01,4.016043000000000807e-01,9.033543333333334886e+04
4.465500000000000000e+03,9.083286999999998557e+01,3.978681000000000023e-01,9.074116666666667152e+04
4.475500000000000000e+03,9.086001000000000261e+01,3.962934999999999652e-01,9.114775999999999476e+04
4.485500000000000000e+03,9.086713999999999203e+01,3.975944000000000145e-01,9.155521000000000640e+04
4.495500000000000000e+03,9.084572000000000003e+01,3.996700999999999171e-01,9.196356666666666570e+04
4.505500000000000000e+03,9.083857999999999322e+01,3.975448999999999788e-01,9.237277333333333081e+04
4.515500000000000000e+03,9.085858000000000345e+01,3.983414999999999595e-01,9.278285666666665929e+04
4.525500000000000000e+03,9.085429000000002020e+01,3.986159000000000230e-01,9.319382666666667501e+04
4.535500000000000000e+03,9.083142999999999745e+01,3.980048999999999948e-01,9.360567666666666628e+04
4.545500000000000000e+03,9.083429999999999893e+01,3.975416999999999978e-01,9.401842333333333954e+04
4.555500000000000000e+03,9.084000000000000341e+01,4.005878999999999968e-01,9.443200000000000000e+04
4.565500000000000000e+03,9.085285999999999262e+01,3.979023999999999339e-01,9.484645999999999185e+04
4.575500000000000000e+03,9.084714999999999918e+01,3.985720000000000374e-01,9.526179000000000815e+04
4.585500000000000000e+03,9.084713999999999601e+01,3.979141999999999957e-01,9.567805999999999767e+04
4.595500000000000000e+03,9.083142000000000849e+01,3.991642999999999719e-01,9.609527666666667210e+04
4.605500000000000000e+03,9.081856999999999402e+01,3.991686999999999874e-01,9.651340666666667676e+04
4.615500000000000000e+03,9.082286999999999466e+01,3.983089999999999686e-01,9.693241999999999825e+04
4.625500000000000000e+03,9.083857000000000426e+01,3.986100000000000199e-01,9.735231999999999243e+04
4.635500000000000000e+03,9.083571999999999491e+01,3.980297999999999892e-01,9.777309333333333780e+04
4.645500000000000000e+03,9.084286999999999068e+01,3.990078999999999709e-01,9.819477666666667210e+04
4.655500000000000000e+03,9.083858999999999639e+01,3.981773000000000118e-01,9.861732999999998719e+04
4.665500000000000000e+03,9.084570999999999685e+01,3.993413000000000102e-01,9.904075666666666802e+04
4.675500000000000000e+03,9.082286000000001991e+01,3.991987999999999648e-01,9.946507333333331917e+04
4.685500000000000000e+03,9.084713999999999601e+01,3.984231999999999774e-01,9.989030000000000291e+04
4.695500000000000000e+03,9.084284999999999854e+01,4.001187999999999967e-01,1.003164366666666756e+05
4.705500000000000000e+03,9.083430999999998789e+01,3.997230999999999979e-01,1.007436700000000128e+05
4.715500000000000000e+03,9.084715999999998814e+01,3.980241999999999947e-01,1.011715500000000029e+05
4.725500000000000000e+03,9.083857999999999322e+01,3.995242999999999989e-01,1.016006333333333314e+05
4.735500000000000000e+03,9.083715999999999724e+01,3.976686000000000387e-01,1.020304333333333343e+05
4.745500000000000000e+03,9.083858000000000743e+01,4.001967000000000718e-01,1.024611666666666570e+05
4.755500000000000000e+03,9.084145000000000891e+01,3.989647000000000054e-01,1.028929000000000087e+05
4.765500000000000000e+03,9.083570999999999174e+01,4.008564000000000016e-01,1.033255000000000146e+05
4.775500000000000000e+03,9.082572999999999297e+01,3.989721999999999436e-01,1.037589666666666599e+05
4.785500000000000000e+03,9.083859999999999957e+01,3.991695000000000104e-01,1.041935666666666657e+05
4.795500000000000000e+03,9.084000999999997816e+01,3.992214000000000040e-01,1.046290333333333401e+05
4.805500000000000000e+03,9.083285999999999660e+01,4.005163000000000473e-01,1.050654666666666744e+05
4.815500000000000000e+03,9.083715000000000828e+01,3.995157999999999765e-01,1.055028333333333430e+05
4.825500000000000000e+03,9.085429000000000599e+01,4.008895000000000097e-01,1.059410666666666511e+05
4.835500000000000000e+03,9.083144000000000062e+01,3.996775000000000189e-01,1.063806333333333459e+05
4.845500000000000000e+03,9.084430999999999301e+01,3.998725999999999670e-01,1.068207333333333518e+05
4.855500000000000000e+03,9.083285999999998239e+01,3.990178000000000336e-01,1.072618000000000029e+05
4.865500000000000000e+03,9.082716999999999530e+01,4.008500999999999870e-01,1.077038000000000029e+05
4.875500000000000000e+03,9.084144000000000574e+01,3.985077999999999676e-01,1.081465666666666511e+05
4.885500000000000000e+03,9.083573999999998705e+01,3.984420000000000184e-01,1.085903666666666686e+05
4.895500000000000000e+03,9.084857999999999834e+01,4.000233000000000816e-01,1.090351333333333314e+05
4.905500000000000000e+03,9.084570999999999685e+01,3.997844000000000397e-01,1.094803333333333430e+05
4.915500000000000000e+03,9.083714000000000510e+01,3.998475000000000223e-01,1.099269333333333489e+05
4.925500000000000000e+03,9.082144999999999868e+01,3.999237999999999960e-01,1.103741999999999971e+05
4.935500000000000000e+03,9.082858000000000231e+01,3.994657000000000346e-01,1.108223333333333285e+05
4.945500000000000000e+03,9.082716000000000633e+01,3.998385999999999885e-01,1.112715333333333547e+05
4.955500000000000000e+03,9.084002000000000976e+01,4.006610999999999367e-01,1.117215333333333547e+05
4.965500000000000000e+03,9.083001000000000147e+01,3.987333000000000127e-01,1.121723000000000029e+05
4.975500000000000000e+03,9.081428999999999974e+01,4.007476999999999845e-01,1.126240000000000000e+05
4.985500000000000000e+03,9.082715999999999212e+01,4.004628000000000076e-01,1.130767333333333227e+05
4.995500000000000000e+03,9.082287999999999784e+01,4.001609000000000416e-01,1.135303666666666686e+05
