5.500000000000000000e+00,9.004140999999999906e+01,7.560490999999998962e+01,5.591342633333333534e-02
1.550000000000000000e+01,8.946712999999999738e+01,1.392407900000000076e+01,2.991972666666666281e-01
2.550000000000000000e+01,8.772713999999999146e+01,1.102360599999999913e+01,7.459687000000000401e-01
3.550000000000000000e+01,8.472143000000001223e+01,9.254926000000001096e+00,1.397417666666666669e+00
4.550000000000000000e+01,8.508000000000001251e+01,7.968918000000000390e+00,2.262726999999999933e+00
5.550000000000000000e+01,8.322142999999999802e+01,5.490005999999999275e+00,3.368825333333333560e+00
6.550000000000000000e+01,8.766285999999999490e+01,5.026532999999998808e+00,4.734264000000000472e+00
7.550000000000000000e+01,8.652143000000000939e+01,4.140864999999999796e+00,6.341692666666665978e+00
8.550000000000000000e+01,8.542283000000000470e+01,3.540796999999999972e+00,8.181834333333332765e+00
9.550000000000000000e+01,8.599857000000000085e+01,1.832123100000000004e+00,1.024601333333333386e+01
1.055000000000000000e+02,8.654285999999999035e+01,2.621374700000000058e+00,1.253582999999999892e+01
1.155000000000000000e+02,8.674142000000000507e+01,2.705529100000000575e+00,1.506222666666666576e+01
1.255000000000000000e+02,8.798857000000000994e+01,3.461203099999999644e+00,1.781600999999999857e+01
1.355000000000000000e+02,8.834999999999999432e+01,2.795523900000000062e+00,2.075127666666666570e+01
1.455000000000000000e+02,8.925140999999999281e+01,3.106641999999999904e+00,2.386780000000000257e+01
1.555000000000000000e+02,8.951999000000000706e+01,3.098643999999999732e+00,2.718158000000000385e+01
1.655000000000000000e+02,8.971000999999998271e+01,3.015883000000000091e+00,3.070075333333333134e+01
1.755000000000000000e+02,8.945141999999999882e+01,3.373024000000000022e+00,3.441387000000000285e+01
1.855000000000000000e+02,8.984285000000001276e+01,2.761238999999999777e+00,3.835890666666666959e+01
1.955000000000000000e+02,8.899427000000000021e+01,2.623674999999999979e+00,4.254198000000000235e+01
2.055000000000000000e+02,9.061428999999999689e+01,3.030280000000000307e+00,4.694437333333333129e+01
2.155000000000000000e+02,9.082142000000000337e+01,2.947301999999999644e+00,5.153810000000000002e+01
2.255000000000000000e+02,8.976714000000001192e+01,2.553389999999999826e+00,5.632856999999999914e+01
2.355000000000000000e+02,9.049285000000000423e+01,2.224415000000000031e+00,6.132593333333333163e+01
2.455000000000000000e+02,8.996998999999999569e+01,2.189935000000000187e+00,6.652424000000000603e+01
2.555000000000000000e+02,9.032999000000000933e+01,2.146135999999999378e+00,7.191763000000000261e+01
2.655000000000000000e+02,9.098713999999999658e+01,2.191127000000000269e+00,7.750736333333334471e+01
2.755000000000000000e+02,9.069285999999999603e+01,1.702373000000000136e+00,8.328986666666665428e+01
2.855000000000000000e+02,9.060429000000000599e+01,1.754288999999999987e+00,8.927203000000000088e+01
2.955000000000000000e+02,9.079143000000000541e+01,1.836942000000000075e+00,9.543621666666666670e+01
3.055000000000000000e+02,9.131000000000000227e+01,1.761220000000000230e+00,1.017870499999999936e+02
3.155000000000000000e+02,9.151714999999998668e+01,1.733707000000000109e+00,1.083373333333333193e+02
3.255000000000000000e+02,9.109999000000000535e+01,1.374244000000000243e+00,1.150845000000000056e+02
3.355000000000000000e+02,9.053429000000001281e+01,1.367293800000000115e+00,1.220333333333333456e+02
3.455000000000000000e+02,9.087143000000000370e+01,1.438219399999999926e+00,1.291868666666666741e+02
3.555000000000000000e+02,9.052714000000000283e+01,1.116957999999999895e+00,1.365445000000000277e+02
3.655000000000000000e+02,9.117142999999998665e+01,1.079424199999999834e+00,1.441201333333333139e+02
3.755000000000000000e+02,9.118713999999999942e+01,1.136952599999999869e+00,1.519010000000000105e+02
3.855000000000000000e+02,9.118143000000000598e+01,1.224919099999999927e+00,1.598847000000000094e+02
3.955000000000000000e+02,9.109427999999999770e+01,1.179648599999999714e+00,1.680837999999999965e+02
4.055000000000000000e+02,9.150428999999999746e+01,1.063355300000000003e+00,1.764840333333333433e+02
4.155000000000000000e+02,9.048143000000000313e+01,1.072697199999999906e+00,1.850849333333333107e+02
4.255000000000000000e+02,9.111429000000001110e+01,8.929738000000000397e-01,1.938811333333333380e+02
4.355000000000000000e+02,9.086570999999999287e+01,7.975575999999999777e-01,2.028810333333333347e+02
4.455000000000000000e+02,9.077714999999999179e+01,9.150344999999999729e-01,2.120872666666666646e+02
4.555000000000000000e+02,9.105713000000000079e+01,9.333139999999999770e-01,2.215034666666666965e+02
4.655000000000000000e+02,9.145141999999998461e+01,9.360182999999999698e-01,2.311271666666667102e+02
4.755000000000000000e+02,9.068856999999999857e+01,7.571795000000001163e-01,2.409464666666666801e+02
4.855000000000000000e+02,9.097999000000000080e+01,7.425097999999998866e-01,2.509482333333333486e+02
4.955000000000000000e+02,9.108426000000000045e+01,7.701801000000000341e-01,2.611476333333333741e+02
5.055000000000000000e+02,9.114428999999999803e+01,9.712981000000000531e-01,2.715497666666666419e+02
5.155000000000000000e+02,9.115570999999999913e+01,7.998920000000000474e-01,2.821444666666666308e+02
5.255000000000000000e+02,9.090999000000000763e+01,6.759240999999999167e-01,2.929521000000000299e+02
5.355000000000000000e+02,9.073286000000000229e+01,6.468070999999999682e-01,3.039861999999999398e+02
5.455000000000000000e+02,9.115998999999999342e+01,7.172292999999999585e-01,3.152357000000000085e+02
5.555000000000000000e+02,9.110428000000000281e+01,7.698794999999998279e-01,3.266853666666667095e+02
5.655000000000000000e+02,9.087998999999999228e+01,7.973613999999999979e-01,3.383320333333332997e+02
5.755000000000000000e+02,9.118715000000000259e+01,6.998438999999999632e-01,3.501760333333332937e+02
5.855000000000000000e+02,9.061285000000000878e+01,6.394619999999999749e-01,3.622275666666666325e+02
5.955000000000000000e+02,9.072569999999998913e+01,7.437424000000001367e-01,3.744974666666666963e+02
6.055000000000000000e+02,9.125287000000000148e+01,6.561344999999999539e-01,3.869793333333333294e+02
6.155000000000000000e+02,9.033142999999999745e+01,6.823105999999999893e-01,3.996453666666666322e+02
6.255000000000000000e+02,9.120571999999999946e+01,6.064189999999999303e-01,4.124996333333332359e+02
6.355000000000000000e+02,9.104999999999999716e+01,6.172760000000000469e-01,4.255585999999999558e+02
6.455000000000000000e+02,9.132428999999999064e+01,6.248889999999999167e-01,4.388213666666666768e+02
6.555000000000000000e+02,9.104000999999999522e+01,6.618018000000001066e-01,4.522848999999999933e+02
6.655000000000000000e+02,9.121000999999999692e+01,6.275454000000000310e-01,4.659579333333333011e+02
6.755000000000000000e+02,9.114284999999999570e+01,6.437545000000000073e-01,4.798524666666666008e+02
6.855000000000000000e+02,9.109855999999999199e+01,6.655501999999999807e-01,4.939812000000000012e+02
6.955000000000000000e+02,9.099142999999999404e+01,6.568382999999999861e-01,5.083255333333332828e+02
7.055000000000000000e+02,9.110571999999999093e+01,6.887280000000000069e-01,5.228831000000000131e+02
7.155000000000000000e+02,9.113856000000001245e+01,6.415313999999998629e-01,5.376680333333333692e+02
7.255000000000000000e+02,9.108571999999999491e+01,5.803418999999999661e-01,5.526825666666666166e+02
7.355000000000000000e+02,9.085858999999999241e+01,5.911416999999998811e-01,5.679067999999999756e+02
7.455000000000000000e+02,9.101572000000000173e+01,5.696657999999999999e-01,5.833407666666668092e+02
7.555000000000000000e+02,9.111715000000000941e+01,5.720910999999999635e-01,5.989843999999999369e+02
7.655000000000000000e+02,9.079856999999999800e+01,5.585417000000000298e-01,6.148228666666666413e+02
7.755000000000000000e+02,9.087143999999999266e+01,5.546657999999999866e-01,6.308523999999999887e+02
7.855000000000000000e+02,9.125428999999999746e+01,5.789823000000000608e-01,6.470792333333333772e+02
7.955000000000000000e+02,9.115715000000000146e+01,5.109435999999999423e-01,6.635066999999999098e+02
8.055000000000000000e+02,9.110571999999999093e+01,5.659492000000000411e-01,6.801564666666666881e+02
8.155000000000000000e+02,9.076572000000001594e+01,5.049508999999999803e-01,6.970276333333333696e+02
8.255000000000000000e+02,9.123286999999999125e+01,4.432839000000000640e-01,7.140970666666667057e+02
8.355000000000000000e+02,9.102000000000001023e+01,4.540803000000000478e-01,7.313602999999999383e+02
8.455000000000000000e+02,9.071999999999999886e+01,4.356630000000000225e-01,7.488290666666666766e+02
8.555000000000000000e+02,9.114855000000001439e+01,4.702761999999999776e-01,7.665190666666666175e+02
8.655000000000000000e+02,9.115426999999999680e+01,4.606882000000000477e-01,7.844097666666666555e+02
8.755000000000000000e+02,9.099858000000000402e+01,5.114734999999999143e-01,8.024843666666666877e+02
8.855000000000000000e+02,9.107571000000000083e+01,4.425374999999999726e-01,8.207555333333333465e+02
8.955000000000000000e+02,9.108999000000000024e+01,4.921618999999999855e-01,8.392643333333332976e+02
9.055000000000000000e+02,9.100001000000000317e+01,4.669572999999999641e-01,8.579901333333333469e+02
9.155000000000000000e+02,9.105572999999999695e+01,4.895932000000000062e-01,8.769260000000000446e+02
9.255000000000000000e+02,9.096428000000000225e+01,5.286234999999999129e-01,8.960703666666665868e+02
9.355000000000000000e+02,9.112712999999999397e+01,4.583543000000000478e-01,9.154214666666669018e+02
9.455000000000000000e+02,9.109286000000000172e+01,5.183366999999998725e-01,9.349859333333333780e+02
9.555000000000000000e+02,9.097142999999999802e+01,5.106413999999999120e-01,9.547620666666665556e+02
9.655000000000000000e+02,9.093142000000000280e+01,4.480587999999999793e-01,9.747388333333334458e+02
9.755000000000000000e+02,9.122287000000000035e+01,4.726451999999999321e-01,9.949135666666667248e+02
9.855000000000000000e+02,9.081571999999998468e+01,4.406144000000000172e-01,1.015296500000000037e+03
9.955000000000000000e+02,9.087570999999999799e+01,4.089052999999999716e-01,1.035875666666666802e+03
1.005500000000000000e+03,9.061284999999999457e+01,5.086794000000000038e-01,1.056644999999999982e+03
1.015500000000000000e+03,9.080284999999999229e+01,4.004692000000000252e-01,1.077619000000000142e+03
1.025500000000000000e+03,9.082998999999999512e+01,4.272094000000000169e-01,1.098808666666666568e+03
1.035500000000000000e+03,9.095715999999998758e+01,3.983363999999999794e-01,1.120196333333333314e+03
1.045500000000000000e+03,9.106428999999999974e+01,4.008639000000000507e-01,1.141775666666666666e+03
1.055500000000000000e+03,9.089715000000001055e+01,3.970216999999999774e-01,1.163547000000000025e+03
1.065500000000000000e+03,9.087000000000000455e+01,3.935893000000000308e-01,1.185519999999999982e+03
1.075500000000000000e+03,9.060428000000001703e+01,3.997474000000000305e-01,1.207691333333333432e+03
1.085500000000000000e+03,9.093428999999999007e+01,3.752204000000000095e-01,1.230073333333333267e+03
1.095500000000000000e+03,9.098142999999998892e+01,3.851650999999999825e-01,1.252682999999999993e+03
1.105500000000000000e+03,9.078855999999998971e+01,3.910950000000000260e-01,1.275518000000000029e+03
1.115500000000000000e+03,9.090855999999999426e+01,3.726763000000000159e-01,1.298576999999999998e+03
1.125500000000000000e+03,9.099714000000000169e+01,3.761764999999999692e-01,1.321863666666666631e+03
1.135500000000000000e+03,9.116143000000000995e+01,3.679285999999999945e-01,1.345375000000000000e+03
1.145500000000000000e+03,9.103571999999999775e+01,3.701764000000000165e-01,1.369089333333333343e+03
1.155500000000000000e+03,9.111287000000000091e+01,3.708674000000000137e-01,1.393014000000000124e+03
1.165500000000000000e+03,9.097287999999998931e+01,3.617817000000000394e-01,1.417162666666666610e+03
1.175500000000000000e+03,9.097144000000000119e+01,3.601001999999999814e-01,1.441567333333333409e+03
1.185500000000000000e+03,9.101286000000000342e+01,3.578865999999999992e-01,1.466297000000000025e+03
1.195500000000000000e+03,9.108428000000000679e+01,3.613166999999999907e-01,1.491265333333333501e+03
1.205500000000000000e+03,9.118856999999999857e+01,3.558979999999999921e-01,1.516471000000000004e+03
1.215500000000000000e+03,9.105427000000000248e+01,3.526127000000000011e-01,1.541896999999999935e+03
1.225500000000000000e+03,9.131429999999998870e+01,3.507587999999999817e-01,1.567541999999999916e+03
1.235500000000000000e+03,9.118287000000000830e+01,3.443783999999999734e-01,1.593410333333333256e+03
1.245500000000000000e+03,9.121286000000000627e+01,3.461583000000000299e-01,1.619516333333333250e+03
1.255500000000000000e+03,9.121998999999999569e+01,3.463664999999999661e-01,1.645882999999999811e+03
1.265500000000000000e+03,9.102571000000000367e+01,3.397241999999999762e-01,1.672468333333333021e+03
1.275500000000000000e+03,9.101142999999999006e+01,3.429864999999999720e-01,1.699259999999999764e+03
1.285500000000000000e+03,9.101429000000000258e+01,3.465581999999999274e-01,1.726284000000000106e+03
1.295500000000000000e+03,9.126856999999999687e+01,3.295618999999999632e-01,1.753536000000000058e+03
1.305500000000000000e+03,9.094286000000001025e+01,3.343002999999999947e-01,1.781004666666666481e+03
1.315500000000000000e+03,9.131430000000000291e+01,3.325800000000000423e-01,1.808710666666666611e+03
1.325500000000000000e+03,9.104571999999998866e+01,3.298782999999999577e-01,1.836645999999999958e+03
1.335500000000000000e+03,9.092856999999999346e+01,3.348504000000000480e-01,1.864786000000000058e+03
1.345500000000000000e+03,9.116570999999999003e+01,3.347018999999999966e-01,1.893126999999999725e+03
1.355500000000000000e+03,9.102571000000000367e+01,3.299352999999999314e-01,1.921672000000000025e+03
1.365500000000000000e+03,9.097571999999999548e+01,3.326456000000000413e-01,1.950424999999999955e+03
1.375500000000000000e+03,9.111142999999999859e+01,3.294684999999999420e-01,1.979381000000000085e+03
1.385500000000000000e+03,9.131001000000000545e+01,3.338012000000000201e-01,2.008540000000000191e+03
1.395500000000000000e+03,9.114856000000000336e+01,3.323111000000000259e-01,2.037911333333333459e+03
1.405500000000000000e+03,9.092573000000001571e+01,3.312674999999999925e-01,2.067496000000000095e+03
1.415500000000000000e+03,9.122572999999999865e+01,3.286438000000000415e-01,2.097277000000000044e+03
1.425500000000000000e+03,9.125288000000000466e+01,3.266775999999999569e-01,2.127253666666666504e+03
1.435500000000000000e+03,9.094428000000000623e+01,3.314442000000000221e-01,2.157425333333333583e+03
1.445500000000000000e+03,9.118428000000000111e+01,3.324331999999999843e-01,2.187801666666666733e+03
1.455500000000000000e+03,9.116714000000000340e+01,3.224650999999999490e-01,2.218398666666666941e+03
1.465500000000000000e+03,9.134857999999999834e+01,3.208690000000000708e-01,2.249204333333333580e+03
1.475500000000000000e+03,9.106572000000001310e+01,3.286816000000000182e-01,2.280204999999999927e+03
1.485500000000000000e+03,9.118002000000001317e+01,3.275986999999999649e-01,2.311412666666666610e+03
1.495500000000000000e+03,9.100429000000001167e+01,3.348415999999999615e-01,2.342850333333333310e+03
1.505500000000000000e+03,9.126999999999999602e+01,3.296367999999999521e-01,2.374511666666666770e+03
1.515500000000000000e+03,9.091858000000000573e+01,3.298797999999999453e-01,2.406387666666666519e+03
1.525500000000000000e+03,9.100712999999998942e+01,3.194499000000000088e-01,2.438456999999999880e+03
1.535500000000000000e+03,9.115283999999999764e+01,3.230848000000000053e-01,2.470717333333333045e+03
1.545500000000000000e+03,9.109427999999999770e+01,3.248235000000000428e-01,2.503190666666666857e+03
1.555500000000000000e+03,9.103999999999999204e+01,3.306840999999999808e-01,2.535896333333333587e+03
1.565500000000000000e+03,9.104716000000000520e+01,3.237052999999999736e-01,2.568830666666666730e+03
1.575500000000000000e+03,9.115999999999999659e+01,3.200473000000000345e-01,2.601981333333333168e+03
1.585500000000000000e+03,9.107286999999999466e+01,3.214281999999999972e-01,2.635348333333332903e+03
1.595500000000000000e+03,9.106713999999999487e+01,3.186673000000000422e-01,2.668929333333333489e+03
1.605500000000000000e+03,9.115143000000001905e+01,3.162013000000000185e-01,2.702709333333333234e+03
1.615500000000000000e+03,9.107144999999999868e+01,3.067420999999999620e-01,2.736696333333332859e+03
1.625500000000000000e+03,9.113856000000001245e+01,3.273214000000000401e-01,2.770898333333333539e+03
1.635500000000000000e+03,9.122999000000000080e+01,3.129950999999999706e-01,2.805308999999999742e+03
1.645500000000000000e+03,9.108714000000000510e+01,3.193899999999999517e-01,2.839918666666666468e+03
1.655500000000000000e+03,9.103428000000000964e+01,3.150734000000000035e-01,2.874750666666666348e+03
1.665500000000000000e+03,9.123286000000000229e+01,3.120637000000000549e-01,2.909819333333333361e+03
1.675500000000000000e+03,9.111857000000000539e+01,3.158313999999999844e-01,2.945103666666666868e+03
1.685500000000000000e+03,9.114570999999999401e+01,3.094272000000000133e-01,2.980619999999999891e+03
1.695500000000000000e+03,9.107429000000000485e+01,3.079202999999999801e-01,3.016389000000000124e+03
1.705500000000000000e+03,9.100284999999999513e+01,3.166179999999999550e-01,3.052375666666667257e+03
1.715500000000000000e+03,9.111858000000002278e+01,3.042574000000000112e-01,3.088567000000000007e+03
1.725500000000000000e+03,9.110143999999999664e+01,3.198258999999999963e-01,3.124972666666666555e+03
1.735500000000000000e+03,9.122430999999998846e+01,3.038937999999999917e-01,3.161583666666666431e+03
1.745500000000000000e+03,9.122569999999998913e+01,3.021714999999999818e-01,3.198419666666666672e+03
1.755500000000000000e+03,9.107142999999999233e+01,3.156949000000000005e-01,3.235481999999999971e+03
1.765500000000000000e+03,9.108998999999998603e+01,3.056921999999999695e-01,3.272746333333333496e+03
1.775500000000000000e+03,9.119284999999999286e+01,3.071471000000000062e-01,3.310202999999999975e+03
1.785500000000000000e+03,9.113572000000002049e+01,2.997416000000000524e-01,3.347860999999999876e+03
1.795500000000000000e+03,9.110285000000000366e+01,3.042974999999999985e-01,3.385709666666666635e+03
1.805500000000000000e+03,9.114142999999999972e+01,2.990990999999999511e-01,3.423748999999999796e+03
1.815500000000000000e+03,9.113143000000000882e+01,3.053461999999999565e-01,3.461991000000000440e+03
1.825500000000000000e+03,9.119142000000000792e+01,2.969988000000000072e-01,3.500445999999999913e+03
1.835500000000000000e+03,9.121711999999999421e+01,3.006639999999999868e-01,3.539125666666665893e+03
1.845500000000000000e+03,9.117429000000001338e+01,3.064769999999999994e-01,3.578027666666666391e+03
1.855500000000000000e+03,9.111713000000001728e+01,3.129359999999999919e-01,3.617133333333333667e+03
1.865500000000000000e+03,9.119286999999999921e+01,3.022546000000000399e-01,3.656454999999999472e+03
1.875500000000000000e+03,9.126714999999998668e+01,3.057551000000000019e-01,3.695979000000000269e+03
1.885500000000000000e+03,9.113712999999999909e+01,2.955860000000000154e-01,3.735696666666665806e+03
1.895500000000000000e+03,9.110857999999998924e+01,2.929171999999999887e-01,3.775608000000000175e+03
1.905500000000000000e+03,9.117570999999999515e+01,3.027161999999999908e-01,3.815711999999999534e+03
1.915500000000000000e+03,9.123428000000001248e+01,2.875199999999999423e-01,3.856012666666666519e+03
1.925500000000000000e+03,9.109572000000000003e+01,3.009028999999999732e-01,3.896528333333333194e+03
1.935500000000000000e+03,9.109001000000000658e+01,3.031054000000000248e-01,3.937277333333333900e+03
1.945500000000000000e+03,9.114428999999999803e+01,2.942496000000000000e-01,3.978259999999999764e+03
1.955500000000000000e+03,9.123000000000000398e+01,2.945624000000000020e-01,4.019479333333333670e+03
1.965500000000000000e+03,9.126712999999999454e+01,2.908429999999999627e-01,4.060918000000000575e+03
1.975500000000000000e+03,9.120286000000000115e+01,2.945334000000000008e-01,4.102559666666666089e+03
1.985500000000000000e+03,9.121570999999998719e+01,2.932092999999999505e-01,4.144408333333332848e+03
1.995500000000000000e+03,9.122857000000000482e+01,2.943771000000000027e-01,4.186460000000000946e+03
2.005500000000000000e+03,9.117716000000000065e+01,3.009445000000000592e-01,4.228731666666666570e+03
2.015500000000000000e+03,9.126428000000001362e+01,2.901198999999999861e-01,4.271223333333333358e+03
2.025500000000000000e+03,9.135715000000000430e+01,2.993047000000000346e-01,4.313938333333333503e+03
2.035500000000000000e+03,9.130997999999999593e+01,2.941745000000000609e-01,4.356868666666667195e+03
2.045500000000000000e+03,9.129429999999999268e+01,2.934906000000000459e-01,4.399996000000000095e+03
2.055500000000000000e+03,9.117143999999998982e+01,2.939346999999999932e-01,4.443320333333334020e+03
2.065500000000000000e+03,9.119430999999998733e+01,2.959885999999999351e-01,4.486839333333334253e+03
2.075500000000000000e+03,9.119142999999999688e+01,2.969363000000000419e-01,4.530556333333333896e+03
2.085500000000000000e+03,9.120000000000000284e+01,2.919171999999999878e-01,4.574474666666666963e+03
2.095500000000000000e+03,9.128000000000000114e+01,2.853717999999999533e-01,4.618584666666666635e+03
2.105500000000000000e+03,9.126855999999999369e+01,2.980269999999999864e-01,4.662904333333333852e+03
2.115500000000000000e+03,9.115713999999999828e+01,2.888838000000000239e-01,4.707435333333332892e+03
2.125500000000000000e+03,9.125856999999999175e+01,2.858030999999999766e-01,4.752231999999999061e+03
2.135500000000000000e+03,9.122999999999998977e+01,2.930177999999999949e-01,4.797255000000000109e+03
2.145500000000000000e+03,9.131570999999999572e+01,2.865172999999999748e-01,4.842480666666667275e+03
2.155500000000000000e+03,9.125856999999999175e+01,2.845614000000000199e-01,4.887923666666667486e+03
2.165500000000000000e+03,9.130142999999998210e+01,2.857925000000000049e-01,4.933576999999999316e+03
2.175500000000000000e+03,9.132714999999998895e+01,3.017499000000000153e-01,4.979451666666666824e+03
2.185500000000000000e+03,9.123857000000000994e+01,2.835849000000000286e-01,5.025545333333333474e+03
2.195500000000000000e+03,9.133428000000000679e+01,2.825878000000000556e-01,5.071861666666666679e+03
2.205500000000000000e+03,9.126286000000000342e+01,2.867931999999999704e-01,5.118395666666667239e+03
2.215500000000000000e+03,9.132143000000000654e+01,2.924415999999999682e-01,5.165138666666667632e+03
2.225500000000000000e+03,9.128428999999999860e+01,2.896230000000000193e-01,5.212066666666667516e+03
2.235500000000000000e+03,9.126571999999998752e+01,2.911959000000000075e-01,5.259175000000000182e+03
2.245500000000000000e+03,9.134572000000000003e+01,2.988898000000000943e-01,5.306468333333333248e+03
2.255500000000000000e+03,9.130857000000000312e+01,2.814830999999999861e-01,5.353948666666667123e+03
2.265500000000000000e+03,9.124571999999999150e+01,2.948018000000000027e-01,5.401623333333332994e+03
2.275500000000000000e+03,9.126858999999998900e+01,2.886848000000000192e-01,5.449497999999999593e+03
2.285500000000000000e+03,9.134284000000000958e+01,2.896737999999999813e-01,5.497588999999999942e+03
2.295500000000000000e+03,9.130571999999999377e+01,2.926836999999999911e-01,5.545902333333333445e+03
2.305500000000000000e+03,9.133000999999998726e+01,2.964519999999999933e-01,5.594434999999999491e+03
2.315500000000000000e+03,9.130571000000000481e+01,2.991292999999999869e-01,5.643164333333333161e+03
2.325500000000000000e+03,9.131571999999999889e+01,3.004197000000000117e-01,5.692108666666666977e+03
2.335500000000000000e+03,9.132142999999999233e+01,2.978376999999999830e-01,5.741270333333332928e+03
2.345500000000000000e+03,9.130857999999999208e+01,3.013054000000000565e-01,5.790648000000000138e+03
2.355500000000000000e+03,9.130141000000000417e+01,3.029343999999999926e-01,5.840243333333333794e+03
2.365500000000000000e+03,9.135287000000001001e+01,2.989471999999999685e-01,5.890071999999999207e+03
2.375500000000000000e+03,9.138285000000000480e+01,3.037322000000000632e-01,5.940114999999999782e+03
2.385500000000000000e+03,9.132141999999998916e+01,2.968361000000000471e-01,5.990346333333332950e+03
2.395500000000000000e+03,9.138000000000000966e+01,3.006365999999999761e-01,6.040779666666666344e+03
2.405500000000000000e+03,9.142573000000000150e+01,3.000055000000000360e-01,6.091422333333333881e+03
2.415500000000000000e+03,9.137713999999999714e+01,2.954187000000000340e-01,6.142260666666667021e+03
2.425500000000000000e+03,9.132428000000000168e+01,2.975336000000000647e-01,6.193315000000000509e+03
2.435500000000000000e+03,9.133857999999999322e+01,3.017793000000000281e-01,6.244585333333334347e+03
2.445500000000000000e+03,9.135857000000001449e+01,3.041307999999999789e-01,6.296089000000000851e+03
2.455500000000000000e+03,9.137858000000001368e+01,2.992324000000000095e-01,6.347802999999999884e+03
2.465500000000000000e+03,9.146714000000000055e+01,3.037330000000000307e-01,6.399726333333333969e+03
2.475500000000000000e+03,9.141283999999998855e+01,3.123029000000000499e-01,6.451874333333332288e+03
2.485500000000000000e+03,9.139430000000001542e+01,2.959512999999999727e-01,6.504245666666666693e+03
2.495500000000000000e+03,9.144000000000001194e+01,3.077685000000000004e-01,6.556858999999999469e+03
2.505500000000000000e+03,9.142713999999999430e+01,3.073185000000000500e-01,6.609697000000000116e+03
2.515500000000000000e+03,9.141998999999999853e+01,2.945445999999999898e-01,6.662759000000000015e+03
2.525500000000000000e+03,9.141857999999999151e+01,3.003582999999999670e-01,6.716046666666666169e+03
2.535500000000000000e+03,9.144428000000000623e+01,3.043301999999999952e-01,6.769558999999999287e+03
2.545500000000000000e+03,9.138142999999999461e+01,3.118823000000000567e-01,6.823282666666666046e+03
2.555500000000000000e+03,9.144144000000001427e+01,3.117769000000000235e-01,6.877237666666665973e+03
2.565500000000000000e+03,9.142142000000001190e+01,3.089613999999999416e-01,6.931426000000001295e+03
2.575500000000000000e+03,9.134999999999999432e+01,3.149276000000000297e-01,6.985823666666666213e+03
2.585500000000000000e+03,9.139714000000000738e+01,3.088742999999999905e-01,7.040427999999999884e+03
2.595500000000000000e+03,9.141143000000000995e+01,3.077890000000000348e-01,7.095247333333332790e+03
2.605500000000000000e+03,9.140141000000001270e+01,3.127209999999999712e-01,7.150297666666667283e+03
2.615500000000000000e+03,9.141714000000000340e+01,3.137165999999999566e-01,7.205570333333334020e+03
2.625500000000000000e+03,9.140999000000000763e+01,3.098652999999999547e-01,7.261059333333332688e+03
2.635500000000000000e+03,9.142143000000000086e+01,3.205262000000000389e-01,7.316774333333332834e+03
2.645500000000000000e+03,9.142141999999999769e+01,3.133063999999999849e-01,7.372703666666665413e+03
2.655500000000000000e+03,9.146569999999999823e+01,3.137287000000000270e-01,7.428837333333333845e+03
2.665500000000000000e+03,9.140857000000001165e+01,3.086137000000000463e-01,7.485176333333333787e+03
2.675500000000000000e+03,9.142143000000000086e+01,3.113007000000000413e-01,7.541738666666666177e+03
2.685500000000000000e+03,9.146000000000000796e+01,3.112327000000000288e-01,7.598513666666667632e+03
2.695500000000000000e+03,9.139999000000000251e+01,3.147251000000000354e-01,7.655495333333334202e+03
2.705500000000000000e+03,9.142714000000000851e+01,3.190508999999999706e-01,7.712689000000000306e+03
2.715500000000000000e+03,9.142287000000000319e+01,3.137017000000000277e-01,7.770083000000000538e+03
2.725500000000000000e+03,9.138427999999998974e+01,3.158858999999999417e-01,7.827673666666666577e+03
2.735500000000000000e+03,9.138142999999999461e+01,3.161323000000000327e-01,7.885463000000000648e+03
2.745500000000000000e+03,9.139283999999999253e+01,3.163207000000000102e-01,7.943473666666666759e+03
2.755500000000000000e+03,9.134856999999999516e+01,3.189087999999999923e-01,8.001711000000000240e+03
2.765500000000000000e+03,9.143000000000000682e+01,3.207954000000000083e-01,8.060168999999998960e+03
2.775500000000000000e+03,9.136857999999999436e+01,3.205713000000000035e-01,8.118863666666666177e+03
2.785500000000000000e+03,9.137713999999999714e+01,3.260623999999999745e-01,8.177772333333332426e+03
2.795500000000000000e+03,9.137284999999999968e+01,3.176914999999999600e-01,8.236876000000002023e+03
2.805500000000000000e+03,9.136999000000000137e+01,3.230242999999999864e-01,8.296190333333333911e+03
2.815500000000000000e+03,9.138429999999999609e+01,3.213090000000000113e-01,8.355721666666668170e+03
2.825500000000000000e+03,9.135000999999999749e+01,3.236967000000000039e-01,8.415473666666666759e+03
2.835500000000000000e+03,9.141141999999999257e+01,3.228304000000000729e-01,8.475454666666666526e+03
2.845500000000000000e+03,9.132428000000000168e+01,3.269174000000000246e-01,8.535644000000000233e+03
2.855500000000000000e+03,9.137427999999999884e+01,3.232300000000000173e-01,8.596026000000001659e+03
2.865500000000000000e+03,9.131999000000000422e+01,3.241934000000000204e-01,8.656605333333334784e+03
2.875500000000000000e+03,9.139142999999999972e+01,3.226033000000000373e-01,8.717376333333333605e+03
2.885500000000000000e+03,9.135285999999999262e+01,3.283995000000000108e-01,8.778336999999999534e+03
2.895500000000000000e+03,9.139428999999999803e+01,3.249828000000000161e-01,8.839495333333334202e+03
2.905500000000000000e+03,9.138285000000000480e+01,3.272057999999999911e-01,8.900847333333334973e+03
2.915500000000000000e+03,9.136285000000000878e+01,3.250317999999999818e-01,8.962381333333334624e+03
2.925500000000000000e+03,9.133000000000001251e+01,3.280778999999999779e-01,9.024110333333332164e+03
2.935500000000000000e+03,9.134141999999999939e+01,3.277904999999999847e-01,9.086049666666667690e+03
2.945500000000000000e+03,9.136428000000000793e+01,3.314055999999999669e-01,9.148200333333332310e+03
2.955500000000000000e+03,9.135999000000001047e+01,3.278025000000000522e-01,9.210560999999997875e+03
2.965500000000000000e+03,9.134714999999999918e+01,3.307115999999999945e-01,9.273131000000001222e+03
2.975500000000000000e+03,9.134000999999999237e+01,3.309244999999999548e-01,9.335899999999999636e+03
2.985500000000000000e+03,9.132000999999999635e+01,3.313513999999999626e-01,9.398865999999998166e+03
2.995500000000000000e+03,9.135285999999999262e+01,3.318950999999999985e-01,9.462042000000001281e+03
3.005500000000000000e+03,9.132572000000000401e+01,3.337229999999999919e-01,9.525445666666666511e+03
3.015500000000000000e+03,9.131287000000000376e+01,3.270240000000000369e-01,9.589051000000001295e+03
3.025500000000000000e+03,9.133286000000001081e+01,3.308204000000000145e-01,9.652856999999999971e+03
3.035500000000000000e+03,9.131427000000000760e+01,3.319623999999999908e-01,9.716857999999998356e+03
3.045500000000000000e+03,9.132284000000001356e+01,3.326254000000000155e-01,9.781078666666666322e+03
3.055500000000000000e+03,9.134856999999999516e+01,3.334089000000000080e-01,9.845520000000000437e+03
3.065500000000000000e+03,9.132142999999999233e+01,3.308650000000000202e-01,9.910170666666668694e+03
3.075500000000000000e+03,9.130285000000000650e+01,3.339416000000000051e-01,9.975039666666667472e+03
3.085500000000000000e+03,9.132428000000000168e+01,3.341116999999999559e-01,1.004011600000000180e+04
3.095500000000000000e+03,9.128284999999999627e+01,3.328381000000000256e-01,1.010539699999999903e+04
3.105500000000000000e+03,9.130714999999999293e+01,3.347544000000000075e-01,1.017087933333333422e+04
3.115500000000000000e+03,9.127287000000001171e+01,3.338523000000000462e-01,1.023656833333333270e+04
3.125500000000000000e+03,9.131142000000001246e+01,3.313249999999999806e-01,1.030245000000000073e+04
3.135500000000000000e+03,9.132428000000000168e+01,3.352494999999999781e-01,1.036852333333333445e+04
3.145500000000000000e+03,9.131570999999999572e+01,3.312244999999999773e-01,1.043478999999999724e+04
3.155500000000000000e+03,9.132143000000000654e+01,3.330499000000000098e-01,1.050127333333333445e+04
3.165500000000000000e+03,9.128571999999999775e+01,3.317769999999999886e-01,1.056793666666666650e+04
3.175500000000000000e+03,9.127714000000000283e+01,3.363923999999999803e-01,1.063479333333333307e+04
3.185500000000000000e+03,9.129428000000001475e+01,3.375977000000000006e-01,1.070184333333333416e+04
3.195500000000000000e+03,9.130429000000000883e+01,3.346211000000000046e-01,1.076910666666666657e+04
3.205500000000000000e+03,9.125856999999999175e+01,3.347643999999999620e-01,1.083657999999999811e+04
3.215500000000000000e+03,9.129857000000001221e+01,3.368748999999999771e-01,1.090426000000000022e+04
3.225500000000000000e+03,9.128857999999999606e+01,3.392788999999999944e-01,1.097215333333333183e+04
3.235500000000000000e+03,9.129999999999999716e+01,3.358479000000000325e-01,1.104029999999999927e+04
3.245500000000000000e+03,9.131712999999999170e+01,3.372157000000000071e-01,1.110863666666666722e+04
3.255500000000000000e+03,9.130858000000000629e+01,3.376511999999999847e-01,1.117719000000000051e+04
3.265500000000000000e+03,9.128713999999999373e+01,3.361573999999999396e-01,1.124596333333333314e+04
3.275500000000000000e+03,9.130143000000001052e+01,3.368681999999999510e-01,1.131494333333333452e+04
3.285500000000000000e+03,9.130427000000000248e+01,3.379043999999999937e-01,1.138412333333333299e+04
3.295500000000000000e+03,9.127144000000001256e+01,3.333136000000000432e-01,1.145352666666666664e+04
3.305500000000000000e+03,9.129286999999999352e+01,3.386107999999999896e-01,1.152313999999999942e+04
3.315500000000000000e+03,9.129857999999998697e+01,3.387320999999999804e-01,1.159295000000000073e+04
3.325500000000000000e+03,9.127998999999999796e+01,3.400125999999999982e-01,1.166294999999999891e+04
3.335500000000000000e+03,9.126856000000000790e+01,3.390934999999999921e-01,1.173316666666666606e+04
3.345500000000000000e+03,9.128285999999999945e+01,3.333531000000000133e-01,1.180358666666666613e+04
3.355500000000000000e+03,9.128000000000000114e+01,3.406270000000000131e-01,1.187419333333333452e+04
3.365500000000000000e+03,9.130286999999998443e+01,3.400522000000000267e-01,1.194499666666666781e+04
3.375500000000000000e+03,9.128999000000001729e+01,3.391618000000000133e-01,1.201597666666666555e+04
3.385500000000000000e+03,9.128571000000000879e+01,3.364110999999999629e-01,1.208717666666666810e+04
3.395500000000000000e+03,9.127286000000000854e+01,3.404326000000000296e-01,1.215853999999999905e+04
3.405500000000000000e+03,9.127144000000001256e+01,3.417997999999999870e-01,1.223011666666666497e+04
3.415500000000000000e+03,9.132999999999999829e+01,3.410001999999999756e-01,1.230189333333333343e+04
3.425500000000000000e+03,9.123855999999999256e+01,3.418337000000000181e-01,1.237388333333333503e+04
3.435500000000000000e+03,9.128285000000001048e+01,3.406371000000000260e-01,1.244607999999999811e+04
3.445500000000000000e+03,9.128427999999999543e+01,3.373305000000000331e-01,1.251847666666666555e+04
3.455500000000000000e+03,9.126856999999999687e+01,3.425004999999999855e-01,1.259110666666666657e+04
3.465500000000000000e+03,9.126285999999998921e+01,3.414939999999999087e-01,1.266395666666666693e+04
3.475500000000000000e+03,9.129428000000001475e+01,3.389689000000000174e-01,1.273703999999999905e+04
3.485500000000000000e+03,9.124571999999999150e+01,3.427349000000000645e-01,1.281035666666666839e+04
3.495500000000000000e+03,9.126856999999998266e+01,3.406414999999999860e-01,1.288389666666666744e+04
3.505500000000000000e+03,9.128285999999999945e+01,3.420136999999999761e-01,1.295765666666666584e+04
3.515500000000000000e+03,9.129713999999999885e+01,3.417922999999999933e-01,1.303163666666666722e+04
3.525500000000000000e+03,9.123571999999998638e+01,3.435323999999999600e-01,1.310587999999999920e+04
3.535500000000000000e+03,9.129143000000000541e+01,3.446909999999999696e-01,1.318037000000000080e+04
3.545500000000000000e+03,9.125428999999999746e+01,3.431088999999999944e-01,1.325507333333333372e+04
3.555500000000000000e+03,9.128142999999998608e+01,3.449889999999999901e-01,1.332995333333333292e+04
3.565500000000000000e+03,9.126286000000000342e+01,3.423351000000000033e-01,1.340504666666666708e+04
3.575500000000000000e+03,9.126001000000000829e+01,3.394667999999999575e-01,1.348035666666666839e+04
3.585500000000000000e+03,9.126144999999999641e+01,3.444265999999999717e-01,1.355588333333333139e+04
3.595500000000000000e+03,9.128713999999999373e+01,3.449827000000000310e-01,1.363162666666666883e+04
3.605500000000000000e+03,9.126572000000000173e+01,3.450525999999999871e-01,1.370755666666666548e+04
3.615500000000000000e+03,9.127855999999999881e+01,3.420537999999999634e-01,1.378373333333333358e+04
3.625500000000000000e+03,9.125997999999999877e+01,3.447914000000000256e-01,1.386010666666666475e+04
3.635500000000000000e+03,9.127143999999998414e+01,3.451575000000000060e-01,1.393670666666666511e+04
3.645500000000000000e+03,9.129572000000000287e+01,3.466373000000000371e-01,1.401352333333333445e+04
3.655500000000000000e+03,9.127285999999999433e+01,3.439318000000000652e-01,1.409055333333333510e+04
3.665500000000000000e+03,9.127571000000001789e+01,3.449787999999999744e-01,1.416781666666666570e+04
3.675500000000000000e+03,9.126429000000000258e+01,3.443074000000000412e-01,1.424530333333333328e+04
3.685500000000000000e+03,9.125856999999999175e+01,3.448272000000000004e-01,1.432298666666666759e+04
3.695500000000000000e+03,9.128001000000000431e+01,3.474828999999999835e-01,1.440089999999999964e+04
3.705500000000000000e+03,9.128427999999999543e+01,3.452993000000000312e-01,1.447901999999999862e+04
3.715500000000000000e+03,9.127715000000000600e+01,3.459310999999999914e-01,1.455735666666666839e+04
3.725500000000000000e+03,9.127285000000000537e+01,3.452529999999999766e-01,1.463591333333333387e+04
3.735500000000000000e+03,9.127570000000000050e+01,3.473287999999999931e-01,1.471468000000000211e+04
3.745500000000000000e+03,9.130713999999998975e+01,3.444677999999999907e-01,1.479365666666666766e+04
3.755500000000000000e+03,9.128713999999999373e+01,3.479347000000000412e-01,1.487282000000000153e+04
3.765500000000000000e+03,9.129000000000000625e+01,3.481013999999999498e-01,1.495215666666666766e+04
3.775500000000000000e+03,9.127857000000000198e+01,3.454583000000000514e-01,1.503168333333333067e+04
3.785500000000000000e+03,9.126714999999998668e+01,3.470786000000000704e-01,1.511141666666666788e+04
3.795500000000000000e+03,9.126142999999999006e+01,3.496821999999999986e-01,1.519135333333333620e+04
3.805500000000000000e+03,9.126430000000000575e+01,3.483675999999999995e-01,1.527150666666666439e+04
3.815500000000000000e+03,9.127712999999999965e+01,3.481999000000000066e-01,1.535186666666666861e+04
3.825500000000000000e+03,9.127428999999999348e+01,3.435019999999999740e-01,1.543245999999999731e+04
3.835500000000000000e+03,9.129572000000000287e+01,3.491741999999999346e-01,1.551325666666666802e+04
3.845500000000000000e+03,9.131714000000002329e+01,3.464591000000000198e-01,1.559426666666666642e+04
3.855500000000000000e+03,9.129857000000001221e+01,3.495880000000000098e-01,1.567550000000000000e+04
3.865500000000000000e+03,9.130570000000001585e+01,3.481504999999999739e-01,1.575694666666666672e+04
3.875500000000000000e+03,9.128001999999999327e+01,3.461739000000000344e-01,1.583857999999999811e+04
3.885500000000000000e+03,9.131856000000000506e+01,3.477985000000000104e-01,1.592042000000000189e+04
3.895500000000000000e+03,9.131573000000000206e+01,3.463748999999999856e-01,1.600246666666666897e+04
3.905500000000000000e+03,9.130857000000000312e+01,3.513655000000000528e-01,1.608474333333333198e+04
3.915500000000000000e+03,9.129142999999999120e+01,3.465691999999999107e-01,1.616720333333333474e+04
3.925500000000000000e+03,9.130142000000000735e+01,3.501857000000000442e-01,1.624984666666666817e+04
3.935500000000000000e+03,9.128428999999998439e+01,3.490302999999999600e-01,1.633271333333333314e+04
3.945500000000000000e+03,9.128143000000001450e+01,3.511501000000000206e-01,1.641578000000000247e+04
3.955500000000000000e+03,9.130571000000000481e+01,3.504264000000000268e-01,1.649902666666666482e+04
3.965500000000000000e+03,9.131001999999999441e+01,3.475445999999999813e-01,1.658247333333333518e+04
3.975500000000000000e+03,9.131286000000001479e+01,3.493317999999999701e-01,1.666612000000000262e+04
3.985500000000000000e+03,9.127284999999999116e+01,3.474189000000000305e-01,1.674996666666666715e+04
3.995500000000000000e+03,9.129998000000000502e+01,3.500211999999999768e-01,1.683401666666666642e+04
4.005500000000000000e+03,9.129998999999999398e+01,3.508646999999999738e-01,1.691826999999999680e+04
4.015500000000000000e+03,9.130713000000000079e+01,3.524422999999999861e-01,1.700274333333333198e+04
4.025500000000000000e+03,9.133002000000000464e+01,3.498766999999999849e-01,1.708742666666666992e+04
4.035500000000000000e+03,9.129285999999999035e+01,3.489382999999999790e-01,1.717234333333333416e+04
4.045500000000000000e+03,9.132285999999999149e+01,3.495518000000000236e-01,1.725749000000000160e+04
4.055500000000000000e+03,9.132856999999999914e+01,3.532365000000000088e-01,1.734282666666666773e+04
4.065500000000000000e+03,9.130571000000000481e+01,3.532456999999999958e-01,1.742840000000000146e+04
4.075500000000000000e+03,9.129571000000001391e+01,3.496415000000000495e-01,1.751422333333333518e+04
4.085500000000000000e+03,9.130570000000000164e+01,3.515384000000000286e-01,1.760029666666666890e+04
4.095500000000000000e+03,9.129998999999999398e+01,3.556243000000000043e-01,1.768660000000000218e+04
4.105500000000000000e+03,9.129857000000001221e+01,3.493361000000000383e-01,1.777309666666666817e+04
4.115500000000000000e+03,9.129858000000000118e+01,3.529516999999999793e-01,1.785979999999999927e+04
4.125500000000000000e+03,9.130142000000000735e+01,3.506453999999999960e-01,1.794669000000000233e+04
4.135500000000000000e+03,9.130713999999998975e+01,3.525961000000000234e-01,1.803381999999999971e+04
4.145500000000000000e+03,9.132284999999998831e+01,3.493283999999999834e-01,1.812114333333333343e+04
4.155500000000000000e+03,9.129713999999999885e+01,3.541793000000000302e-01,1.820866666666666788e+04
4.165500000000000000e+03,9.134144000000000574e+01,3.500513000000000097e-01,1.829637999999999738e+04
4.175500000000000000e+03,9.130857000000000312e+01,3.539327999999999919e-01,1.838433666666666613e+04
4.185500000000000000e+03,9.130572999999999695e+01,3.516940000000000066e-01,1.847248333333333358e+04
4.195500000000000000e+03,9.129285999999999035e+01,3.525166000000000688e-01,1.856083666666666613e+04
4.205500000000000000e+03,9.128430000000000177e+01,3.531924000000000174e-01,1.864938666666666541e+04
4.215500000000000000e+03,9.129286000000000456e+01,3.538579999999999504e-01,1.873815666666666584e+04
4.225500000000000000e+03,9.132570999999998662e+01,3.530176999999999898e-01,1.882715666666666948e+04
4.235500000000000000e+03,9.128713000000000477e+01,3.536288999999999683e-01,1.891635999999999694e+04
4.245500000000000000e+03,9.129855999999999483e+01,3.532596000000000069e-01,1.900576333333333605e+04
4.255500000000000000e+03,9.128569999999999141e+01,3.556731000000000198e-01,1.909537999999999738e+04
4.265500000000000000e+03,9.130858000000000629e+01,3.518395000000000272e-01,1.918521333333333678e+04
4.275500000000000000e+03,9.130571999999999377e+01,3.536194000000000282e-01,1.927527333333333445e+04
4.285500000000000000e+03,9.129142000000000223e+01,3.536688000000000054e-01,1.936554333333333489e+04
4.295500000000000000e+03,9.128429000000001281e+01,3.554667999999999717e-01,1.945598666666666759e+04
4.305500000000000000e+03,9.130998999999999910e+01,3.536177999999999821e-01,1.954666333333333023e+04
4.315500000000000000e+03,9.130285999999998126e+01,3.541294000000000386e-01,1.963752666666666482e+04
4.325500000000000000e+03,9.130428999999999462e+01,3.534171999999999869e-01,1.972860333333333256e+04
4.335500000000000000e+03,9.129999999999999716e+01,3.520054999999999712e-01,1.981988999999999942e+04
4.345500000000000000e+03,9.127286000000000854e+01,3.571666000000000007e-01,1.991137666666667064e+04
4.355500000000000000e+03,9.127000000000001023e+01,3.530507999999999980e-01,2.000308666666666977e+04
4.365500000000000000e+03,9.128999000000000308e+01,3.563855999999999691e-01,2.009498666666667123e+04
4.375500000000000000e+03,9.127141999999999200e+01,3.541793000000000302e-01,2.018709000000000378e+04
4.385500000000000000e+03,9.129715999999999099e+01,3.547263999999999973e-01,2.027938000000000466e+04
4.395500000000000000e+03,9.129142000000000223e+01,3.555005999999999444e-01,2.037185999999999694e+04
4.405500000000000000e+03,9.131285000000001162e+01,3.530688000000000160e-01,2.046452666666666482e+04
4.415500000000000000e+03,9.128285000000001048e+01,3.560836000000000001e-01,2.055740999999999985e+04
4.425500000000000000e+03,9.124573000000000889e+01,3.532433000000000378e-01,2.065049333333333561e+04
4.435500000000000000e+03,9.127998999999999796e+01,3.545631999999999673e-01,2.074378666666666322e+04
4.445500000000000000e+03,9.129572000000000287e+01,3.580427999999999389e-01,2.083728333333333285e+04
4.455500000000000000e+03,9.128427000000000646e+01,3.552354999999999818e-01,2.093099666666666963e+04
4.465500000000000000e+03,9.128572000000001196e+01,3.569319000000000797e-01,2.102494333333333270e+04
4.475500000000000000e+03,9.126427999999999940e+01,3.537981000000000043e-01,2.111907999999999811e+04
4.485500000000000000e+03,9.129427999999998633e+01,3.561386999999999747e-01,2.121342666666666992e+04
4.495500000000000000e+03,9.128569999999999141e+01,3.589774000000000020e-01,2.130799000000000160e+04
4.505500000000000000e+03,9.127142999999999518e+01,3.568781999999999788e-01,2.140273666666666759e+04
4.515500000000000000e+03,9.128428999999998439e+01,3.552109999999999990e-01,2.149767333333333227e+04
4.525500000000000000e+03,9.125999999999999091e+01,3.542564999999999742e-01,2.159282666666666773e+04
4.535500000000000000e+03,9.125285999999998410e+01,3.584110999999999825e-01,2.168820000000000073e+04
4.545500000000000000e+03,9.127713000000001387e+01,3.524031999999999720e-01,2.178377333333333081e+04
4.555500000000000000e+03,9.124429000000000656e+01,3.573330000000000117e-01,2.187956000000000131e+04
4.565500000000000000e+03,9.125856999999999175e+01,3.571899000000000046e-01,2.197556333333333168e+04
4.575500000000000000e+03,9.126284000000001129e+01,3.537286999999999515e-01,2.207178000000000247e+04
4.585500000000000000e+03,9.126427999999999940e+01,3.568904000000000520e-01,2.216819666666666672e+04
4.595500000000000000e+03,9.124431000000001291e+01,3.570356000000000085e-01,2.226481333333333168e+04
4.605500000000000000e+03,9.124428000000000338e+01,3.564089999999999758e-01,2.236163666666666541e+04
4.615500000000000000e+03,9.124428000000000338e+01,3.542407000000000195e-01,2.245868000000000029e+04
4.625500000000000000e+03,9.122571000000000652e+01,3.569672999999999874e-01,2.255593666666666832e+04
4.635500000000000000e+03,9.124858000000000402e+01,3.552463999999999622e-01,2.265337999999999738e+04
4.645500000000000000e+03,9.126572000000001594e+01,3.541957999999999496e-01,2.275106333333333168e+04
4.655500000000000000e+03,9.124001999999998702e+01,3.539681000000000077e-01,2.284897333333333154e+04
4.665500000000000000e+03,9.122713999999999146e+01,3.575193999999999872e-01,2.294710333333333620e+04
4.675500000000000000e+03,9.123713000000000761e+01,3.517755000000000187e-01,2.304541999999999825e+04
4.685500000000000000e+03,9.124142999999999404e+01,3.579257000000000133e-01,2.314392000000000189e+04
4.695500000000000000e+03,9.120284999999999798e+01,3.562447999999999726e-01,2.324261000000000058e+04
4.705500000000000000e+03,9.121571999999999036e+01,3.573070999999999886e-01,2.334152000000000044e+04
4.715500000000000000e+03,9.122712999999998829e+01,3.564089000000000285e-01,2.344062333333332936e+04
4.725500000000000000e+03,9.119285000000000707e+01,3.553771000000000013e-01,2.353992333333333227e+04
4.735500000000000000e+03,9.121856999999999971e+01,3.549828999999999901e-01,2.363943000000000029e+04
4.745500000000000000e+03,9.123284999999999911e+01,3.576604999999999923e-01,2.373913666666666541e+04
4.755500000000000000e+03,9.121715000000000373e+01,3.578361999999999377e-01,2.383904333333333489e+04
4.765500000000000000e+03,9.121571000000000140e+01,3.551683999999999952e-01,2.393915666666666584e+04
4.775500000000000000e+03,9.123427999999999827e+01,3.551125999999998895e-01,2.403945999999999913e+04
4.785500000000000000e+03,9.123857000000000994e+01,3.576831000000000316e-01,2.413994666666666308e+04
4.795500000000000000e+03,9.120429000000000030e+01,3.542760999999999827e-01,2.424073000000000320e+04
4.805500000000000000e+03,9.122428000000000736e+01,3.558600000000000096e-01,2.434190666666666948e+04
4.815500000000000000e+03,9.121286999999999523e+01,3.575258000000000047e-01,2.444329999999999927e+04
4.825500000000000000e+03,9.122141999999999484e+01,3.572582000000000257e-01,2.454489333333333343e+04
4.835500000000000000e+03,9.121859000000000606e+01,3.549799999999999622e-01,2.464670666666666511e+04
4.845500000000000000e+03,9.119714000000000453e+01,3.578267999999999449e-01,2.474873666666666759e+04
4.855500000000000000e+03,9.121143000000000711e+01,3.578844999999999943e-01,2.485096333333333314e+04
4.865500000000000000e+03,9.120000999999999181e+01,3.576102999999999921e-01,2.495342333333333590e+04
4.875500000000000000e+03,9.120713999999999544e+01,3.576794999999999836e-01,2.505610333333333620e+04
4.885500000000000000e+03,9.121715000000000373e+01,3.563703999999999761e-01,2.515897999999999956e+04
4.895500000000000000e+03,9.119999999999998863e+01,3.566117000000000314e-01,2.526206000000000131e+04
4.905500000000000000e+03,9.117571999999999832e+01,3.583604999999999707e-01,2.536535333333333256e+04
4.915500000000000000e+03,9.119142000000000792e+01,3.558074999999999433e-01,2.546886999999999898e+04
4.925500000000000000e+03,9.114142999999998551e+01,3.565682000000000018e-01,2.557261666666666861e+04
4.935500000000000000e+03,9.120998000000000161e+01,3.601073000000000190e-01,2.567658333333333212e+04
4.945500000000000000e+03,9.120000999999999181e+01,3.539672999999999847e-01,2.578076999999999680e+04
4.955500000000000000e+03,9.118856999999999857e+01,3.567642000000000313e-01,2.588515999999999985e+04
4.965500000000000000e+03,9.115427999999999997e+01,3.547936999999999896e-01,2.598978000000000247e+04
4.975500000000000000e+03,9.116569999999998686e+01,3.567908999999999664e-01,2.609462000000000262e+04
4.985500000000000000e+03,9.113855999999999824e+01,3.571552999999999534e-01,2.619966333333333750e+04
4.995500000000000000e+03,9.115857000000001165e+01,3.604782999999999737e-01,2.630493666666666832e+04
