5.500000000000000000e+00,8.310714000000000112e+01,3.014083199999999962e+01,6.995766733333333431e-02
1.550000000000000000e+01,8.230715000000000714e+01,6.382334000000000174e+00,3.795765000000000389e-01
2.550000000000000000e+01,7.970000999999999181e+01,3.993678999999999313e+00,9.460589999999999833e-01
3.550000000000000000e+01,8.357000999999999635e+01,2.627170999999999701e+00,1.773552666666666555e+00
4.550000000000000000e+01,8.135569999999998458e+01,2.013638000000000261e+00,2.861730666666666867e+00
5.550000000000000000e+01,7.997857000000000482e+01,2.033778000000000308e+00,4.211251666666666615e+00
6.550000000000000000e+01,8.259000999999999237e+01,1.808714399999999944e+00,5.809946999999999306e+00
7.550000000000000000e+01,7.981284999999999741e+01,1.581013999999999919e+00,7.663967000000001306e+00
8.550000000000000000e+01,8.233143000000001166e+01,1.133735600000000066e+00,9.791673666666664388e+00
9.550000000000000000e+01,8.339284999999999570e+01,1.473029200000000039e+00,1.219668666666666645e+01
1.055000000000000000e+02,8.229285000000000139e+01,1.279913300000000032e+00,1.489479666666666802e+01
1.155000000000000000e+02,8.288428000000000395e+01,1.213778899999999883e+00,1.787482333333333173e+01
1.255000000000000000e+02,8.326000000000001933e+01,1.182078000000000184e+00,2.113112666666666684e+01
1.355000000000000000e+02,8.482286000000000570e+01,1.149574099999999932e+00,2.467028000000000176e+01
1.455000000000000000e+02,8.519285999999999603e+01,1.085374999999999979e+00,2.851165999999999912e+01
1.555000000000000000e+02,8.483144000000001483e+01,1.070906799999999937e+00,3.264200666666665995e+01
1.655000000000000000e+02,8.642000000000000171e+01,1.207216699999999809e+00,3.702566999999999808e+01
1.755000000000000000e+02,8.555285999999999547e+01,8.013274999999999704e-01,4.165734333333332984e+01
1.855000000000000000e+02,8.594571999999999434e+01,9.327853000000001504e-01,4.654048666666666634e+01
1.955000000000000000e+02,8.650000000000000000e+01,6.481485000000000163e-01,5.167495666666665954e+01
2.055000000000000000e+02,8.919714000000000453e+01,7.152429999999999621e-01,5.707022333333333108e+01
2.155000000000000000e+02,8.705142000000000735e+01,6.955645999999998663e-01,6.271721666666667261e+01
2.255000000000000000e+02,8.852428000000000452e+01,8.377089999999999259e-01,6.862039999999998940e+01
2.355000000000000000e+02,8.947999000000000080e+01,7.897046999999999262e-01,7.480408333333332394e+01
2.455000000000000000e+02,8.834000999999999237e+01,6.666069000000000022e-01,8.128552666666666937e+01
2.555000000000000000e+02,8.802858000000000516e+01,8.226682000000000716e-01,8.805761666666666088e+01
2.655000000000000000e+02,8.697857000000000482e+01,6.486773999999999596e-01,9.508900666666666268e+01
2.755000000000000000e+02,8.931286000000000058e+01,6.950100999999999640e-01,1.023721000000000032e+02
2.855000000000000000e+02,8.752000000000001023e+01,6.472328999999999999e-01,1.099039333333333133e+02
2.955000000000000000e+02,8.833429999999999893e+01,6.798615000000000075e-01,1.176873000000000076e+02
3.055000000000000000e+02,8.914142999999999972e+01,5.720117999999999592e-01,1.257363333333333202e+02
3.155000000000000000e+02,8.903713999999999373e+01,6.678746999999998213e-01,1.340618000000000052e+02
3.255000000000000000e+02,8.719570999999999117e+01,6.201369000000001019e-01,1.426659333333333279e+02
3.355000000000000000e+02,8.814571999999999719e+01,5.924612000000000211e-01,1.515509999999999877e+02
3.455000000000000000e+02,8.884143000000000256e+01,5.882256000000000151e-01,1.606992999999999938e+02
3.555000000000000000e+02,8.814427999999999486e+01,5.565077000000000496e-01,1.701166333333333114e+02
3.655000000000000000e+02,8.964286000000001309e+01,5.631359999999999699e-01,1.798071000000000197e+02
3.755000000000000000e+02,8.941141999999999257e+01,5.720131999999999994e-01,1.897852333333333377e+02
3.855000000000000000e+02,8.952285000000000537e+01,5.388517000000000445e-01,2.000558666666666738e+02
3.955000000000000000e+02,8.989714999999999634e+01,5.147125999999999646e-01,2.106131999999999493e+02
4.055000000000000000e+02,8.938571999999999207e+01,5.344114999999999283e-01,2.214878999999999962e+02
4.155000000000000000e+02,8.906428000000001077e+01,5.156971000000000194e-01,2.326849666666666963e+02
4.255000000000000000e+02,8.958143000000001166e+01,5.126649000000000900e-01,2.441719999999999686e+02
4.355000000000000000e+02,8.940570000000001016e+01,4.982822999999999558e-01,2.559388333333333208e+02
4.455000000000000000e+02,9.067001000000000488e+01,5.350920000000000121e-01,2.679775333333333833e+02
4.555000000000000000e+02,8.951427000000001044e+01,4.780279000000000056e-01,2.802743666666666513e+02
4.655000000000000000e+02,8.950428000000000850e+01,4.811165000000000025e-01,2.928287333333333322e+02
4.755000000000000000e+02,8.981284999999999741e+01,4.643402999999999281e-01,3.056664666666666790e+02
4.855000000000000000e+02,8.898429000000001565e+01,4.830599000000000420e-01,3.187963000000000306e+02
4.955000000000000000e+02,8.977285000000000537e+01,4.779281999999999142e-01,3.322101999999999293e+02
5.055000000000000000e+02,8.970570999999999628e+01,4.755011000000000654e-01,3.459245999999999981e+02
5.155000000000000000e+02,8.969716000000001088e+01,4.542933000000000665e-01,3.599318666666666786e+02
5.255000000000000000e+02,9.041143999999999892e+01,4.585918000000000494e-01,3.742189999999999941e+02
5.355000000000000000e+02,8.988141999999999143e+01,4.779888999999999943e-01,3.887637666666666405e+02
5.455000000000000000e+02,9.051715000000001510e+01,4.497544999999999460e-01,4.035783000000000129e+02
5.555000000000000000e+02,9.080142000000000735e+01,4.568089000000000732e-01,4.186705666666666730e+02
5.655000000000000000e+02,9.006999000000000422e+01,4.609117999999999826e-01,4.340356333333332941e+02
5.755000000000000000e+02,9.038284999999999059e+01,4.423590000000000022e-01,4.496596666666666238e+02
5.855000000000000000e+02,9.083284999999999343e+01,4.489473999999999410e-01,4.655646333333332905e+02
5.955000000000000000e+02,9.085714999999999009e+01,4.044998000000000760e-01,4.817533666666666932e+02
6.055000000000000000e+02,9.047855999999998744e+01,4.150243999999999600e-01,4.982070666666667194e+02
6.155000000000000000e+02,9.054713999999998464e+01,4.236855000000000482e-01,5.149499333333333198e+02
6.255000000000000000e+02,8.997997000000000867e+01,4.193303000000000447e-01,5.320051333333333332e+02
6.355000000000000000e+02,9.081570000000000675e+01,4.196529999999999982e-01,5.493600999999999885e+02
6.455000000000000000e+02,9.071286999999999523e+01,4.047885999999999429e-01,5.669990666666666357e+02
6.555000000000000000e+02,9.088142999999999461e+01,4.338119999999999754e-01,5.849145666666665875e+02
6.655000000000000000e+02,9.082715000000001737e+01,4.296616999999999242e-01,6.031623666666665713e+02
6.755000000000000000e+02,9.057571000000000083e+01,4.404093999999999509e-01,6.217800000000000864e+02
6.855000000000000000e+02,9.075571999999999662e+01,4.213512999999999842e-01,6.407354666666667526e+02
6.955000000000000000e+02,9.076856000000000790e+01,4.368617999999999668e-01,6.600072000000000116e+02
7.055000000000000000e+02,9.087999999999999545e+01,4.179944999999999911e-01,6.796070333333333338e+02
7.155000000000000000e+02,9.127572000000000685e+01,4.352602000000000970e-01,6.995237333333333254e+02
7.255000000000000000e+02,9.105857999999999208e+01,4.113968000000000624e-01,7.197479666666666844e+02
7.355000000000000000e+02,9.115572999999999126e+01,4.299011999999999278e-01,7.402616333333332932e+02
7.455000000000000000e+02,9.105429999999999779e+01,4.202200999999999853e-01,7.610564666666666653e+02
7.555000000000000000e+02,9.090427999999999997e+01,4.158410000000000162e-01,7.821446666666666943e+02
7.655000000000000000e+02,9.076714000000001192e+01,4.184902000000000344e-01,8.035136999999999716e+02
7.755000000000000000e+02,9.119570000000001642e+01,4.068800000000000194e-01,8.251419666666666899e+02
7.855000000000000000e+02,9.107715000000000316e+01,4.177973999999999855e-01,8.470276333333333696e+02
7.955000000000000000e+02,9.086287000000000091e+01,4.128794000000000075e-01,8.691735333333332392e+02
8.055000000000000000e+02,9.108714000000000510e+01,4.137337999999999849e-01,8.915787999999998874e+02
8.155000000000000000e+02,9.122713999999999146e+01,4.089217000000000546e-01,9.142701999999999316e+02
8.255000000000000000e+02,9.132999999999999829e+01,4.017080000000000095e-01,9.372274333333332379e+02
8.355000000000000000e+02,9.159572000000000003e+01,3.941020000000000079e-01,9.604602999999999611e+02
8.455000000000000000e+02,9.089857000000000653e+01,4.050308999999999715e-01,9.839664000000000215e+02
8.555000000000000000e+02,9.159855000000000302e+01,4.078758999999999579e-01,1.007725400000000036e+03
8.655000000000000000e+02,9.156856000000000506e+01,3.988247999999999793e-01,1.031734366666666801e+03
8.755000000000000000e+02,9.142571000000000936e+01,3.918009999999999549e-01,1.056011666666666770e+03
8.855000000000000000e+02,9.145284999999998377e+01,4.027955999999999759e-01,1.080567333333333181e+03
8.955000000000000000e+02,9.137713999999999714e+01,4.144983999999999891e-01,1.105397999999999911e+03
9.055000000000000000e+02,9.125429000000001167e+01,4.000660999999999246e-01,1.130494333333333543e+03
9.155000000000000000e+02,9.163856999999998720e+01,4.058902999999999817e-01,1.155890333333333274e+03
9.255000000000000000e+02,9.157999999999999829e+01,4.059395000000000087e-01,1.181610333333333301e+03
9.355000000000000000e+02,9.144572000000000855e+01,3.958639999999999382e-01,1.207657333333333099e+03
9.455000000000000000e+02,9.151858000000001425e+01,4.008857000000000115e-01,1.234023666666666486e+03
9.555000000000000000e+02,9.113284000000001583e+01,4.026301999999999381e-01,1.260726333333333287e+03
9.655000000000000000e+02,9.148572000000000060e+01,4.079384999999999262e-01,1.287739999999999782e+03
9.755000000000000000e+02,9.173143000000000313e+01,3.970525999999999778e-01,1.315063333333333048e+03
9.855000000000000000e+02,9.151713999999999771e+01,4.001736999999999655e-01,1.342672000000000025e+03
9.955000000000000000e+02,9.180715000000000714e+01,3.871088000000000306e-01,1.370551666666666733e+03
1.005500000000000000e+03,9.169714999999999350e+01,4.137614000000000014e-01,1.398722000000000207e+03
1.015500000000000000e+03,9.162570999999999799e+01,4.126214000000000270e-01,1.427163666666666586e+03
1.025500000000000000e+03,9.134714000000001022e+01,3.987288999999999417e-01,1.455886333333333369e+03
1.035500000000000000e+03,9.170856999999999459e+01,4.063326999999999911e-01,1.484919333333333270e+03
1.045500000000000000e+03,9.141713000000000022e+01,4.201656999999999753e-01,1.514265000000000100e+03
1.055500000000000000e+03,9.162284999999999968e+01,4.303706999999999949e-01,1.543932333333333190e+03
1.065500000000000000e+03,9.147285000000000821e+01,4.105575000000000196e-01,1.573918333333333521e+03
1.075500000000000000e+03,9.149571000000000254e+01,4.167650999999999994e-01,1.604178333333333285e+03
1.085500000000000000e+03,9.165856999999998322e+01,4.129827999999999832e-01,1.634693999999999960e+03
1.095500000000000000e+03,9.129570999999999970e+01,4.141236000000000361e-01,1.665493333333333339e+03
1.105500000000000000e+03,9.143856999999999857e+01,4.067083999999999699e-01,1.696619333333333316e+03
1.115500000000000000e+03,9.148287000000000546e+01,3.960123000000000393e-01,1.728057666666666364e+03
1.125500000000000000e+03,9.157999999999999829e+01,4.083702999999999639e-01,1.759807000000000016e+03
1.135500000000000000e+03,9.151142000000000110e+01,4.096549999999999914e-01,1.791865333333333183e+03
1.145500000000000000e+03,9.147144000000000119e+01,4.052616000000000551e-01,1.824242666666666537e+03
1.155500000000000000e+03,9.159713999999999601e+01,3.925676999999999639e-01,1.856899333333333288e+03
1.165500000000000000e+03,9.144714000000001874e+01,4.194551999999999725e-01,1.889836000000000467e+03
1.175500000000000000e+03,9.165285999999998978e+01,3.969986000000000348e-01,1.923049333333333607e+03
1.185500000000000000e+03,9.156571000000000993e+01,3.869473999999999414e-01,1.956549000000000206e+03
1.195500000000000000e+03,9.191286000000000911e+01,4.059376999999999569e-01,1.990352666666666892e+03
1.205500000000000000e+03,9.178144000000000347e+01,3.859816999999999831e-01,2.024440666666666630e+03
1.215500000000000000e+03,9.167857999999999663e+01,4.015557000000000154e-01,2.058802333333333081e+03
1.225500000000000000e+03,9.152000999999999920e+01,3.927788000000000390e-01,2.093461000000000240e+03
1.235500000000000000e+03,9.155571000000000481e+01,4.037055000000000504e-01,2.128398333333333539e+03
1.245500000000000000e+03,9.167285000000001105e+01,4.023383999999999849e-01,2.163620333333333292e+03
1.255500000000000000e+03,9.174571999999999150e+01,3.958414999999999573e-01,2.199141666666666424e+03
1.265500000000000000e+03,9.167287000000000319e+01,4.081967000000000789e-01,2.234963999999999942e+03
1.275500000000000000e+03,9.167429000000001338e+01,4.081772000000000178e-01,2.271063000000000102e+03
1.285500000000000000e+03,9.163715999999999440e+01,4.059883000000000242e-01,2.307447666666666919e+03
1.295500000000000000e+03,9.179571000000001391e+01,4.080180000000000473e-01,2.344118999999999687e+03
1.305500000000000000e+03,9.189857999999999549e+01,4.194999000000000366e-01,2.381073666666666213e+03
1.315500000000000000e+03,9.189856000000000336e+01,3.991238000000000286e-01,2.418302000000000589e+03
1.325500000000000000e+03,9.197857000000000482e+01,4.139831999999999956e-01,2.455785333333333256e+03
1.335500000000000000e+03,9.190570999999999913e+01,4.088210999999999373e-01,2.493552666666666937e+03
1.345500000000000000e+03,9.190428999999998894e+01,4.075232999999999772e-01,2.531600666666666712e+03
1.355500000000000000e+03,9.182998000000000616e+01,4.129432000000000658e-01,2.569901333333333241e+03
1.365500000000000000e+03,9.189000000000000057e+01,4.128014000000000405e-01,2.608483666666666522e+03
1.375500000000000000e+03,9.210569999999999879e+01,4.143961999999999923e-01,2.647375666666666348e+03
1.385500000000000000e+03,9.183857000000000426e+01,4.108357000000000814e-01,2.686558000000000447e+03
1.395500000000000000e+03,9.196715000000000373e+01,4.136751000000000178e-01,2.726018666666666377e+03
1.405500000000000000e+03,9.199998999999999683e+01,4.051472999999999880e-01,2.765748333333333449e+03
1.415500000000000000e+03,9.204999999999998295e+01,4.138335000000000763e-01,2.805738000000000284e+03
1.425500000000000000e+03,9.200142999999999915e+01,4.044352999999999421e-01,2.845979666666666617e+03
1.435500000000000000e+03,9.196857000000001392e+01,4.061477000000000004e-01,2.886470333333333201e+03
1.445500000000000000e+03,9.204001000000000943e+01,4.083824999999999816e-01,2.927213999999999487e+03
1.455500000000000000e+03,9.195570999999999628e+01,4.225486999999999438e-01,2.968237666666666428e+03
1.465500000000000000e+03,9.189142999999999972e+01,4.109317000000000109e-01,3.009544333333333725e+03
1.475500000000000000e+03,9.197287000000000035e+01,4.091015999999999542e-01,3.051153999999999542e+03
1.485500000000000000e+03,9.190713999999999828e+01,4.203362000000000487e-01,3.093055666666666184e+03
1.495500000000000000e+03,9.202286000000000854e+01,4.039669000000000176e-01,3.135257000000000062e+03
1.505500000000000000e+03,9.199286000000000740e+01,4.098674999999999957e-01,3.177759666666667272e+03
1.515500000000000000e+03,9.187000000000001876e+01,4.131770000000000165e-01,3.220568333333333612e+03
1.525500000000000000e+03,9.203143000000000029e+01,4.125676000000000343e-01,3.263686333333333096e+03
1.535500000000000000e+03,9.200715000000000998e+01,4.119724999999999637e-01,3.307094666666666853e+03
1.545500000000000000e+03,9.202000999999999920e+01,4.140134000000000869e-01,3.350811333333333550e+03
1.555500000000000000e+03,9.194142999999999688e+01,4.136528999999999345e-01,3.394840666666666948e+03
1.565500000000000000e+03,9.199856000000001188e+01,4.028208000000000344e-01,3.439162999999999556e+03
1.575500000000000000e+03,9.199857000000000085e+01,4.088361000000000911e-01,3.483764666666666926e+03
1.585500000000000000e+03,9.198997999999998854e+01,4.124041999999999986e-01,3.528633999999999560e+03
1.595500000000000000e+03,9.205713000000000079e+01,4.082564999999999666e-01,3.573775333333333492e+03
1.605500000000000000e+03,9.203429999999998756e+01,4.034143000000000034e-01,3.619203333333333376e+03
1.615500000000000000e+03,9.199286999999999637e+01,3.995913000000000381e-01,3.664915333333333365e+03
1.625500000000000000e+03,9.194572999999999752e+01,4.100902999999999632e-01,3.710899333333333288e+03
1.635500000000000000e+03,9.187570999999999799e+01,4.054111999999999716e-01,3.757143333333333430e+03
1.645500000000000000e+03,9.197714000000000567e+01,4.026399999999999979e-01,3.803658666666666250e+03
1.655500000000000000e+03,9.207285999999999149e+01,4.067530999999999786e-01,3.850432999999999993e+03
1.665500000000000000e+03,9.194998999999999967e+01,3.961709999999999954e-01,3.897465000000000146e+03
1.675500000000000000e+03,9.193999999999999773e+01,4.123272000000000048e-01,3.944779333333333398e+03
1.685500000000000000e+03,9.202571999999999264e+01,3.991453000000000362e-01,3.992388666666666722e+03
1.695500000000000000e+03,9.189999999999999147e+01,4.070459000000000716e-01,4.040280999999999949e+03
1.705500000000000000e+03,9.203427999999999543e+01,4.001624999999999766e-01,4.088459666666666635e+03
1.715500000000000000e+03,9.197284999999999400e+01,3.983836000000000044e-01,4.136936333333334005e+03
1.725500000000000000e+03,9.204287000000000774e+01,3.941236000000000184e-01,4.185697666666666919e+03
1.735500000000000000e+03,9.201427999999999940e+01,3.992010000000000280e-01,4.234729000000001179e+03
1.745500000000000000e+03,9.197714000000000567e+01,3.963523999999999936e-01,4.284020999999999731e+03
1.755500000000000000e+03,9.199429000000000656e+01,3.953591999999999662e-01,4.333595666666666148e+03
1.765500000000000000e+03,9.198001999999999612e+01,3.982175000000000575e-01,4.383435666666666293e+03
1.775500000000000000e+03,9.191143000000000995e+01,3.906438999999999884e-01,4.433554000000000087e+03
1.785500000000000000e+03,9.205141000000000417e+01,3.975794000000000272e-01,4.483946999999999207e+03
1.795500000000000000e+03,9.200570999999999344e+01,3.978152999999999828e-01,4.534615999999999985e+03
1.805500000000000000e+03,9.198856999999999573e+01,3.909281000000000006e-01,4.585574333333333016e+03
1.815500000000000000e+03,9.200428000000000850e+01,3.881406000000000023e-01,4.636797333333332972e+03
1.825500000000000000e+03,9.199143000000000825e+01,3.949072000000000138e-01,4.688280333333334056e+03
1.835500000000000000e+03,9.204141999999998802e+01,3.998579000000000438e-01,4.740057666666666591e+03
1.845500000000000000e+03,9.201999999999999602e+01,3.917574999999999807e-01,4.792129333333334216e+03
1.855500000000000000e+03,9.203429000000001281e+01,3.909970000000000390e-01,4.844502666666667210e+03
1.865500000000000000e+03,9.202000999999999920e+01,3.922579999999999956e-01,4.897243333333333794e+03
1.875500000000000000e+03,9.201001000000000829e+01,4.039433000000000606e-01,4.950313333333333503e+03
1.885500000000000000e+03,9.200714999999999577e+01,3.988471000000000100e-01,5.003660999999999149e+03
1.895500000000000000e+03,9.204715000000001623e+01,3.963615999999999806e-01,5.057272666666667646e+03
1.905500000000000000e+03,9.196000000000000796e+01,3.930762999999999896e-01,5.111148666666666031e+03
1.915500000000000000e+03,9.197284999999999400e+01,3.995926999999999674e-01,5.165297333333333881e+03
1.925500000000000000e+03,9.198428999999998723e+01,3.876148999999999289e-01,5.219731999999999971e+03
1.935500000000000000e+03,9.196428000000000225e+01,4.000544000000000322e-01,5.274439666666666199e+03
1.945500000000000000e+03,9.201715000000000089e+01,3.942466000000000026e-01,5.329417999999999665e+03
1.955500000000000000e+03,9.192571000000000936e+01,3.954322999999999588e-01,5.384677000000000589e+03
1.965500000000000000e+03,9.198143000000000313e+01,3.891807999999999934e-01,5.440207333333333736e+03
1.975500000000000000e+03,9.194285999999999603e+01,3.878268999999999744e-01,5.495997666666668010e+03
1.985500000000000000e+03,9.195570999999999628e+01,3.885186000000000472e-01,5.552065000000000509e+03
1.995500000000000000e+03,9.191572000000000742e+01,4.023364999999999858e-01,5.608397333333332426e+03
2.005500000000000000e+03,9.192143999999998982e+01,3.942478000000000371e-01,5.664993000000000393e+03
2.015500000000000000e+03,9.193569999999999709e+01,3.959253999999999829e-01,5.721870000000000800e+03
2.025500000000000000e+03,9.200997999999999877e+01,3.896816000000000169e-01,5.779018333333333430e+03
2.035500000000000000e+03,9.197285000000000821e+01,3.896254000000000106e-01,5.836416666666666060e+03
2.045500000000000000e+03,9.195429000000000030e+01,3.969572000000000100e-01,5.894069333333332906e+03
2.055500000000000000e+03,9.191714999999999236e+01,3.878218000000000498e-01,5.951989999999999782e+03
2.065500000000000000e+03,9.191000999999998555e+01,3.889483999999999719e-01,6.010194666666666308e+03
2.075500000000000000e+03,9.193429000000000428e+01,3.958387999999999907e-01,6.068713333333333139e+03
2.085500000000000000e+03,9.196142999999999290e+01,3.852067000000000130e-01,6.127535333333333256e+03
2.095500000000000000e+03,9.193715000000000259e+01,3.934890000000000332e-01,6.186648999999999432e+03
2.105500000000000000e+03,9.187714999999998611e+01,3.994825000000000181e-01,6.246035333333333256e+03
2.115500000000000000e+03,9.190713999999999828e+01,3.950429000000000301e-01,6.305696666666665806e+03
2.125500000000000000e+03,9.192428000000001020e+01,3.820718999999999643e-01,6.365621000000000095e+03
2.135500000000000000e+03,9.186713999999999203e+01,3.894334000000000406e-01,6.425803333333334194e+03
2.145500000000000000e+03,9.195570000000000732e+01,3.939487000000000405e-01,6.486246333333333496e+03
2.155500000000000000e+03,9.189857000000000653e+01,3.925664999999999294e-01,6.546956666666666933e+03
2.165500000000000000e+03,9.185427999999998860e+01,3.979400000000000159e-01,6.607938333333333503e+03
2.175500000000000000e+03,9.187999999999999545e+01,3.886464000000000030e-01,6.669177000000000589e+03
2.185500000000000000e+03,9.190000000000000568e+01,3.881935999999999720e-01,6.730668666666667377e+03
2.195500000000000000e+03,9.184857999999999834e+01,3.891106999999999760e-01,6.792422666666667283e+03
2.205500000000000000e+03,9.189713000000000420e+01,3.971822999999999881e-01,6.854435666666667203e+03
2.215500000000000000e+03,9.184142999999998835e+01,3.883076999999999779e-01,6.916708333333333940e+03
2.225500000000000000e+03,9.186999999999999034e+01,3.904364000000000168e-01,6.979248333333333903e+03
2.235500000000000000e+03,9.186429999999998586e+01,3.906469000000000191e-01,7.042055666666667094e+03
2.245500000000000000e+03,9.185001000000001170e+01,3.940671999999999509e-01,7.105123999999998887e+03
2.255500000000000000e+03,9.185002000000000066e+01,3.905614999999999504e-01,7.168447666666665100e+03
2.265500000000000000e+03,9.182430999999999699e+01,3.837537999999999783e-01,7.232031666666666752e+03
2.275500000000000000e+03,9.177142999999998096e+01,3.906051000000000384e-01,7.295880333333334420e+03
2.285500000000000000e+03,9.181857999999999720e+01,3.941405000000000047e-01,7.360006666666666206e+03
2.295500000000000000e+03,9.176429000000000258e+01,3.978474000000000177e-01,7.424394666666665216e+03
2.305500000000000000e+03,9.179429999999999268e+01,3.906200000000000228e-01,7.489073999999998705e+03
2.315500000000000000e+03,9.179999999999999716e+01,3.899784000000000583e-01,7.554057000000000698e+03
2.325500000000000000e+03,9.183572000000000912e+01,3.911763999999999797e-01,7.619309999999999491e+03
2.335500000000000000e+03,9.179285000000000139e+01,3.948547000000000029e-01,7.684812666666666701e+03
2.345500000000000000e+03,9.176572999999999070e+01,3.887250000000000427e-01,7.750584999999999127e+03
2.355500000000000000e+03,9.176286999999999239e+01,3.936188999999999938e-01,7.816630333333334420e+03
2.365500000000000000e+03,9.178141999999999712e+01,3.868340000000000112e-01,7.882963666666667450e+03
2.375500000000000000e+03,9.177428999999999348e+01,3.851528999999999092e-01,7.949586333333334551e+03
2.385500000000000000e+03,9.173714999999999975e+01,3.907467000000000024e-01,8.016484666666666271e+03
2.395500000000000000e+03,9.180571999999999377e+01,3.928290000000000393e-01,8.083645333333332019e+03
2.405500000000000000e+03,9.175142000000001019e+01,3.911591999999999847e-01,8.151075333333334129e+03
2.415500000000000000e+03,9.177002000000000237e+01,3.857401999999999775e-01,8.218773333333334449e+03
2.425500000000000000e+03,9.176713999999999771e+01,3.901379000000000374e-01,8.286735666666669204e+03
2.435500000000000000e+03,9.173573000000000377e+01,3.869196000000000302e-01,8.354955666666666730e+03
2.445500000000000000e+03,9.172285999999999717e+01,3.916471000000000258e-01,8.423432000000000698e+03
2.455500000000000000e+03,9.175144000000000233e+01,3.917585000000000095e-01,8.492166333333332659e+03
2.465500000000000000e+03,9.174428000000000338e+01,3.866870000000000029e-01,8.561146333333334042e+03
2.475500000000000000e+03,9.176141999999998689e+01,3.894463000000000230e-01,8.630375666666664983e+03
2.485500000000000000e+03,9.173570999999999742e+01,3.902518999999999849e-01,8.699854999999999563e+03
2.495500000000000000e+03,9.170429999999998927e+01,3.870457999999999954e-01,8.769600333333331946e+03
2.505500000000000000e+03,9.172143000000001223e+01,3.954169000000000156e-01,8.839619666666667399e+03
2.515500000000000000e+03,9.172143000000001223e+01,3.893897000000000053e-01,8.909899666666666235e+03
2.525500000000000000e+03,9.172857999999999379e+01,3.861687999999999787e-01,8.980443333333332703e+03
2.535500000000000000e+03,9.172999000000001502e+01,3.824737999999999749e-01,9.051264333333334434e+03
2.545500000000000000e+03,9.172002000000000521e+01,3.842994999999999606e-01,9.122369666666667399e+03
2.555500000000000000e+03,9.168573000000000661e+01,3.900306000000000051e-01,9.193754333333334216e+03
2.565500000000000000e+03,9.171715000000000373e+01,3.881487000000000132e-01,9.265408999999999651e+03
2.575500000000000000e+03,9.171000000000000796e+01,3.796163000000000176e-01,9.337348666666666759e+03
2.585500000000000000e+03,9.169141999999999371e+01,3.851098000000000576e-01,9.409580333333333328e+03
2.595500000000000000e+03,9.169572000000000855e+01,3.797203000000000106e-01,9.482092333333332135e+03
2.605500000000000000e+03,9.171428000000000225e+01,3.892855000000000065e-01,9.554894333333333634e+03
2.615500000000000000e+03,9.167571000000000936e+01,3.854809000000000152e-01,9.627981000000001586e+03
2.625500000000000000e+03,9.171286999999999523e+01,3.892056999999999323e-01,9.701330666666666730e+03
2.635500000000000000e+03,9.166716000000000975e+01,3.862501999999999880e-01,9.774951333333332514e+03
2.645500000000000000e+03,9.167000999999999067e+01,3.882649000000000239e-01,9.848862000000000990e+03
2.655500000000000000e+03,9.165143999999999380e+01,3.893949000000000438e-01,9.923061666666666497e+03
2.665500000000000000e+03,9.164714000000000738e+01,3.882966999999999946e-01,9.997538333333333867e+03
2.675500000000000000e+03,9.168715000000000259e+01,3.896461000000000507e-01,1.007230333333333328e+04
2.685500000000000000e+03,9.164856999999999232e+01,3.881210999999999967e-01,1.014731666666666752e+04
2.695500000000000000e+03,9.168428000000000111e+01,3.839430999999999816e-01,1.022262333333333299e+04
2.705500000000000000e+03,9.160571000000000197e+01,3.847367999999999344e-01,1.029820666666666693e+04
2.715500000000000000e+03,9.166998999999999853e+01,3.835392999999999719e-01,1.037407999999999811e+04
2.725500000000000000e+03,9.162286000000000286e+01,3.874838999999999922e-01,1.045029333333333307e+04
2.735500000000000000e+03,9.161572000000001026e+01,3.845802999999999860e-01,1.052684999999999854e+04
2.745500000000000000e+03,9.163286000000000797e+01,3.880663999999999780e-01,1.060371333333333496e+04
2.755500000000000000e+03,9.161142999999998437e+01,3.894707000000000030e-01,1.068086333333333278e+04
2.765500000000000000e+03,9.166000999999998555e+01,3.812085999999999530e-01,1.075832000000000153e+04
2.775500000000000000e+03,9.165001000000000886e+01,3.897045000000000092e-01,1.083606333333333168e+04
2.785500000000000000e+03,9.160998999999999626e+01,3.889538999999999636e-01,1.091410333333333438e+04
2.795500000000000000e+03,9.163142999999999461e+01,3.831237000000000115e-01,1.099242666666666628e+04
2.805500000000000000e+03,9.160714000000000112e+01,3.805131000000000485e-01,1.107102666666666664e+04
2.815500000000000000e+03,9.162000000000000455e+01,3.873569000000000040e-01,1.114989666666666562e+04
2.825500000000000000e+03,9.160143999999999664e+01,3.829600999999999145e-01,1.122907666666666591e+04
2.835500000000000000e+03,9.157856999999999914e+01,3.822474999999999623e-01,1.130853333333333285e+04
2.845500000000000000e+03,9.160856999999998607e+01,3.883268999999999749e-01,1.138826666666666642e+04
2.855500000000000000e+03,9.158427000000000362e+01,3.854135000000000200e-01,1.146827999999999884e+04
2.865500000000000000e+03,9.159429000000000087e+01,3.885440000000000560e-01,1.154858333333333212e+04
2.875500000000000000e+03,9.158142999999999745e+01,3.888871000000000411e-01,1.162917999999999847e+04
2.885500000000000000e+03,9.156714000000002329e+01,3.843315999999999955e-01,1.171005333333333328e+04
2.895500000000000000e+03,9.155285999999999547e+01,3.871206000000000369e-01,1.179121000000000095e+04
2.905500000000000000e+03,9.152716000000000918e+01,3.902831000000000494e-01,1.187268333333333248e+04
2.915500000000000000e+03,9.158428999999999576e+01,3.903074000000000265e-01,1.195444666666666672e+04
2.925500000000000000e+03,9.153713999999999373e+01,3.903724000000000083e-01,1.203648999999999978e+04
2.935500000000000000e+03,9.153999000000000308e+01,3.927954000000000168e-01,1.211880666666666548e+04
2.945500000000000000e+03,9.156712999999999170e+01,3.887411000000000061e-01,1.220142333333333227e+04
2.955500000000000000e+03,9.153000000000000114e+01,3.852191999999999839e-01,1.228430999999999949e+04
2.965500000000000000e+03,9.156286000000000058e+01,3.894878000000000506e-01,1.236748333333333358e+04
2.975500000000000000e+03,9.152857000000000198e+01,3.872055000000000358e-01,1.245095000000000073e+04
2.985500000000000000e+03,9.151713999999999771e+01,3.897342999999999780e-01,1.253469666666666672e+04
2.995500000000000000e+03,9.152428999999999348e+01,3.882811000000000456e-01,1.261869666666666672e+04
3.005500000000000000e+03,9.156428999999999974e+01,3.974350999999999856e-01,1.270296666666666715e+04
3.015500000000000000e+03,9.151142000000000110e+01,3.935242999999999935e-01,1.278753666666666686e+04
3.025500000000000000e+03,9.151429000000000258e+01,3.923957999999999613e-01,1.287239999999999964e+04
3.035500000000000000e+03,9.150000000000000000e+01,3.885721999999999787e-01,1.295751666666666824e+04
3.045500000000000000e+03,9.150286000000001252e+01,3.912706999999999713e-01,1.304289999999999782e+04
3.055500000000000000e+03,9.150285999999999831e+01,3.901378999999999819e-01,1.312858333333333394e+04
3.065500000000000000e+03,9.150572000000001083e+01,3.931436000000000375e-01,1.321454999999999927e+04
3.075500000000000000e+03,9.149572000000000571e+01,3.926050999999999847e-01,1.330080666666666548e+04
3.085500000000000000e+03,9.148713999999999658e+01,3.935630999999999990e-01,1.338733333333333394e+04
3.095500000000000000e+03,9.149857000000000085e+01,3.887650999999999746e-01,1.347414333333333525e+04
3.105500000000000000e+03,9.149429999999999552e+01,3.913204000000000127e-01,1.356121666666666533e+04
3.115500000000000000e+03,9.149285999999999319e+01,3.937115000000000475e-01,1.364860333333333256e+04
3.125500000000000000e+03,9.147714000000000567e+01,3.955621999999999749e-01,1.373629999999999927e+04
3.135500000000000000e+03,9.149001000000001227e+01,3.921906999999999477e-01,1.382426000000000022e+04
3.145500000000000000e+03,9.145714000000000965e+01,3.883656000000000885e-01,1.391250666666666802e+04
3.155500000000000000e+03,9.147858000000000800e+01,3.936555999999999944e-01,1.400105666666666730e+04
3.165500000000000000e+03,9.148713999999999658e+01,3.948284000000000793e-01,1.408988666666666722e+04
3.175500000000000000e+03,9.148286000000000229e+01,3.933577000000000323e-01,1.417901000000000022e+04
3.185500000000000000e+03,9.145286000000000115e+01,3.918929000000000440e-01,1.426843333333333430e+04
3.195500000000000000e+03,9.147284000000000503e+01,3.937055999999999889e-01,1.435816333333333387e+04
3.205500000000000000e+03,9.145714000000000965e+01,3.953149999999999720e-01,1.444814333333333161e+04
3.215500000000000000e+03,9.146000999999999692e+01,3.889537000000000133e-01,1.453842333333333409e+04
3.225500000000000000e+03,9.147142999999999802e+01,3.934361000000000108e-01,1.462896333333333314e+04
3.235500000000000000e+03,9.145284999999998377e+01,3.936319999999999819e-01,1.471981999999999789e+04
3.245500000000000000e+03,9.145857999999999777e+01,3.937482999999999955e-01,1.481097666666666919e+04
3.255500000000000000e+03,9.142571000000000936e+01,3.953628999999999616e-01,1.490242333333333045e+04
3.265500000000000000e+03,9.148569999999999425e+01,3.955498999999999543e-01,1.499418666666666468e+04
3.275500000000000000e+03,9.144714000000000453e+01,3.990008999999999917e-01,1.508622333333333336e+04
3.285500000000000000e+03,9.143286000000000513e+01,3.981152999999999498e-01,1.517855333333332965e+04
3.295500000000000000e+03,9.146286999999998102e+01,3.940256000000000869e-01,1.527113666666666722e+04
3.305500000000000000e+03,9.141857000000000255e+01,3.923030999999999602e-01,1.536402000000000044e+04
3.315500000000000000e+03,9.143856000000000961e+01,3.961779999999999746e-01,1.545716666666666606e+04
3.325500000000000000e+03,9.144714999999999350e+01,3.960963000000000123e-01,1.555060000000000036e+04
3.335500000000000000e+03,9.141713999999998919e+01,3.952249000000000456e-01,1.564429666666666708e+04
3.345500000000000000e+03,9.145999000000000478e+01,3.933255999999999974e-01,1.573832999999999811e+04
3.355500000000000000e+03,9.143569999999999709e+01,3.967472999999999694e-01,1.583269999999999709e+04
3.365500000000000000e+03,9.143715000000000259e+01,3.988966999999999929e-01,1.592738333333333139e+04
3.375500000000000000e+03,9.140144000000000801e+01,3.965881999999999463e-01,1.602239999999999964e+04
3.385500000000000000e+03,9.142428000000001020e+01,3.979116000000000319e-01,1.611773666666666759e+04
3.395500000000000000e+03,9.139428000000000907e+01,3.983459999999999779e-01,1.621339999999999964e+04
3.405500000000000000e+03,9.142286000000000001e+01,3.962256000000000111e-01,1.630936999999999898e+04
3.415500000000000000e+03,9.142857999999999663e+01,3.981706999999999885e-01,1.640562333333333663e+04
3.425500000000000000e+03,9.138999999999998636e+01,3.960839999999999916e-01,1.650215000000000146e+04
3.435500000000000000e+03,9.142716000000000065e+01,3.930225999999999997e-01,1.659893000000000029e+04
3.445500000000000000e+03,9.137856000000002155e+01,4.006132000000000026e-01,1.669597000000000116e+04
3.455500000000000000e+03,9.141570999999999003e+01,3.978988999999999998e-01,1.679329333333333125e+04
3.465500000000000000e+03,9.137572000000000116e+01,3.976173000000000068e-01,1.689090999999999622e+04
3.475500000000000000e+03,9.136142999999999859e+01,3.988254000000000521e-01,1.698877999999999884e+04
3.485500000000000000e+03,9.136714999999999520e+01,3.997900000000000342e-01,1.708693333333333067e+04
3.495500000000000000e+03,9.135572000000000514e+01,3.954205000000000081e-01,1.718535333333333620e+04
3.505500000000000000e+03,9.137144000000000688e+01,3.992420999999999887e-01,1.728406999999999971e+04
3.515500000000000000e+03,9.134572000000000003e+01,3.986592999999999942e-01,1.738305666666666366e+04
3.525500000000000000e+03,9.137285999999998864e+01,3.994317999999998925e-01,1.748231000000000495e+04
3.535500000000000000e+03,9.134570999999999685e+01,3.981451999999999769e-01,1.758180666666666366e+04
3.545500000000000000e+03,9.134285999999998751e+01,4.000335000000000418e-01,1.768156999999999971e+04
3.555500000000000000e+03,9.134999000000000535e+01,3.974795999999999885e-01,1.778161999999999898e+04
3.565500000000000000e+03,9.132285999999999149e+01,3.986406999999999590e-01,1.788196666666666351e+04
3.575500000000000000e+03,9.133428000000000679e+01,3.986629999999999896e-01,1.798260000000000218e+04
3.585500000000000000e+03,9.133285999999999660e+01,3.961579000000000073e-01,1.808350333333333401e+04
3.595500000000000000e+03,9.136142999999998437e+01,3.996408999999999656e-01,1.818468666666666468e+04
3.605500000000000000e+03,9.133572999999999809e+01,3.966747000000000467e-01,1.828613333333333503e+04
3.615500000000000000e+03,9.128714999999999691e+01,3.980807000000000095e-01,1.838789666666666744e+04
3.625500000000000000e+03,9.130713999999998975e+01,4.008926999999999907e-01,1.848994666666666672e+04
3.635500000000000000e+03,9.129143000000000541e+01,3.976872999999999658e-01,1.859230666666666730e+04
3.645500000000000000e+03,9.129714999999998781e+01,4.013604000000000060e-01,1.869494666666666672e+04
3.655500000000000000e+03,9.125574000000000296e+01,3.985720000000000374e-01,1.879790666666666948e+04
3.665500000000000000e+03,9.127428999999999348e+01,4.003974999999999618e-01,1.890115333333333183e+04
3.675500000000000000e+03,9.131143000000000143e+01,4.012700999999999629e-01,1.900468333333333430e+04
3.685500000000000000e+03,9.127855999999999881e+01,4.000359000000000553e-01,1.910851333333333241e+04
3.695500000000000000e+03,9.123000000000000398e+01,4.016559999999999020e-01,1.921265000000000146e+04
3.705500000000000000e+03,9.124572000000000571e+01,4.018140000000000045e-01,1.931704333333333489e+04
3.715500000000000000e+03,9.125284999999999513e+01,3.986846000000000001e-01,1.942173000000000320e+04
3.725500000000000000e+03,9.126284000000001129e+01,4.016471000000000346e-01,1.952669333333333634e+04
3.735500000000000000e+03,9.124857000000000085e+01,3.999605999999999995e-01,1.963193666666666832e+04
3.745500000000000000e+03,9.125001000000000317e+01,4.001124999999999821e-01,1.973747666666666555e+04
3.755500000000000000e+03,9.124287000000001058e+01,3.992934000000000205e-01,1.984325333333333401e+04
3.765500000000000000e+03,9.123713000000000761e+01,4.012014999999999887e-01,1.994931000000000131e+04
3.775500000000000000e+03,9.123857999999999890e+01,3.993778999999999524e-01,2.005565333333333547e+04
3.785500000000000000e+03,9.120713999999999544e+01,4.015187000000000062e-01,2.016227999999999884e+04
3.795500000000000000e+03,9.122429000000001054e+01,3.996522000000000130e-01,2.026914999999999782e+04
3.805500000000000000e+03,9.122858999999999696e+01,3.996603999999999712e-01,2.037632666666666773e+04
3.815500000000000000e+03,9.121428000000000225e+01,4.010173000000000210e-01,2.048375333333333401e+04
3.825500000000000000e+03,9.120285000000001219e+01,3.984261000000000608e-01,2.059146666666666351e+04
3.835500000000000000e+03,9.119428000000000623e+01,4.023863000000000301e-01,2.069947333333333518e+04
3.845500000000000000e+03,9.118143000000000598e+01,3.990793000000000257e-01,2.080778333333333285e+04
3.855500000000000000e+03,9.119427000000000305e+01,4.020094000000000167e-01,2.091635666666666657e+04
3.865500000000000000e+03,9.116000999999999976e+01,4.020992000000000455e-01,2.102519333333333270e+04
3.875500000000000000e+03,9.116713999999998919e+01,4.010884000000000116e-01,2.113427999999999884e+04
3.885500000000000000e+03,9.116427999999999088e+01,4.029233999999999871e-01,2.124364333333333343e+04
3.895500000000000000e+03,9.117284999999999684e+01,4.030060999999999782e-01,2.135327666666666482e+04
3.905500000000000000e+03,9.118569999999999709e+01,4.002588000000000257e-01,2.146318000000000029e+04
3.915500000000000000e+03,9.116000999999999976e+01,4.024658999999999875e-01,2.157334666666666817e+04
3.925500000000000000e+03,9.114999000000000251e+01,4.025686000000000542e-01,2.168376999999999680e+04
3.935500000000000000e+03,9.117143999999998982e+01,4.024435999999999569e-01,2.179445333333333474e+04
3.945500000000000000e+03,9.114714000000000738e+01,4.014646000000000048e-01,2.190537666666667064e+04
3.955500000000000000e+03,9.116855999999999938e+01,4.007545000000000135e-01,2.201657333333333008e+04
3.965500000000000000e+03,9.112570999999999799e+01,4.029111000000000220e-01,2.212801666666666279e+04
3.975500000000000000e+03,9.112570999999999799e+01,4.025977000000000028e-01,2.223971999999999753e+04
3.985500000000000000e+03,9.113569999999999993e+01,4.027263999999999844e-01,2.235167333333333590e+04
3.995500000000000000e+03,9.114571000000000822e+01,4.028702999999999035e-01,2.246390000000000146e+04
4.005500000000000000e+03,9.112287000000000603e+01,4.022034999999999916e-01,2.257638333333333503e+04
4.015500000000000000e+03,9.112000999999999351e+01,4.022316999999999143e-01,2.268912999999999738e+04
4.025500000000000000e+03,9.112713999999999714e+01,4.024574999999999680e-01,2.280213333333333867e+04
4.035500000000000000e+03,9.111856000000000222e+01,4.011628999999999889e-01,2.291540999999999985e+04
4.045500000000000000e+03,9.108428000000000679e+01,4.027595999999999954e-01,2.302894666666667035e+04
4.055500000000000000e+03,9.111857000000000539e+01,4.020986000000000837e-01,2.314275999999999840e+04
4.065500000000000000e+03,9.106573000000000206e+01,4.029754999999999865e-01,2.325686000000000058e+04
4.075500000000000000e+03,9.110284999999998945e+01,4.026454999999999340e-01,2.337123333333333358e+04
4.085500000000000000e+03,9.107856000000001018e+01,4.015392000000000405e-01,2.348589333333333343e+04
4.095500000000000000e+03,9.111285000000000878e+01,4.033432999999999602e-01,2.360085666666666657e+04
4.105500000000000000e+03,9.108145000000000380e+01,4.021232000000000140e-01,2.371606333333333532e+04
4.115500000000000000e+03,9.107428000000000168e+01,4.039819000000000604e-01,2.383154666666666890e+04
4.125500000000000000e+03,9.108284000000000447e+01,4.015885000000000149e-01,2.394730000000000291e+04
4.135500000000000000e+03,9.105143999999998528e+01,4.032012999999999847e-01,2.406331999999999971e+04
4.145500000000000000e+03,9.107001999999999953e+01,4.020872000000000890e-01,2.417961666666666497e+04
4.155500000000000000e+03,9.105715000000000714e+01,4.031562000000000201e-01,2.429620666666666511e+04
4.165500000000000000e+03,9.106712999999999170e+01,4.033263000000000820e-01,2.441306333333333168e+04
4.175500000000000000e+03,9.105572000000000799e+01,4.024594000000000227e-01,2.453019666666666672e+04
4.185500000000000000e+03,9.105283999999998912e+01,4.025702999999999920e-01,2.464760666666666657e+04
4.195500000000000000e+03,9.106001999999999441e+01,4.039948999999999901e-01,2.476529666666666890e+04
4.205500000000000000e+03,9.108001000000000147e+01,4.041838000000000375e-01,2.488327333333333081e+04
4.215500000000000000e+03,9.105427999999999145e+01,4.023624999999999008e-01,2.500154000000000087e+04
4.225500000000000000e+03,9.104713999999998464e+01,4.034410000000000496e-01,2.512008666666666613e+04
4.235500000000000000e+03,9.104143000000001962e+01,4.025268999999999653e-01,2.523892000000000189e+04
4.245500000000000000e+03,9.105857000000000312e+01,4.027398999999999840e-01,2.535804666666666890e+04
4.255500000000000000e+03,9.102857000000001619e+01,4.035233999999999766e-01,2.547746333333332950e+04
4.265500000000000000e+03,9.103000000000000114e+01,4.029695999999999279e-01,2.559717333333333227e+04
4.275500000000000000e+03,9.103285999999999945e+01,4.032288000000000538e-01,2.571715666666666948e+04
4.285500000000000000e+03,9.102856000000001302e+01,4.047436000000000367e-01,2.583743999999999869e+04
4.295500000000000000e+03,9.101428000000001362e+01,4.024485000000000423e-01,2.595797666666666555e+04
4.305500000000000000e+03,9.100142999999999915e+01,4.029902000000000761e-01,2.607879999999999563e+04
4.315500000000000000e+03,9.099285999999999319e+01,4.024979000000000195e-01,2.619988666666666904e+04
4.325500000000000000e+03,9.100856000000000279e+01,4.024619000000000391e-01,2.632126333333332877e+04
4.335500000000000000e+03,9.101284999999998604e+01,4.041802000000000450e-01,2.644293333333333067e+04
4.345500000000000000e+03,9.102427000000000135e+01,4.033575999999999828e-01,2.656490999999999622e+04
4.355500000000000000e+03,9.101856000000000790e+01,4.030166000000000581e-01,2.668722000000000116e+04
4.365500000000000000e+03,9.101285000000001446e+01,4.020782999999999996e-01,2.680984333333333416e+04
4.375500000000000000e+03,9.101572999999999070e+01,4.043184000000000222e-01,2.693279333333332761e+04
4.385500000000000000e+03,9.100571000000000765e+01,4.043936000000000197e-01,2.705600000000000000e+04
4.395500000000000000e+03,9.097427000000000419e+01,4.019381000000000204e-01,2.717949333333333561e+04
4.405500000000000000e+03,9.100999000000000194e+01,4.040804999999999536e-01,2.730328666666666322e+04
4.415500000000000000e+03,9.098999999999999488e+01,4.034779999999999478e-01,2.742737666666667064e+04
4.425500000000000000e+03,9.097572000000000969e+01,4.022327000000000541e-01,2.755172666666666555e+04
4.435500000000000000e+03,9.096999999999999886e+01,4.035809999999999675e-01,2.767639333333332979e+04
4.445500000000000000e+03,9.098284999999999911e+01,4.032976000000000338e-01,2.780133666666666250e+04
4.455500000000000000e+03,9.097857000000000482e+01,4.040066999999999409e-01,2.792653999999999724e+04
4.465500000000000000e+03,9.098285999999998808e+01,4.034152999999999767e-01,2.805200666666667166e+04
4.475500000000000000e+03,9.098285999999998808e+01,4.038887999999999923e-01,2.817774666666666599e+04
4.485500000000000000e+03,9.097570999999999231e+01,4.042913999999999675e-01,2.830374000000000160e+04
4.495500000000000000e+03,9.095713000000000648e+01,4.033333000000000057e-01,2.842998666666667123e+04
4.505500000000000000e+03,9.095857000000000880e+01,4.032306999999999420e-01,2.855650000000000000e+04
4.515500000000000000e+03,9.097142999999999802e+01,4.035229000000000177e-01,2.868327666666667210e+04
4.525500000000000000e+03,9.096715000000000373e+01,4.036999000000000004e-01,2.881031999999999971e+04
4.535500000000000000e+03,9.096999999999999886e+01,4.042022000000000115e-01,2.893761333333333459e+04
4.545500000000000000e+03,9.092999999999999261e+01,4.035007999999999373e-01,2.906519666666666672e+04
4.555500000000000000e+03,9.095857999999999777e+01,4.049447999999999936e-01,2.919307333333333372e+04
4.565500000000000000e+03,9.093287999999999727e+01,4.033425000000000482e-01,2.932123666666667123e+04
4.575500000000000000e+03,9.096572000000000457e+01,4.043686000000000225e-01,2.944968000000000029e+04
4.585500000000000000e+03,9.093713999999999942e+01,4.048729999999999829e-01,2.957842000000000189e+04
4.595500000000000000e+03,9.094856999999998948e+01,4.039983999999999797e-01,2.970744333333332906e+04
4.605500000000000000e+03,9.094286000000001025e+01,4.047452999999999745e-01,2.983676999999999680e+04
4.615500000000000000e+03,9.096714999999998952e+01,4.046575000000000033e-01,2.996638999999999578e+04
4.625500000000000000e+03,9.093715000000000259e+01,4.057601000000000124e-01,3.009633333333333212e+04
4.635500000000000000e+03,9.092144999999999300e+01,4.051467000000000818e-01,3.022657333333333372e+04
4.645500000000000000e+03,9.093428000000000111e+01,4.047275000000000178e-01,3.035710666666666657e+04
4.655500000000000000e+03,9.092713999999999430e+01,4.045446000000000319e-01,3.048793333333333794e+04
4.665500000000000000e+03,9.091855999999999938e+01,4.050892000000000381e-01,3.061906666666666933e+04
4.675500000000000000e+03,9.092857000000000767e+01,4.045159999999999867e-01,3.075053666666666322e+04
4.685500000000000000e+03,9.091857000000001676e+01,4.047655000000000003e-01,3.088230333333333328e+04
4.695500000000000000e+03,9.092571999999999832e+01,4.051799999999999846e-01,3.101434333333333052e+04
4.705500000000000000e+03,9.092428999999998496e+01,4.058331000000000022e-01,3.114663666666666904e+04
4.715500000000000000e+03,9.092143000000000086e+01,4.044967999999999897e-01,3.127920333333333838e+04
4.725500000000000000e+03,9.091428000000000509e+01,4.051124999999999865e-01,3.141205666666666366e+04
4.735500000000000000e+03,9.092143000000000086e+01,4.051709000000000005e-01,3.154517666666666628e+04
4.745500000000000000e+03,9.090284999999998661e+01,4.055177000000000365e-01,3.167859999999999854e+04
4.755500000000000000e+03,9.091142999999998153e+01,4.055109000000000075e-01,3.181230333333333328e+04
4.765500000000000000e+03,9.090999000000000763e+01,4.049387000000000403e-01,3.194631999999999971e+04
4.775500000000000000e+03,9.089144000000000290e+01,4.058612000000000331e-01,3.208057666666666046e+04
4.785500000000000000e+03,9.090142000000000166e+01,4.044986999999999888e-01,3.221509000000000378e+04
4.795500000000000000e+03,9.088856999999998720e+01,4.043895000000000128e-01,3.234993000000000029e+04
4.805500000000000000e+03,9.091143000000000995e+01,4.049541999999999864e-01,3.248522333333333518e+04
4.815500000000000000e+03,9.088998999999999739e+01,4.063104000000000160e-01,3.262078666666667050e+04
4.825500000000000000e+03,9.089428999999999803e+01,4.051422000000000634e-01,3.275663999999999578e+04
4.835500000000000000e+03,9.090855999999999426e+01,4.060724999999999474e-01,3.289273333333333721e+04
4.845500000000000000e+03,9.089000999999998953e+01,4.051738000000000284e-01,3.302907333333333372e+04
4.855500000000000000e+03,9.086286000000001195e+01,4.062424000000000035e-01,3.316568333333333430e+04
4.865500000000000000e+03,9.089713999999999317e+01,4.052590000000000359e-01,3.330256000000000495e+04
4.875500000000000000e+03,9.087569999999998061e+01,4.063583999999999530e-01,3.343967666666666628e+04
4.885500000000000000e+03,9.089141999999999655e+01,4.052917999999999799e-01,3.357706666666666570e+04
4.895500000000000000e+03,9.087712999999999397e+01,4.063880000000000270e-01,3.371471000000000640e+04
4.905500000000000000e+03,9.089714999999999634e+01,4.059382000000000268e-01,3.385261333333333459e+04
4.915500000000000000e+03,9.087714000000001136e+01,4.069052999999999143e-01,3.399077000000000407e+04
4.925500000000000000e+03,9.087857999999998526e+01,4.056217000000000295e-01,3.412918000000000029e+04
4.935500000000000000e+03,9.084715999999998814e+01,4.072134000000000031e-01,3.426784999999999854e+04
4.945500000000000000e+03,9.087427999999998462e+01,4.063350000000000017e-01,3.440675333333334129e+04
4.955500000000000000e+03,9.085857000000001449e+01,4.051624999999999810e-01,3.454595999999999913e+04
4.965500000000000000e+03,9.084713999999999601e+01,4.061569999999999903e-01,3.468544333333333634e+04
4.975500000000000000e+03,9.088571000000000311e+01,4.064081999999999972e-01,3.482523666666667123e+04
4.985500000000000000e+03,9.084714999999998497e+01,4.063805000000000334e-01,3.496526666666667006e+04
4.995500000000000000e+03,9.085998999999999626e+01,4.077461999999999476e-01,3.510561000000000058e+04
