5.500000000000000000e+00,8.995140000000000668e+01,7.534196000000000026e+01,4.056617733333333503e-02
1.550000000000000000e+01,7.912856000000000734e+01,1.670541000000000054e+01,2.265560999999999825e-01
2.550000000000000000e+01,8.457000000000000739e+01,1.466761000000000159e+01,5.827392666666666443e-01
3.550000000000000000e+01,7.906570999999999572e+01,1.004608099999999915e+01,1.129509533333333371e+00
4.550000000000000000e+01,7.830142000000000735e+01,8.129129999999999967e+00,1.886486666666666867e+00
5.550000000000000000e+01,8.186428000000000793e+01,7.060088000000000363e+00,2.868289666666666626e+00
6.550000000000000000e+01,8.582000000000000739e+01,6.019953000000000110e+00,4.076561666666665751e+00
7.550000000000000000e+01,8.168999999999998352e+01,4.947499999999999787e+00,5.488910333333334002e+00
8.550000000000000000e+01,8.185711999999998056e+01,4.351827000000000112e+00,7.113347666666666846e+00
9.550000000000000000e+01,8.344572000000000855e+01,3.680242999999999931e+00,8.971243333333333680e+00
1.055000000000000000e+02,8.673857000000000994e+01,3.011750999999999845e+00,1.105847433333333107e+01
1.155000000000000000e+02,8.860285999999999262e+01,3.227107999999999866e+00,1.335390999999999906e+01
1.255000000000000000e+02,8.699573999999999785e+01,3.110847000000000140e+00,1.583852333333333284e+01
1.355000000000000000e+02,8.902285999999999433e+01,3.016283999999999743e+00,1.850323333333333409e+01
1.455000000000000000e+02,8.718426999999999794e+01,2.739325999999999706e+00,2.135883333333333667e+01
1.555000000000000000e+02,8.822427999999999315e+01,2.371989999999999821e+00,2.441403000000000034e+01
1.655000000000000000e+02,8.889000999999998953e+01,2.609179999999999833e+00,2.764873000000000047e+01
1.755000000000000000e+02,8.933571000000000595e+01,2.554619999999999891e+00,3.105761999999999645e+01
1.855000000000000000e+02,8.927428999999999348e+01,2.336447999999999858e+00,3.463882666666667376e+01
1.955000000000000000e+02,8.759286000000000172e+01,2.307207000000000008e+00,3.839468666666666508e+01
2.055000000000000000e+02,8.616855999999998517e+01,1.985530000000000017e+00,4.232046666666666113e+01
2.155000000000000000e+02,8.620570000000000732e+01,1.883160999999999863e+00,4.640905999999999665e+01
2.255000000000000000e+02,8.721572000000000457e+01,1.918166999999999733e+00,5.066200666666667018e+01
2.355000000000000000e+02,8.609000000000000341e+01,1.827560999999999991e+00,5.509183000000000163e+01
2.455000000000000000e+02,8.814142999999999972e+01,1.627215999999999996e+00,5.970232000000000028e+01
2.555000000000000000e+02,8.709570999999999685e+01,1.600963999999999832e+00,6.448824666666666872e+01
2.655000000000000000e+02,8.919856999999998948e+01,1.538096999999999825e+00,6.944579333333334148e+01
2.755000000000000000e+02,8.831856000000000506e+01,1.499031999999999920e+00,7.455990666666664879e+01
2.855000000000000000e+02,8.737857999999998526e+01,1.407791000000000015e+00,7.983327666666666289e+01
2.955000000000000000e+02,8.804571000000001391e+01,1.429597999999999924e+00,8.529601666666665949e+01
3.055000000000000000e+02,8.794998999999999967e+01,1.170971700000000171e+00,9.098588999999999771e+01
3.155000000000000000e+02,8.873571999999998638e+01,1.320296000000000136e+00,9.687317333333334091e+01
3.255000000000000000e+02,8.891571000000000424e+01,1.079220099999999904e+00,1.029516766666666570e+02
3.355000000000000000e+02,8.816141999999999257e+01,1.140860999999999681e+00,1.092248000000000019e+02
3.455000000000000000e+02,8.813428999999999292e+01,1.020176900000000053e+00,1.157018333333333402e+02
3.555000000000000000e+02,8.918572000000001765e+01,9.092789000000000010e-01,1.223615666666666613e+02
3.655000000000000000e+02,8.837715999999998928e+01,1.032177600000000028e+00,1.291825666666666734e+02
3.755000000000000000e+02,8.848570999999999742e+01,1.166588799999999981e+00,1.361711999999999989e+02
3.855000000000000000e+02,9.014858000000000970e+01,9.340189000000000963e-01,1.433471333333333462e+02
3.955000000000000000e+02,8.967569999999999197e+01,9.945942000000000949e-01,1.507134000000000071e+02
4.055000000000000000e+02,8.853571000000000879e+01,1.029758799999999974e+00,1.582571999999999548e+02
4.155000000000000000e+02,8.902858000000000516e+01,9.407341999999999649e-01,1.660029999999999859e+02
4.255000000000000000e+02,8.939570999999999401e+01,8.432996999999999854e-01,1.739528999999999996e+02
4.355000000000000000e+02,8.949857999999998981e+01,8.350183999999998274e-01,1.820979666666666503e+02
4.455000000000000000e+02,8.910571999999999093e+01,8.089686999999999850e-01,1.904312000000000182e+02
4.555000000000000000e+02,8.893712999999999624e+01,9.452958999999999667e-01,1.989655666666666605e+02
4.655000000000000000e+02,8.947285999999999717e+01,8.120149999999999313e-01,2.076924999999999670e+02
4.755000000000000000e+02,8.906143999999997618e+01,8.832014999999999727e-01,2.166075666666667132e+02
4.855000000000000000e+02,8.932000999999999635e+01,7.771694999999999576e-01,2.257139000000000237e+02
4.955000000000000000e+02,8.847426000000000101e+01,8.049405000000000587e-01,2.349905333333333033e+02
5.055000000000000000e+02,8.950428999999999746e+01,7.358352000000001336e-01,2.444461666666666986e+02
5.155000000000000000e+02,8.860569999999998458e+01,8.233537999999999135e-01,2.540963666666666541e+02
5.255000000000000000e+02,8.896855999999999653e+01,8.836942000000000963e-01,2.639353999999999587e+02
5.355000000000000000e+02,8.948287999999999442e+01,7.769665000000000044e-01,2.739431333333333214e+02
5.455000000000000000e+02,8.964142999999998551e+01,7.481707999999999137e-01,2.841253666666666504e+02
5.555000000000000000e+02,8.883284000000000447e+01,9.817852999999999719e-01,2.944881666666666433e+02
5.655000000000000000e+02,8.906143000000000143e+01,7.172576000000000507e-01,3.050206999999999766e+02
5.755000000000000000e+02,8.843713999999999942e+01,6.574112000000000844e-01,3.157127999999999588e+02
5.855000000000000000e+02,8.907284999999998831e+01,6.591978000000000559e-01,3.265745666666666693e+02
5.955000000000000000e+02,8.777857000000000198e+01,7.364452999999999694e-01,3.376147333333333336e+02
6.055000000000000000e+02,8.878429000000001281e+01,8.445032999999998458e-01,3.488481666666667138e+02
6.155000000000000000e+02,8.851429000000000258e+01,8.005316000000000098e-01,3.602887666666666746e+02
6.255000000000000000e+02,8.894858000000000686e+01,7.314766999999998687e-01,3.719203999999999724e+02
6.355000000000000000e+02,8.892286000000001422e+01,6.701165999999998402e-01,3.837228333333333694e+02
6.455000000000000000e+02,8.812572000000000116e+01,7.150692999999999078e-01,3.956871333333333496e+02
6.555000000000000000e+02,8.822142999999999802e+01,8.749993000000000354e-01,4.078132666666666637e+02
6.655000000000000000e+02,8.824714000000000169e+01,8.202914999999999512e-01,4.201165666666666993e+02
6.755000000000000000e+02,8.839428999999999803e+01,8.000947999999998839e-01,4.326119666666665466e+02
6.855000000000000000e+02,8.875571999999999662e+01,6.656374000000000457e-01,4.453047333333332745e+02
6.955000000000000000e+02,8.911858000000000857e+01,8.051652999999999727e-01,4.582166666666665833e+02
7.055000000000000000e+02,8.849285000000000423e+01,7.091918999999999862e-01,4.713343666666666536e+02
7.155000000000000000e+02,8.873572000000000060e+01,7.419116000000000044e-01,4.846476000000000681e+02
7.255000000000000000e+02,8.843430000000000746e+01,7.110519999999999063e-01,4.981476666666666233e+02
7.355000000000000000e+02,8.859428999999998666e+01,7.222947000000000672e-01,5.118238666666666177e+02
7.455000000000000000e+02,8.841428999999999405e+01,8.198689000000001226e-01,5.256863000000000739e+02
7.555000000000000000e+02,8.881143000000000143e+01,8.030237000000000069e-01,5.397478999999999587e+02
7.655000000000000000e+02,8.893713999999998521e+01,7.744733000000000311e-01,5.540073666666665986e+02
7.755000000000000000e+02,8.856714999999999804e+01,7.582174999999999887e-01,5.684453666666667004e+02
7.855000000000000000e+02,8.889570000000000505e+01,7.514433999999999836e-01,5.830541999999999234e+02
7.955000000000000000e+02,8.840144000000000801e+01,6.951601000000000585e-01,5.978480666666666821e+02
8.055000000000000000e+02,8.827284999999999116e+01,6.561085999999999308e-01,6.128352999999999611e+02
8.155000000000000000e+02,8.807428000000000168e+01,6.204028999999999794e-01,6.280262333333332663e+02
8.255000000000000000e+02,8.829285000000000139e+01,6.624270999999999354e-01,6.434157000000000153e+02
8.355000000000000000e+02,8.842857999999998242e+01,7.180752000000001356e-01,6.590104999999999791e+02
8.455000000000000000e+02,8.853000000000000114e+01,6.687469999999999803e-01,6.747970000000000255e+02
8.555000000000000000e+02,8.875714000000000681e+01,6.966454000000000812e-01,6.907808999999999742e+02
8.655000000000000000e+02,8.875285999999999831e+01,5.305320999999999509e-01,7.069528333333333876e+02
8.755000000000000000e+02,8.806143000000000143e+01,5.252459999999999907e-01,7.233058666666665886e+02
8.855000000000000000e+02,8.770858000000001198e+01,4.724483000000000432e-01,7.398532000000000153e+02
8.955000000000000000e+02,8.865143000000000484e+01,4.847824000000000022e-01,7.565936666666666497e+02
9.055000000000000000e+02,8.828573999999998989e+01,4.879048000000000274e-01,7.735202666666666573e+02
9.155000000000000000e+02,8.858572000000000912e+01,5.900985000000000813e-01,7.906404999999998608e+02
9.255000000000000000e+02,8.864713999999999317e+01,5.260751999999999651e-01,8.079586999999999080e+02
9.355000000000000000e+02,8.791571999999999321e+01,5.581625999999999532e-01,8.254625666666667030e+02
9.455000000000000000e+02,8.853285999999999945e+01,4.591163999999999801e-01,8.431495666666666011e+02
9.555000000000000000e+02,8.773857999999999890e+01,5.036550000000000749e-01,8.610190666666667312e+02
9.655000000000000000e+02,8.817998000000001468e+01,5.227198000000000677e-01,8.790678666666666459e+02
9.755000000000000000e+02,8.744714000000000453e+01,5.933078999999999992e-01,8.972898000000001275e+02
9.855000000000000000e+02,8.846002000000000010e+01,4.619278999999999469e-01,9.156929999999999836e+02
9.955000000000000000e+02,8.865429000000000315e+01,4.648401999999999812e-01,9.342943333333332703e+02
1.005500000000000000e+03,8.788428000000000395e+01,5.047192999999999818e-01,9.530821666666666943e+02
1.015500000000000000e+03,8.804571000000001391e+01,5.144593000000000638e-01,9.720536333333333232e+02
1.025500000000000000e+03,8.791571000000000424e+01,4.555432999999999844e-01,9.912076333333334333e+02
1.035500000000000000e+03,8.789142999999999972e+01,4.885076000000000418e-01,1.010546299999999974e+03
1.045500000000000000e+03,8.769572000000000855e+01,4.908156000000000185e-01,1.030082366666666758e+03
1.055500000000000000e+03,8.789999000000000251e+01,4.591444000000000081e-01,1.049830666666666730e+03
1.065500000000000000e+03,8.795141999999999882e+01,4.384823000000001025e-01,1.069781999999999925e+03
1.075500000000000000e+03,8.808427000000001783e+01,4.327555999999999625e-01,1.089943333333333385e+03
1.085500000000000000e+03,8.797999000000000080e+01,4.073211999999999944e-01,1.110306333333333214e+03
1.095500000000000000e+03,8.759427999999999770e+01,4.369488000000000261e-01,1.130856666666666570e+03
1.105500000000000000e+03,8.750857999999999493e+01,4.877273000000000858e-01,1.151602666666666437e+03
1.115500000000000000e+03,8.772428999999999633e+01,4.758179000000000158e-01,1.172546666666666852e+03
1.125500000000000000e+03,8.714000000000000057e+01,4.934046999999999739e-01,1.193696666666666488e+03
1.135500000000000000e+03,8.774142000000000507e+01,5.197498999999999869e-01,1.215068666666666786e+03
1.145500000000000000e+03,8.794286999999999921e+01,4.579226000000000130e-01,1.236669000000000096e+03
1.155500000000000000e+03,8.767573000000000150e+01,5.481728000000000156e-01,1.258488000000000056e+03
1.165500000000000000e+03,8.802857999999999095e+01,4.561226999999999920e-01,1.280514999999999873e+03
1.175500000000000000e+03,8.763000999999999863e+01,4.711520000000000152e-01,1.302735666666666702e+03
1.185500000000000000e+03,8.778569000000001665e+01,4.595647999999999955e-01,1.325156333333333578e+03
1.195500000000000000e+03,8.775427999999999429e+01,4.663298000000000165e-01,1.347770333333333383e+03
1.205500000000000000e+03,8.762143000000000370e+01,4.580190000000000095e-01,1.370574666666666644e+03
1.215500000000000000e+03,8.777428999999997927e+01,4.709486999999999424e-01,1.393562333333333299e+03
1.225500000000000000e+03,8.816427999999999088e+01,5.035597000000000545e-01,1.416730333333333192e+03
1.235500000000000000e+03,8.778571000000000879e+01,4.799474000000000240e-01,1.440085333333333438e+03
1.245500000000000000e+03,8.764000000000001478e+01,5.247930000000000650e-01,1.463648333333333085e+03
1.255500000000000000e+03,8.748427999999999827e+01,5.652833000000000441e-01,1.487420666666666875e+03
1.265500000000000000e+03,8.798999000000000592e+01,5.091269999999999962e-01,1.511391999999999825e+03
1.275500000000000000e+03,8.760999999999999943e+01,4.811573000000000100e-01,1.535544000000000096e+03
1.285500000000000000e+03,8.789714999999999634e+01,5.160784999999999956e-01,1.559891000000000076e+03
1.295500000000000000e+03,8.774857000000000085e+01,5.368093999999999921e-01,1.584442333333333409e+03
1.305500000000000000e+03,8.735857999999998924e+01,4.756068999999999991e-01,1.609184999999999945e+03
1.315500000000000000e+03,8.774285999999999319e+01,5.298462999999998813e-01,1.634108999999999924e+03
1.325500000000000000e+03,8.788858000000000459e+01,5.265682000000000418e-01,1.659236333333333050e+03
1.335500000000000000e+03,8.803572000000001196e+01,5.469692999999999916e-01,1.684567333333333181e+03
1.345500000000000000e+03,8.784571000000001106e+01,5.685271999999998993e-01,1.710113666666666631e+03
1.355500000000000000e+03,8.794286000000001025e+01,4.758098000000000605e-01,1.735884999999999764e+03
1.365500000000000000e+03,8.786856000000000222e+01,5.010063000000000155e-01,1.761861999999999853e+03
1.375500000000000000e+03,8.819428000000000623e+01,5.103638000000000341e-01,1.788028333333333194e+03
1.385500000000000000e+03,8.765000000000000568e+01,5.749823000000000572e-01,1.814366999999999734e+03
1.395500000000000000e+03,8.775142999999999915e+01,4.941413000000000055e-01,1.840882666666666864e+03
1.405500000000000000e+03,8.811145000000000493e+01,4.964297000000000293e-01,1.867588666666666541e+03
1.415500000000000000e+03,8.784713999999999601e+01,4.835356000000000654e-01,1.894473666666666759e+03
1.425500000000000000e+03,8.780571000000000481e+01,5.595991000000000160e-01,1.921539333333333389e+03
1.435500000000000000e+03,8.796714000000000055e+01,4.740661000000000458e-01,1.948799333333333152e+03
1.445500000000000000e+03,8.809859000000000151e+01,5.249416000000000082e-01,1.976250333333333401e+03
1.455500000000000000e+03,8.793000000000000682e+01,5.237727000000000910e-01,2.003886666666666542e+03
1.465500000000000000e+03,8.817285999999998580e+01,4.989420999999999440e-01,2.031699333333333470e+03
1.475500000000000000e+03,8.828000999999999010e+01,4.595844000000000595e-01,2.059708333333333030e+03
1.485500000000000000e+03,8.849569999999998515e+01,4.989461999999999509e-01,2.087923666666666577e+03
1.495500000000000000e+03,8.840144000000000801e+01,4.480917999999999846e-01,2.116332333333333281e+03
1.505500000000000000e+03,8.792427999999999599e+01,4.594552999999999554e-01,2.144925333333333583e+03
1.515500000000000000e+03,8.829858000000000118e+01,5.209406000000000869e-01,2.173718666666666650e+03
1.525500000000000000e+03,8.857000000000000739e+01,4.977104000000000528e-01,2.202727666666666664e+03
1.535500000000000000e+03,8.842427000000000703e+01,4.876212999999999242e-01,2.231948333333332812e+03
1.545500000000000000e+03,8.816143999999999892e+01,4.838096000000000063e-01,2.261355666666667275e+03
1.555500000000000000e+03,8.831570999999999572e+01,4.565473999999999366e-01,2.290960333333333438e+03
1.565500000000000000e+03,8.855857999999999208e+01,5.547893000000000407e-01,2.320754666666666708e+03
1.575500000000000000e+03,8.857430000000000803e+01,5.351948999999999179e-01,2.350740333333333183e+03
1.585500000000000000e+03,8.841284999999999172e+01,4.742419000000001050e-01,2.380917333333333772e+03
1.595500000000000000e+03,8.842285000000001105e+01,4.634105000000000585e-01,2.411297000000000025e+03
1.605500000000000000e+03,8.819714999999999350e+01,4.426579000000000486e-01,2.441878999999999905e+03
1.615500000000000000e+03,8.808858999999999639e+01,5.609275000000000233e-01,2.472655666666666548e+03
1.625500000000000000e+03,8.869142000000000792e+01,5.145283000000000495e-01,2.503641333333333478e+03
1.635500000000000000e+03,8.838572999999999524e+01,4.850668999999999675e-01,2.534842999999999847e+03
1.645500000000000000e+03,8.835999999999999943e+01,4.945528999999999620e-01,2.566256666666667115e+03
1.655500000000000000e+03,8.878713999999999373e+01,4.766731999999999081e-01,2.597869000000000142e+03
1.665500000000000000e+03,8.843713999999999942e+01,4.713365999999999945e-01,2.629658333333333303e+03
1.675500000000000000e+03,8.852142999999999518e+01,4.755698999999999899e-01,2.661627333333333354e+03
1.685500000000000000e+03,8.856145000000000778e+01,5.381076999999999666e-01,2.693805666666666639e+03
1.695500000000000000e+03,8.857144000000000972e+01,4.673345000000000415e-01,2.726198333333333721e+03
1.705500000000000000e+03,8.857714000000001420e+01,4.947568000000000521e-01,2.758771999999999935e+03
1.715500000000000000e+03,8.866001000000001397e+01,5.057085999999999526e-01,2.791514000000000124e+03
1.725500000000000000e+03,8.857572999999999297e+01,4.931688999999999656e-01,2.824451666666666370e+03
1.735500000000000000e+03,8.835571000000000197e+01,4.866583999999999355e-01,2.857576999999999771e+03
1.745500000000000000e+03,8.872571999999999548e+01,4.861254999999999882e-01,2.890891333333333023e+03
1.755500000000000000e+03,8.843283999999998457e+01,4.721104000000000411e-01,2.924398333333333539e+03
1.765500000000000000e+03,8.833857000000000426e+01,4.692258000000000817e-01,2.958092333333333045e+03
1.775500000000000000e+03,8.853713000000000477e+01,4.713185000000000846e-01,2.991985999999999876e+03
1.785500000000000000e+03,8.859286999999999068e+01,4.980083999999999622e-01,3.026096000000000458e+03
1.795500000000000000e+03,8.856857000000000824e+01,4.843925000000000591e-01,3.060403666666666140e+03
1.805500000000000000e+03,8.829143999999999437e+01,4.826436000000000059e-01,3.094888333333333776e+03
1.815500000000000000e+03,8.847857000000001904e+01,5.073309000000000291e-01,3.129546333333332768e+03
1.825500000000000000e+03,8.874860000000001037e+01,4.933613999999999500e-01,3.164387666666666519e+03
1.835500000000000000e+03,8.875287000000000148e+01,4.562611000000000305e-01,3.199413000000000011e+03
1.845500000000000000e+03,8.868859000000000492e+01,4.918699000000000821e-01,3.234610000000000127e+03
1.855500000000000000e+03,8.854285000000001560e+01,5.059491999999999878e-01,3.269999666666666599e+03
1.865500000000000000e+03,8.864001000000000374e+01,5.034237000000000295e-01,3.305579333333333580e+03
1.875500000000000000e+03,8.860287999999999897e+01,5.045919999999999295e-01,3.341352333333333263e+03
1.885500000000000000e+03,8.837284999999999968e+01,4.818031000000000397e-01,3.377324000000000524e+03
1.895500000000000000e+03,8.860571000000000197e+01,5.336692000000000657e-01,3.413499333333333198e+03
1.905500000000000000e+03,8.873285999999998808e+01,4.820838000000000068e-01,3.449866000000000440e+03
1.915500000000000000e+03,8.866857000000000255e+01,4.828427000000000691e-01,3.486439666666666653e+03
1.925500000000000000e+03,8.870283999999999480e+01,4.926877999999999536e-01,3.523220666666666602e+03
1.935500000000000000e+03,8.868998999999999455e+01,5.006326999999999305e-01,3.560188999999999851e+03
1.945500000000000000e+03,8.863999999999998636e+01,4.753886999999999974e-01,3.597327333333333172e+03
1.955500000000000000e+03,8.861856000000000222e+01,4.974288000000000598e-01,3.634651333333333696e+03
1.965500000000000000e+03,8.877858000000000516e+01,4.812889000000000195e-01,3.672155666666667003e+03
1.975500000000000000e+03,8.845857000000000880e+01,4.702778999999999709e-01,3.709840000000000146e+03
1.985500000000000000e+03,8.834569999999999368e+01,4.924123999999999723e-01,3.747697333333333518e+03
1.995500000000000000e+03,8.859715999999998814e+01,4.540176999999999685e-01,3.785744333333333088e+03
2.005500000000000000e+03,8.840572000000000230e+01,4.700538999999999135e-01,3.823990999999999531e+03
2.015500000000000000e+03,8.834000000000000341e+01,4.727043000000000217e-01,3.862433666666666795e+03
2.025500000000000000e+03,8.847571999999999548e+01,4.684355000000000047e-01,3.901076666666666370e+03
2.035500000000000000e+03,8.845856999999999459e+01,4.561816000000000204e-01,3.939913000000000466e+03
2.045500000000000000e+03,8.844286000000001025e+01,4.650845999999999592e-01,3.978948666666666213e+03
2.055500000000000000e+03,8.854141999999998802e+01,4.475820999999999827e-01,4.018174333333333379e+03
2.065500000000000000e+03,8.847856999999999061e+01,4.556209000000001064e-01,4.057596333333333405e+03
2.075500000000000000e+03,8.838570999999998890e+01,4.664191999999999783e-01,4.097229000000000269e+03
2.085500000000000000e+03,8.862284999999999968e+01,4.404582999999999693e-01,4.137049666666665871e+03
2.095500000000000000e+03,8.837856999999999630e+01,4.617447000000000079e-01,4.177057999999999993e+03
2.105500000000000000e+03,8.840427999999999997e+01,4.557136000000000520e-01,4.217267999999999120e+03
2.115500000000000000e+03,8.841715000000002078e+01,4.563275999999999999e-01,4.257680333333333692e+03
2.125500000000000000e+03,8.841429000000000826e+01,4.500045000000000295e-01,4.298294333333334180e+03
2.135500000000000000e+03,8.842714999999999748e+01,4.423389999999999267e-01,4.339106999999999971e+03
2.145500000000000000e+03,8.815142000000000166e+01,4.335149999999999837e-01,4.380113333333332776e+03
2.155500000000000000e+03,8.819286000000001025e+01,4.392444000000000348e-01,4.421321333333332404e+03
2.165500000000000000e+03,8.808000999999998726e+01,4.428318000000001087e-01,4.462714333333333343e+03
2.175500000000000000e+03,8.817000000000000171e+01,4.211770000000000236e-01,4.504303666666666686e+03
2.185500000000000000e+03,8.801429000000000258e+01,4.374850999999999601e-01,4.546077000000000226e+03
2.195500000000000000e+03,8.821284999999998888e+01,4.263486000000000220e-01,4.588028333333333649e+03
2.205500000000000000e+03,8.805999999999998806e+01,4.253542000000000156e-01,4.630155666666666548e+03
2.215500000000000000e+03,8.800856999999999175e+01,4.380181999999999687e-01,4.672469999999999345e+03
2.225500000000000000e+03,8.792571999999998411e+01,4.163649999999999851e-01,4.714983333333332666e+03
2.235500000000000000e+03,8.786858999999999753e+01,4.258077000000000112e-01,4.757682333333333190e+03
2.245500000000000000e+03,8.802428000000000452e+01,4.127355999999999803e-01,4.800565999999999804e+03
2.255500000000000000e+03,8.792714999999999748e+01,4.066802999999999391e-01,4.843633333333333212e+03
2.265500000000000000e+03,8.780284999999999229e+01,4.123215000000000074e-01,4.886887666666667428e+03
2.275500000000000000e+03,8.790283999999999764e+01,4.162112999999999507e-01,4.930328999999999724e+03
2.285500000000000000e+03,8.791000999999999976e+01,4.050312999999999830e-01,4.973942000000000007e+03
2.295500000000000000e+03,8.798857999999999890e+01,4.024461000000000288e-01,5.017741666666666788e+03
2.305500000000000000e+03,8.770999999999999375e+01,3.934929000000000343e-01,5.061739333333332979e+03
2.315500000000000000e+03,8.777429000000000769e+01,3.987599000000000005e-01,5.105925333333333583e+03
2.325500000000000000e+03,8.758142000000000849e+01,3.959881000000000095e-01,5.150286000000000058e+03
2.335500000000000000e+03,8.784999999999999432e+01,3.989300999999999542e-01,5.194816333333334114e+03
2.345500000000000000e+03,8.805285000000000650e+01,3.945433000000000412e-01,5.239524666666666235e+03
2.355500000000000000e+03,8.799285999999999319e+01,3.993751000000000384e-01,5.284419333333333270e+03
2.365500000000000000e+03,8.756569999999999254e+01,4.033915000000000139e-01,5.329490999999999985e+03
2.375500000000000000e+03,8.786713999999997782e+01,3.994540000000000313e-01,5.374741333333333387e+03
2.385500000000000000e+03,8.799141000000000190e+01,3.830611000000000432e-01,5.420155666666666548e+03
2.395500000000000000e+03,8.764000000000000057e+01,3.958119999999999417e-01,5.465740333333333183e+03
2.405500000000000000e+03,8.754286999999999352e+01,3.965949000000000280e-01,5.511507999999999811e+03
2.415500000000000000e+03,8.785571999999999093e+01,3.881557999999999953e-01,5.557458666666667341e+03
2.425500000000000000e+03,8.748713999999999658e+01,3.916022000000000114e-01,5.603580333333333328e+03
2.435500000000000000e+03,8.744285999999998182e+01,3.907036000000000397e-01,5.649875333333334311e+03
2.445500000000000000e+03,8.756142000000001246e+01,4.176857999999999960e-01,5.696354333333333670e+03
2.455500000000000000e+03,8.729142000000000223e+01,3.833104999999999984e-01,5.743011333333332914e+03
2.465500000000000000e+03,8.778573000000000093e+01,3.964831000000000327e-01,5.789855666666666366e+03
2.475500000000000000e+03,8.762571999999998695e+01,3.818835999999999897e-01,5.836904666666666344e+03
2.485500000000000000e+03,8.761999000000000137e+01,3.882396000000000180e-01,5.884154000000000451e+03
2.495500000000000000e+03,8.746714999999998952e+01,3.873746999999999607e-01,5.931599666666666963e+03
2.505500000000000000e+03,8.766999999999998749e+01,3.816229999999999900e-01,5.979242000000000189e+03
2.515500000000000000e+03,8.753000000000000114e+01,3.811862000000000306e-01,6.027082333333333736e+03
2.525500000000000000e+03,8.746143999999999608e+01,3.817302000000000195e-01,6.075131333333332805e+03
2.535500000000000000e+03,8.761856000000000222e+01,3.744278999999999247e-01,6.123388333333333321e+03
2.545500000000000000e+03,8.755573000000001116e+01,3.964763000000000592e-01,6.171834666666667545e+03
2.555500000000000000e+03,8.750428999999999746e+01,3.929783000000000026e-01,6.220454999999999927e+03
2.565500000000000000e+03,8.755999999999998806e+01,3.965356999999999910e-01,6.269262666666666519e+03
2.575500000000000000e+03,8.746856999999999971e+01,3.650387999999999966e-01,6.318262333333333117e+03
2.585500000000000000e+03,8.740713999999999828e+01,3.671457999999999666e-01,6.367453999999999724e+03
2.595500000000000000e+03,8.753569999999999141e+01,3.752229999999999732e-01,6.416826999999999316e+03
2.605500000000000000e+03,8.742000999999999067e+01,3.765226000000000406e-01,6.466390333333332819e+03
2.615500000000000000e+03,8.779142999999999120e+01,3.830550000000000344e-01,6.516142666666666628e+03
2.625500000000000000e+03,8.754143000000000541e+01,3.646627999999999536e-01,6.566061333333334005e+03
2.635500000000000000e+03,8.722427999999999315e+01,3.697226000000000123e-01,6.616144666666667035e+03
2.645500000000000000e+03,8.738428000000000395e+01,3.654946000000000028e-01,6.666389000000000124e+03
2.655500000000000000e+03,8.754712999999999568e+01,3.548497000000000456e-01,6.716791666666666970e+03
2.665500000000000000e+03,8.767143999999998982e+01,3.598825999999999969e-01,6.767363999999999578e+03
2.675500000000000000e+03,8.744856000000000051e+01,3.808075999999999683e-01,6.818109333333333780e+03
2.685500000000000000e+03,8.740570999999999913e+01,3.811647999999999703e-01,6.869030000000000655e+03
2.695500000000000000e+03,8.747429000000001054e+01,3.678472000000000408e-01,6.920110000000000582e+03
2.705500000000000000e+03,8.748285000000001332e+01,3.725730999999999904e-01,6.971358666666666977e+03
2.715500000000000000e+03,8.741427999999999088e+01,3.621092000000000199e-01,7.022783666666667159e+03
2.725500000000000000e+03,8.756001000000000545e+01,3.523524000000000655e-01,7.074386333333332914e+03
2.735500000000000000e+03,8.744284999999999286e+01,3.559008000000000171e-01,7.126157666666666046e+03
2.745500000000000000e+03,8.752428999999999348e+01,3.732127000000000083e-01,7.178108999999999469e+03
2.755500000000000000e+03,8.765570999999999913e+01,3.584546999999999595e-01,7.230235333333334893e+03
2.765500000000000000e+03,8.751856999999999687e+01,3.728420000000000067e-01,7.282538999999999760e+03
2.775500000000000000e+03,8.751999999999999602e+01,3.655593000000000314e-01,7.335044333333333270e+03
2.785500000000000000e+03,8.754142999999999120e+01,3.797522999999999871e-01,7.387763333333333321e+03
2.795500000000000000e+03,8.762427000000000987e+01,3.711014999999999731e-01,7.440674999999998363e+03
2.805500000000000000e+03,8.757143999999999551e+01,3.694543000000000132e-01,7.493779333333333852e+03
2.815500000000000000e+03,8.763143000000000882e+01,3.647155999999999176e-01,7.547085666666665929e+03
2.825500000000000000e+03,8.750572000000001083e+01,3.506376999999999966e-01,7.600583999999999833e+03
2.835500000000000000e+03,8.736141000000000645e+01,3.778147000000000033e-01,7.654263000000000829e+03
2.845500000000000000e+03,8.733284000000000447e+01,3.614500999999999964e-01,7.708119999999999891e+03
2.855500000000000000e+03,8.768571000000000026e+01,3.474982000000000348e-01,7.762166999999999462e+03
2.865500000000000000e+03,8.760143999999999664e+01,3.687791999999999737e-01,7.816403999999999542e+03
2.875500000000000000e+03,8.751000999999999408e+01,3.627565999999999846e-01,7.870832000000000335e+03
2.885500000000000000e+03,8.754428999999998950e+01,3.634548999999999697e-01,7.925459999999999127e+03
2.895500000000000000e+03,8.744571000000000538e+01,3.757221999999999507e-01,7.980293999999999869e+03
2.905500000000000000e+03,8.742285999999998580e+01,3.478959999999999830e-01,8.035325666666668440e+03
2.915500000000000000e+03,8.729285999999999035e+01,3.828635999999999706e-01,8.090530000000000655e+03
2.925500000000000000e+03,8.748427999999999827e+01,3.540177000000000462e-01,8.145902333333333445e+03
2.935500000000000000e+03,8.770427999999999713e+01,3.749455000000000426e-01,8.201449000000002343e+03
2.945500000000000000e+03,8.759714000000001022e+01,3.589649000000000312e-01,8.257173333333332266e+03
2.955500000000000000e+03,8.742287000000000319e+01,3.893313999999999941e-01,8.313068333333334522e+03
2.965500000000000000e+03,8.727716000000000918e+01,3.759105999999999836e-01,8.369135666666665202e+03
2.975500000000000000e+03,8.717285000000001105e+01,3.769954999999999834e-01,8.425393333333331611e+03
2.985500000000000000e+03,8.747141999999999484e+01,3.388833000000000539e-01,8.481836333333334551e+03
2.995500000000000000e+03,8.735715000000000430e+01,3.757176999999999878e-01,8.538452333333334536e+03
3.005500000000000000e+03,8.740427999999999997e+01,3.405155999999999739e-01,8.595239666666664561e+03
3.015500000000000000e+03,8.738428999999999292e+01,3.645679999999999477e-01,8.652219999999997526e+03
3.025500000000000000e+03,8.747427999999999315e+01,3.487080999999999653e-01,8.709412999999996828e+03
3.035500000000000000e+03,8.739998999999998830e+01,3.778947999999999752e-01,8.766781333333334260e+03
3.045500000000000000e+03,8.742571999999999832e+01,3.758388000000000284e-01,8.824324666666667326e+03
3.055500000000000000e+03,8.752572000000000685e+01,3.594106999999999719e-01,8.882032666666667865e+03
3.065500000000000000e+03,8.757142000000000337e+01,3.721470000000000056e-01,8.939903000000000247e+03
3.075500000000000000e+03,8.758142000000000849e+01,3.711645000000000083e-01,8.997943999999999505e+03
3.085500000000000000e+03,8.735857000000001449e+01,3.541843999999999548e-01,9.056154000000000451e+03
3.095500000000000000e+03,8.742143000000001507e+01,3.738618999999999692e-01,9.114552666666666482e+03
3.105500000000000000e+03,8.748429000000001565e+01,3.868961000000000205e-01,9.173145000000000437e+03
3.115500000000000000e+03,8.765286000000000399e+01,3.740166999999999797e-01,9.231919999999998254e+03
3.125500000000000000e+03,8.759571000000001106e+01,3.883250999999999786e-01,9.290903666666667050e+03
3.135500000000000000e+03,8.743571000000000026e+01,3.971696999999999589e-01,9.350069333333332906e+03
3.145500000000000000e+03,8.749714000000001590e+01,3.740951000000000137e-01,9.409408666666666250e+03
3.155500000000000000e+03,8.776572999999999070e+01,3.846854000000000107e-01,9.468937333333331480e+03
3.165500000000000000e+03,8.744428999999999519e+01,3.760495000000000365e-01,9.528652333333335264e+03
3.175500000000000000e+03,8.730855999999999995e+01,3.812249999999999805e-01,9.588542999999999665e+03
3.185500000000000000e+03,8.754714999999998781e+01,3.943315999999999488e-01,9.648615000000001601e+03
3.195500000000000000e+03,8.749857999999998981e+01,3.875431999999999766e-01,9.708875666666664983e+03
3.205500000000000000e+03,8.758569999999998856e+01,3.666234000000000437e-01,9.769320666666664692e+03
3.215500000000000000e+03,8.751999999999998181e+01,3.505535000000000179e-01,9.829958666666667341e+03
3.225500000000000000e+03,8.774285000000000423e+01,3.727470000000000505e-01,9.890794000000001688e+03
3.235500000000000000e+03,8.769429999999998415e+01,3.899770000000000181e-01,9.951818666666667923e+03
3.245500000000000000e+03,8.749715000000000487e+01,3.750839000000000256e-01,1.001302766666666685e+04
3.255500000000000000e+03,8.767570999999999515e+01,3.677126000000000006e-01,1.007442400000000089e+04
3.265500000000000000e+03,8.748856999999998152e+01,3.579399000000000330e-01,1.013600133333333360e+04
3.275500000000000000e+03,8.746855999999999653e+01,3.938149999999999706e-01,1.019776733333333323e+04
3.285500000000000000e+03,8.769286999999999921e+01,3.920158999999999727e-01,1.025971666666666897e+04
3.295500000000000000e+03,8.769428000000000623e+01,3.644432000000000227e-01,1.032188666666666722e+04
3.305500000000000000e+03,8.767571999999998411e+01,3.602576000000000112e-01,1.038425666666666621e+04
3.315500000000000000e+03,8.758572000000000912e+01,3.890929000000000193e-01,1.044679999999999927e+04
3.325500000000000000e+03,8.753571999999999775e+01,3.798849000000000253e-01,1.050955333333333328e+04
3.335500000000000000e+03,8.765999999999999659e+01,3.644813000000000081e-01,1.057248999999999978e+04
3.345500000000000000e+03,8.768713999999999942e+01,3.779272999999999660e-01,1.063563666666666722e+04
3.355500000000000000e+03,8.754001000000000943e+01,3.805181000000000258e-01,1.069895333333333292e+04
3.365500000000000000e+03,8.760143999999999664e+01,3.552063999999999777e-01,1.076247999999999956e+04
3.375500000000000000e+03,8.783286999999999978e+01,3.684854000000000185e-01,1.082621000000000095e+04
3.385500000000000000e+03,8.766856000000001359e+01,3.638977999999999935e-01,1.089015333333333183e+04
3.395500000000000000e+03,8.767716000000000065e+01,3.648575000000000013e-01,1.095431333333333532e+04
3.405500000000000000e+03,8.781001000000000545e+01,3.701868999999999854e-01,1.101865999999999985e+04
3.415500000000000000e+03,8.779284999999998718e+01,3.816939000000000304e-01,1.108321000000000095e+04
3.425500000000000000e+03,8.771428000000001646e+01,3.415682999999999914e-01,1.114793999999999869e+04
3.435500000000000000e+03,8.779998999999999398e+01,3.614536999999999889e-01,1.121284333333333416e+04
3.445500000000000000e+03,8.774285000000000423e+01,3.551577000000000206e-01,1.127793666666666650e+04
3.455500000000000000e+03,8.763712999999998488e+01,3.676981999999999751e-01,1.134323000000000138e+04
3.465500000000000000e+03,8.784855999999999199e+01,3.628322000000000491e-01,1.140870000000000073e+04
3.475500000000000000e+03,8.764000000000000057e+01,3.634944999999999982e-01,1.147433999999999833e+04
3.485500000000000000e+03,8.766284999999999172e+01,3.614377000000000284e-01,1.154015999999999985e+04
3.495500000000000000e+03,8.767143999999998982e+01,3.716020999999999908e-01,1.160620000000000073e+04
3.505500000000000000e+03,8.770142999999998779e+01,3.576629999999999532e-01,1.167245333333333292e+04
3.515500000000000000e+03,8.774286000000000740e+01,3.503667000000000309e-01,1.173892000000000189e+04
3.525500000000000000e+03,8.772570000000000334e+01,3.620262000000000202e-01,1.180561999999999898e+04
3.535500000000000000e+03,8.773426999999999509e+01,3.470517000000000740e-01,1.187251000000000022e+04
3.545500000000000000e+03,8.771570999999998719e+01,3.581113000000000213e-01,1.193958666666666613e+04
3.555500000000000000e+03,8.783284000000000447e+01,3.471817000000000375e-01,1.200687666666666701e+04
3.565500000000000000e+03,8.762142000000001474e+01,3.655551000000000217e-01,1.207434999999999854e+04
3.575500000000000000e+03,8.797143000000001223e+01,3.613867000000000052e-01,1.214199666666666781e+04
3.585500000000000000e+03,8.788286999999999694e+01,3.558938000000000379e-01,1.220982333333333190e+04
3.595500000000000000e+03,8.794572999999999752e+01,3.637161999999999340e-01,1.227782666666666591e+04
3.605500000000000000e+03,8.785858000000000345e+01,3.591852000000000378e-01,1.234602333333333263e+04
3.615500000000000000e+03,8.771716000000000690e+01,3.595036000000000342e-01,1.241438666666666722e+04
3.625500000000000000e+03,8.788428000000000395e+01,3.536865999999999621e-01,1.248294333333333270e+04
3.635500000000000000e+03,8.774571000000000254e+01,3.367245999999999850e-01,1.255169666666666672e+04
3.645500000000000000e+03,8.789570999999999401e+01,3.458918999999999744e-01,1.262065999999999985e+04
3.655500000000000000e+03,8.776286999999999239e+01,3.576295999999999919e-01,1.268979666666666708e+04
3.665500000000000000e+03,8.783570000000000277e+01,3.563182999999999767e-01,1.275909333333333234e+04
3.675500000000000000e+03,8.763998999999999739e+01,3.656485999999999903e-01,1.282856000000000131e+04
3.685500000000000000e+03,8.774143999999998300e+01,3.473748999999999865e-01,1.289821666666666715e+04
3.695500000000000000e+03,8.782428000000000168e+01,3.408173000000000452e-01,1.296802999999999884e+04
3.705500000000000000e+03,8.777427000000000135e+01,3.520286000000000248e-01,1.303805333333333328e+04
3.715500000000000000e+03,8.781428999999999974e+01,3.610120000000000551e-01,1.310826333333333241e+04
3.725500000000000000e+03,8.784143000000000256e+01,3.514164000000000176e-01,1.317865999999999985e+04
3.735500000000000000e+03,8.794857999999999265e+01,3.489271999999999929e-01,1.324923666666666759e+04
3.745500000000000000e+03,8.792144999999999300e+01,3.485517000000000754e-01,1.332003333333333103e+04
3.755500000000000000e+03,8.779143000000000541e+01,3.535087999999999564e-01,1.339103999999999905e+04
3.765500000000000000e+03,8.782428999999999064e+01,3.537625999999999826e-01,1.346225333333333219e+04
3.775500000000000000e+03,8.798855999999999256e+01,3.391831000000000151e-01,1.353364666666666744e+04
3.785500000000000000e+03,8.781000000000000227e+01,3.560113000000000305e-01,1.360522333333333154e+04
3.795500000000000000e+03,8.784716000000000236e+01,3.471191000000000138e-01,1.367701333333333241e+04
3.805500000000000000e+03,8.771999999999999886e+01,3.446582000000000257e-01,1.374901333333333241e+04
3.815500000000000000e+03,8.790285000000000082e+01,3.591605999999999965e-01,1.382120000000000073e+04
3.825500000000000000e+03,8.791428000000000509e+01,3.584383999999999904e-01,1.389363333333333503e+04
3.835500000000000000e+03,8.782570999999998662e+01,3.535275000000000500e-01,1.396627666666666664e+04
3.845500000000000000e+03,8.795856999999999459e+01,3.572759999999999825e-01,1.403910000000000036e+04
3.855500000000000000e+03,8.796571000000000140e+01,3.460367000000000304e-01,1.411212333333333299e+04
3.865500000000000000e+03,8.794856000000000051e+01,3.511291000000000273e-01,1.418536666666666497e+04
3.875500000000000000e+03,8.786714000000000624e+01,3.537158999999999720e-01,1.425879666666666708e+04
3.885500000000000000e+03,8.810428000000001703e+01,3.364223000000000074e-01,1.433240666666666584e+04
3.895500000000000000e+03,8.793998999999999455e+01,3.465565000000000451e-01,1.440621000000000095e+04
3.905500000000000000e+03,8.799855000000000871e+01,3.501297999999999910e-01,1.448021000000000095e+04
3.915500000000000000e+03,8.805285999999999547e+01,3.605280000000000151e-01,1.455437666666666701e+04
3.925500000000000000e+03,8.783856999999999005e+01,3.564557999999999893e-01,1.462871000000000095e+04
3.935500000000000000e+03,8.806998999999999000e+01,3.618156000000000150e-01,1.470321999999999753e+04
3.945500000000000000e+03,8.811001000000000261e+01,3.377890000000000059e-01,1.477791000000000349e+04
3.955500000000000000e+03,8.788857999999999038e+01,3.727552000000000088e-01,1.485278333333333103e+04
3.965500000000000000e+03,8.797429999999999950e+01,3.359550000000000036e-01,1.492781333333333350e+04
3.975500000000000000e+03,8.808428000000000679e+01,3.495308000000000304e-01,1.500302999999999884e+04
3.985500000000000000e+03,8.809286000000000172e+01,3.463981000000000421e-01,1.507844333333333452e+04
3.995500000000000000e+03,8.792143000000000086e+01,3.698052999999999479e-01,1.515404000000000269e+04
4.005500000000000000e+03,8.796286000000000627e+01,3.684195999999999582e-01,1.522980333333333328e+04
4.015500000000000000e+03,8.801286000000000342e+01,3.524222000000000188e-01,1.530573000000000138e+04
4.025500000000000000e+03,8.807286000000001991e+01,3.412237999999999660e-01,1.538184666666666453e+04
4.035500000000000000e+03,8.808142999999999745e+01,3.504055999999999838e-01,1.545813999999999942e+04
4.045500000000000000e+03,8.803715000000001112e+01,3.558165000000000355e-01,1.553460666666666475e+04
4.055500000000000000e+03,8.811571000000000708e+01,3.346380999999999939e-01,1.561126666666666824e+04
4.065500000000000000e+03,8.793429000000000428e+01,3.411222999999999894e-01,1.568813999999999942e+04
4.075500000000000000e+03,8.794714000000000453e+01,3.406183000000000405e-01,1.576518666666666650e+04
4.085500000000000000e+03,8.804715000000000202e+01,3.463112999999999886e-01,1.584240999999999985e+04
4.095500000000000000e+03,8.803714999999999691e+01,3.579447000000000600e-01,1.591983666666666977e+04
4.105500000000000000e+03,8.808428000000000679e+01,3.516432999999999920e-01,1.599743666666666650e+04
4.115500000000000000e+03,8.803000999999999010e+01,3.668679000000000245e-01,1.607523666666666395e+04
4.125500000000000000e+03,8.790002000000001203e+01,3.368103999999999543e-01,1.615322666666666373e+04
4.135500000000000000e+03,8.793426999999999794e+01,3.579005999999999577e-01,1.623139999999999782e+04
4.145500000000000000e+03,8.815570999999999913e+01,3.541432999999999387e-01,1.630976333333333059e+04
4.155500000000000000e+03,8.799427999999998917e+01,3.692372000000000432e-01,1.638829000000000087e+04
4.165500000000000000e+03,8.815286000000000399e+01,3.505445999999999840e-01,1.646698666666666759e+04
4.175500000000000000e+03,8.796284999999998888e+01,3.542303000000000535e-01,1.654584999999999854e+04
4.185500000000000000e+03,8.816857999999999151e+01,3.426439999999999486e-01,1.662489333333333343e+04
4.195500000000000000e+03,8.806999000000000422e+01,3.567212000000000161e-01,1.670411000000000058e+04
4.205500000000000000e+03,8.798714000000001079e+01,3.255126000000000408e-01,1.678352666666666482e+04
4.215500000000000000e+03,8.797428999999999633e+01,3.284710000000000130e-01,1.686317666666666628e+04
4.225500000000000000e+03,8.821714000000000055e+01,3.320528999999999842e-01,1.694298333333333721e+04
4.235500000000000000e+03,8.816713999999998919e+01,3.266543999999999559e-01,1.702297333333333518e+04
4.245500000000000000e+03,8.788714000000001647e+01,3.272030000000000216e-01,1.710312666666667064e+04
4.255500000000000000e+03,8.832286000000000570e+01,3.383956000000000186e-01,1.718347666666666555e+04
4.265500000000000000e+03,8.805001000000000033e+01,3.407136000000000053e-01,1.726404666666666890e+04
4.275500000000000000e+03,8.810142999999999347e+01,3.554498999999999298e-01,1.734479000000000087e+04
4.285500000000000000e+03,8.810572000000000514e+01,3.623519000000000601e-01,1.742573333333333358e+04
4.295500000000000000e+03,8.835858000000000345e+01,3.312149000000000343e-01,1.750684999999999854e+04
4.305500000000000000e+03,8.812284999999998547e+01,3.358719000000000010e-01,1.758815666666666584e+04
4.315500000000000000e+03,8.800144000000000233e+01,3.361242999999999870e-01,1.766965000000000146e+04
4.325500000000000000e+03,8.815000999999999465e+01,3.429942000000000268e-01,1.775134999999999854e+04
4.335500000000000000e+03,8.814999999999999147e+01,3.399782000000000082e-01,1.783325666666666802e+04
4.345500000000000000e+03,8.813141999999999143e+01,3.300583000000000267e-01,1.791532999999999811e+04
4.355500000000000000e+03,8.820999000000000478e+01,3.419446000000000430e-01,1.799758666666666250e+04
4.365500000000000000e+03,8.826570000000000960e+01,3.381209000000000020e-01,1.808001333333332877e+04
4.375500000000000000e+03,8.818715000000000259e+01,3.409837999999999480e-01,1.816261333333333459e+04
4.385500000000000000e+03,8.808571000000002016e+01,3.226527000000000145e-01,1.824540666666666584e+04
4.395500000000000000e+03,8.822715999999999781e+01,3.353462999999999861e-01,1.832840999999999985e+04
4.405500000000000000e+03,8.824569999999998515e+01,3.322449000000000652e-01,1.841161000000000058e+04
4.415500000000000000e+03,8.816856999999998834e+01,3.361322999999999950e-01,1.849503666666666686e+04
4.425500000000000000e+03,8.809998999999999114e+01,3.477516999999999969e-01,1.857866666666666424e+04
4.435500000000000000e+03,8.801570999999999856e+01,3.348799000000000081e-01,1.866250333333333401e+04
4.445500000000000000e+03,8.821856999999999971e+01,3.537064999999999793e-01,1.874654333333333125e+04
4.455500000000000000e+03,8.815286000000000399e+01,3.485001999999999822e-01,1.883077000000000044e+04
4.465500000000000000e+03,8.808858000000000743e+01,3.314354999999999940e-01,1.891518000000000029e+04
4.475500000000000000e+03,8.828143000000000029e+01,3.432137999999999578e-01,1.899977999999999884e+04
4.485500000000000000e+03,8.811427999999999372e+01,3.351899999999999880e-01,1.908456999999999971e+04
4.495500000000000000e+03,8.806428999999999974e+01,3.480285000000000184e-01,1.916954999999999927e+04
4.505500000000000000e+03,8.828999999999999204e+01,3.296157000000000115e-01,1.925469666666666308e+04
4.515500000000000000e+03,8.825712999999998942e+01,3.321476999999999902e-01,1.934001666666666642e+04
4.525500000000000000e+03,8.814001000000000374e+01,3.218481999999999732e-01,1.942551000000000204e+04
4.535500000000000000e+03,8.830857999999999208e+01,3.372982999999999953e-01,1.951117666666666628e+04
4.545500000000000000e+03,8.823286000000000229e+01,3.372943999999999942e-01,1.959703000000000247e+04
4.555500000000000000e+03,8.833284999999999343e+01,3.389912999999999399e-01,1.968307666666666773e+04
4.565500000000000000e+03,8.826714000000001192e+01,3.348695999999999895e-01,1.976931000000000131e+04
4.575500000000000000e+03,8.826142999999999006e+01,3.310958999999999985e-01,1.985575333333333401e+04
4.585500000000000000e+03,8.838140000000001351e+01,3.330122000000000360e-01,1.994240999999999985e+04
4.595500000000000000e+03,8.820855999999999142e+01,3.306745999999999852e-01,2.002928666666666686e+04
4.605500000000000000e+03,8.823570999999999742e+01,3.358574999999999755e-01,2.011638333333333503e+04
4.615500000000000000e+03,8.833714999999999407e+01,3.211460999999999344e-01,2.020368333333333067e+04
4.625500000000000000e+03,8.832142000000000337e+01,3.342364999999999919e-01,2.029116333333333750e+04
4.635500000000000000e+03,8.834714999999999918e+01,3.392122999999999666e-01,2.037882333333333736e+04
4.645500000000000000e+03,8.820999000000000478e+01,3.423228999999999855e-01,2.046672000000000480e+04
4.655500000000000000e+03,8.841426999999998770e+01,3.332264999999999810e-01,2.055481333333333168e+04
4.665500000000000000e+03,8.832572000000001822e+01,3.432355999999999741e-01,2.064309333333333052e+04
4.675500000000000000e+03,8.813425999999999760e+01,3.373656999999999906e-01,2.073154666666666526e+04
4.685500000000000000e+03,8.840143999999999380e+01,3.408571000000000240e-01,2.082020333333333110e+04
4.695500000000000000e+03,8.824142000000000507e+01,3.353979000000000266e-01,2.090902333333333445e+04
4.705500000000000000e+03,8.829570999999999970e+01,3.509582999999999453e-01,2.099803666666666686e+04
4.715500000000000000e+03,8.845571000000001050e+01,3.319752999999999732e-01,2.108721333333333314e+04
4.725500000000000000e+03,8.840427999999999997e+01,3.310529000000000388e-01,2.117656333333333168e+04
4.735500000000000000e+03,8.837143000000000370e+01,3.418027000000000148e-01,2.126612000000000262e+04
4.745500000000000000e+03,8.837143000000000370e+01,3.422313000000000160e-01,2.135586333333333459e+04
4.755500000000000000e+03,8.829857000000001221e+01,3.398634000000000377e-01,2.144579666666666162e+04
4.765500000000000000e+03,8.837713999999999714e+01,3.407072999999999907e-01,2.153589333333333343e+04
4.775500000000000000e+03,8.843429000000000428e+01,3.402039999999999509e-01,2.162616333333333387e+04
4.785500000000000000e+03,8.840572000000000230e+01,3.275176999999999672e-01,2.171664333333333343e+04
4.795500000000000000e+03,8.837573000000000434e+01,3.372963000000000489e-01,2.180737000000000262e+04
4.805500000000000000e+03,8.846572000000000457e+01,3.277566000000000646e-01,2.189842000000000189e+04
4.815500000000000000e+03,8.833570999999999174e+01,3.360260999999999942e-01,2.198965000000000146e+04
4.825500000000000000e+03,8.842571000000000936e+01,3.232123000000000634e-01,2.208103666666666686e+04
4.835500000000000000e+03,8.840143000000000484e+01,3.284307999999999672e-01,2.217259000000000378e+04
4.845500000000000000e+03,8.836569999999998970e+01,3.189561000000000202e-01,2.226431999999999971e+04
4.855500000000000000e+03,8.843426999999999794e+01,3.347978999999999816e-01,2.235623666666666759e+04
4.865500000000000000e+03,8.839427999999999486e+01,3.409216999999999942e-01,2.244831666666666206e+04
4.875500000000000000e+03,8.843286000000000513e+01,3.257040999999999409e-01,2.254057333333333372e+04
4.885500000000000000e+03,8.851858000000000004e+01,3.374576000000000242e-01,2.263301333333332877e+04
4.895500000000000000e+03,8.847571999999999548e+01,3.398123000000000116e-01,2.272564666666666744e+04
4.905500000000000000e+03,8.833286000000001081e+01,3.374556000000000222e-01,2.281845666666666511e+04
4.915500000000000000e+03,8.836999000000000137e+01,3.286303000000000418e-01,2.291145000000000073e+04
4.925500000000000000e+03,8.824715000000000487e+01,3.413353000000000081e-01,2.300461666666666133e+04
4.935500000000000000e+03,8.841002000000000294e+01,3.429067000000000087e-01,2.309796999999999753e+04
4.945500000000000000e+03,8.843859000000000492e+01,3.412447000000000119e-01,2.319149666666666599e+04
4.955500000000000000e+03,8.844284000000000390e+01,3.248161999999999994e-01,2.328518666666666832e+04
4.965500000000000000e+03,8.839000999999998953e+01,3.401720999999999218e-01,2.337905666666666730e+04
4.975500000000000000e+03,8.840143000000000484e+01,3.338031000000000192e-01,2.347309333333333052e+04
4.985500000000000000e+03,8.839286000000001309e+01,3.205817000000000250e-01,2.356731333333333168e+04
4.995500000000000000e+03,8.840713999999999828e+01,3.273364999999999747e-01,2.366169000000000233e+04
