5.500000000000000000e+00,8.995140000000000668e+01,7.534196000000000026e+01,4.732967999999999897e-02
1.550000000000000000e+01,7.912856000000000734e+01,1.670541000000000054e+01,2.688695333333332993e-01
2.550000000000000000e+01,8.456857000000000824e+01,1.466213999999999906e+01,6.823202666666666749e-01
3.550000000000000000e+01,8.043144000000000915e+01,9.914742000000000388e+00,1.303325199999999962e+00
4.550000000000000000e+01,7.930857000000000312e+01,8.177106000000000208e+00,2.123782333333333217e+00
5.550000000000000000e+01,8.238142999999999461e+01,7.310072000000000791e+00,3.128029999999999866e+00
6.550000000000000000e+01,8.127428999999999348e+01,5.562721999999999056e+00,4.314585666666666874e+00
7.550000000000000000e+01,8.088286000000000797e+01,5.229031999999999236e+00,5.679014666666666322e+00
8.550000000000000000e+01,7.923141999999999996e+01,4.464985000000000426e+00,7.241774999999999629e+00
9.550000000000000000e+01,8.696856999999998550e+01,3.887861999999999707e+00,8.988673666666667117e+00
1.055000000000000000e+02,8.633284999999999343e+01,3.381431000000000076e+00,1.091502733333333452e+01
1.155000000000000000e+02,8.883285999999999660e+01,3.306897999999999449e+00,1.302423333333333133e+01
1.255000000000000000e+02,8.968572000000000344e+01,2.943823000000000523e+00,1.532044999999999924e+01
1.355000000000000000e+02,8.903427000000002067e+01,3.171277000000000346e+00,1.780190666666666388e+01
1.455000000000000000e+02,8.723570999999999742e+01,2.541551000000000116e+00,2.047136666666666471e+01
1.555000000000000000e+02,8.818285000000000196e+01,2.843770000000000131e+00,2.333258999999999617e+01
1.655000000000000000e+02,8.694856999999998948e+01,2.266347999999999807e+00,2.638825666666666692e+01
1.755000000000000000e+02,8.675283999999999196e+01,2.231370000000000520e+00,2.963327333333333513e+01
1.855000000000000000e+02,8.651001999999999725e+01,2.248097000000000012e+00,3.304951333333333707e+01
1.955000000000000000e+02,8.765859999999999275e+01,2.255135999999999807e+00,3.664452333333333200e+01
2.055000000000000000e+02,8.665858000000000061e+01,2.135942000000000451e+00,4.041435666666667004e+01
2.155000000000000000e+02,8.597427999999999315e+01,1.956690000000000040e+00,4.436927333333333223e+01
2.255000000000000000e+02,8.754572000000000287e+01,1.675774999999999793e+00,4.850662999999999414e+01
2.355000000000000000e+02,8.758001000000000147e+01,1.668807999999999847e+00,5.283127666666666755e+01
2.455000000000000000e+02,8.815714999999998724e+01,1.730867999999999851e+00,5.734231333333333680e+01
2.555000000000000000e+02,8.732856999999998493e+01,1.622106999999999744e+00,6.202765333333333331e+01
2.655000000000000000e+02,8.812855999999999312e+01,1.552189999999999959e+00,6.687748666666666963e+01
2.755000000000000000e+02,8.835713000000001216e+01,1.501689199999999946e+00,7.188612000000000535e+01
2.855000000000000000e+02,8.906284999999999741e+01,1.216896100000000036e+00,7.705736999999999171e+01
2.955000000000000000e+02,8.867427999999999599e+01,1.347610599999999881e+00,8.241067666666666014e+01
3.055000000000000000e+02,8.999713999999998748e+01,1.283552999999999944e+00,8.795268999999998982e+01
3.155000000000000000e+02,9.026712999999999454e+01,1.293546200000000201e+00,9.368096666666664873e+01
3.255000000000000000e+02,8.907571000000001504e+01,1.148045200000000099e+00,9.957439999999999714e+01
3.355000000000000000e+02,8.999000999999999806e+01,1.211000999999999994e+00,1.056298666666666861e+02
3.455000000000000000e+02,9.021429000000000542e+01,1.042501999999999818e+00,1.118516000000000048e+02
3.555000000000000000e+02,8.923713999999999658e+01,9.779221000000001274e-01,1.182406666666666695e+02
3.655000000000000000e+02,8.921000999999998271e+01,1.188504800000000028e+00,1.248090666666666522e+02
3.755000000000000000e+02,8.910999999999999943e+01,1.179492600000000113e+00,1.315474666666666508e+02
3.855000000000000000e+02,8.992284999999999684e+01,1.026326300000000025e+00,1.384576666666666540e+02
3.955000000000000000e+02,8.919142999999999688e+01,1.084768900000000036e+00,1.455398000000000138e+02
4.055000000000000000e+02,8.933426999999998941e+01,1.073911899999999919e+00,1.527831999999999937e+02
4.155000000000000000e+02,8.945143000000000200e+01,9.559088000000001140e-01,1.602086999999999648e+02
4.255000000000000000e+02,9.014000000000001478e+01,1.028446600000000100e+00,1.678196999999999832e+02
4.355000000000000000e+02,8.911999000000000137e+01,1.027125199999999960e+00,1.756195666666666853e+02
4.455000000000000000e+02,8.884000000000000341e+01,8.712324999999999653e-01,1.835958999999999719e+02
4.555000000000000000e+02,8.906143000000000143e+01,8.185135000000001160e-01,1.917466000000000008e+02
4.655000000000000000e+02,8.782000999999999635e+01,8.656209999999999738e-01,2.000785999999999945e+02
4.755000000000000000e+02,8.879571000000001391e+01,8.486715000000000231e-01,2.086011000000000024e+02
4.855000000000000000e+02,8.824713999999998748e+01,8.685498000000000385e-01,2.173089333333333286e+02
4.955000000000000000e+02,8.780284999999999229e+01,7.997731000000000146e-01,2.261943333333333044e+02
5.055000000000000000e+02,8.852284999999999116e+01,7.611215000000000064e-01,2.352534333333333052e+02
5.155000000000000000e+02,8.886713999999999203e+01,7.229357000000000699e-01,2.444994000000000085e+02
5.255000000000000000e+02,8.825714000000000681e+01,8.896433000000000257e-01,2.539317666666666753e+02
5.355000000000000000e+02,8.812999999999999545e+01,6.530804999999999527e-01,2.635401333333333582e+02
5.455000000000000000e+02,8.832999999999999829e+01,7.874497999999999776e-01,2.733362999999999943e+02
5.555000000000000000e+02,8.791143000000000995e+01,7.772893999999999082e-01,2.833232333333334054e+02
5.655000000000000000e+02,8.731714000000000908e+01,8.052768000000000148e-01,2.934966666666666697e+02
5.755000000000000000e+02,8.689427000000000589e+01,6.103611000000001008e-01,3.038517333333332999e+02
5.855000000000000000e+02,8.759998999999999114e+01,5.896516000000000535e-01,3.143742666666666992e+02
5.955000000000000000e+02,8.726286999999999239e+01,6.065226999999999702e-01,3.250605333333332965e+02
6.055000000000000000e+02,8.696714000000000055e+01,6.791517000000000248e-01,3.359223666666666759e+02
6.155000000000000000e+02,8.656857999999999720e+01,6.137123000000000994e-01,3.469637666666666860e+02
6.255000000000000000e+02,8.705000000000001137e+01,6.348252000000000894e-01,3.581703999999999724e+02
6.355000000000000000e+02,8.710571999999999093e+01,6.224960999999999967e-01,3.695448333333333153e+02
6.455000000000000000e+02,8.704571000000001391e+01,5.308886000000000438e-01,3.810953333333333148e+02
6.555000000000000000e+02,8.762998999999999228e+01,5.212549999999999129e-01,3.928333666666666772e+02
6.655000000000000000e+02,8.646856999999999971e+01,6.287123999999999491e-01,4.047594666666666399e+02
6.755000000000000000e+02,8.641428999999999405e+01,6.315863999999999923e-01,4.168574999999999591e+02
6.855000000000000000e+02,8.682856999999999914e+01,5.479757000000000655e-01,4.291092333333332931e+02
6.955000000000000000e+02,8.609572000000000003e+01,5.956186000000001091e-01,4.415155333333333942e+02
7.055000000000000000e+02,8.594428000000000623e+01,5.917191000000000534e-01,4.540960999999999217e+02
7.155000000000000000e+02,8.663712999999999909e+01,6.867461999999999733e-01,4.668590000000000373e+02
7.255000000000000000e+02,8.597570999999999231e+01,6.651896000000000475e-01,4.797926000000000499e+02
7.355000000000000000e+02,8.613998999999998318e+01,6.147726999999999498e-01,4.928884666666666590e+02
7.455000000000000000e+02,8.629285000000001560e+01,7.309856000000000131e-01,5.061541333333332773e+02
7.555000000000000000e+02,8.658430000000001314e+01,5.963905999999999930e-01,5.195912000000000717e+02
7.655000000000000000e+02,8.689001999999999271e+01,7.273528999999999689e-01,5.332170999999999594e+02
7.755000000000000000e+02,8.609425999999999135e+01,6.133148000000000488e-01,5.470306333333332987e+02
7.855000000000000000e+02,8.658572000000000912e+01,6.263316000000000994e-01,5.610238666666666631e+02
7.955000000000000000e+02,8.551715000000000089e+01,6.214680000000000204e-01,5.752022666666665600e+02
8.055000000000000000e+02,8.603142999999998608e+01,6.250593999999999317e-01,5.895513000000000829e+02
8.155000000000000000e+02,8.571428999999999121e+01,6.589192000000000382e-01,6.040758666666666841e+02
8.255000000000000000e+02,8.572428999999999633e+01,5.899001999999999857e-01,6.187934000000000196e+02
8.355000000000000000e+02,8.642571999999999832e+01,5.450793999999999917e-01,6.336995999999999185e+02
8.455000000000000000e+02,8.592427999999999599e+01,5.608115999999999657e-01,6.488022000000000844e+02
8.555000000000000000e+02,8.638569999999999993e+01,4.887178000000000355e-01,6.640919000000000096e+02
8.655000000000000000e+02,8.574429000000000656e+01,5.038297000000000470e-01,6.795643333333333658e+02
8.755000000000000000e+02,8.610859000000000663e+01,4.617992000000000208e-01,6.952112333333334391e+02
8.855000000000000000e+02,8.587569999999999482e+01,5.240647000000000499e-01,7.110361333333332823e+02
8.955000000000000000e+02,8.594713999999999032e+01,4.688819999999999655e-01,7.270590666666664674e+02
9.055000000000000000e+02,8.555571999999999377e+01,5.627182000000000572e-01,7.432824666666667781e+02
9.155000000000000000e+02,8.555286999999999864e+01,5.430056000000000882e-01,7.597095666666666602e+02
9.255000000000000000e+02,8.540859000000000378e+01,5.133841000000000099e-01,7.763261666666666088e+02
9.355000000000000000e+02,8.518712999999999624e+01,4.325150999999999857e-01,7.931309333333332461e+02
9.455000000000000000e+02,8.526141999999998689e+01,4.734576999999999813e-01,8.101254000000001270e+02
9.555000000000000000e+02,8.527285999999999433e+01,4.693934999999999635e-01,8.273100333333334220e+02
9.655000000000000000e+02,8.541857999999999151e+01,5.149418999999999524e-01,8.446791333333333114e+02
9.755000000000000000e+02,8.517714999999999748e+01,4.817333000000000309e-01,8.622220000000000937e+02
9.855000000000000000e+02,8.528715000000001112e+01,4.050958999999999532e-01,8.799357333333333600e+02
9.955000000000000000e+02,8.495713999999999544e+01,4.620943999999999607e-01,8.978279666666667254e+02
1.005500000000000000e+03,8.508428999999999576e+01,3.922727000000000297e-01,9.159054333333333489e+02
1.015500000000000000e+03,8.601570999999999856e+01,4.401235000000000008e-01,9.341690333333333456e+02
1.025500000000000000e+03,8.517429000000001338e+01,5.013730000000000686e-01,9.526089666666666744e+02
1.035500000000000000e+03,8.476715000000000089e+01,4.505979999999999430e-01,9.712277999999998883e+02
1.045500000000000000e+03,8.491999000000001274e+01,4.274649000000000365e-01,9.900227666666665982e+02
1.055500000000000000e+03,8.492286000000001422e+01,4.515313000000000798e-01,1.008991533333333223e+03
1.065500000000000000e+03,8.503285999999999945e+01,5.029375000000000373e-01,1.028133666666666613e+03
1.075500000000000000e+03,8.521000000000000796e+01,4.468294999999999351e-01,1.047442666666666582e+03
1.085500000000000000e+03,8.522713000000001671e+01,3.787851000000000412e-01,1.066909666666666681e+03
1.095500000000000000e+03,8.498141999999999996e+01,4.777873000000000259e-01,1.086530333333333601e+03
1.105500000000000000e+03,8.478999999999999204e+01,4.721014999999999517e-01,1.106314333333333252e+03
1.115500000000000000e+03,8.584713999999999601e+01,4.532329999999999970e-01,1.126258666666666613e+03
1.125500000000000000e+03,8.579571000000001391e+01,4.289411000000000196e-01,1.146360999999999876e+03
1.135500000000000000e+03,8.606856999999999402e+01,4.041436999999999946e-01,1.166627666666666755e+03
1.145500000000000000e+03,8.527714000000000283e+01,4.561494999999999855e-01,1.187061666666666497e+03
1.155500000000000000e+03,8.560285000000000366e+01,4.593136000000000441e-01,1.207664666666666790e+03
1.165500000000000000e+03,8.498999999999998067e+01,4.443488000000000437e-01,1.228446333333333314e+03
1.175500000000000000e+03,8.560999999999999943e+01,4.650695999999999719e-01,1.249418333333333521e+03
1.185500000000000000e+03,8.493141999999998859e+01,4.381379000000000801e-01,1.270576666666666597e+03
1.195500000000000000e+03,8.598857999999999890e+01,4.483134999999999759e-01,1.291922000000000025e+03
1.205500000000000000e+03,8.508144000000000062e+01,4.629054000000000224e-01,1.313469666666666626e+03
1.215500000000000000e+03,8.536854999999999905e+01,4.670371999999999302e-01,1.335203666666666550e+03
1.225500000000000000e+03,8.482143999999999551e+01,4.936638000000000415e-01,1.357116999999999962e+03
1.235500000000000000e+03,8.484999999999999432e+01,4.366292999999999980e-01,1.379210333333333438e+03
1.245500000000000000e+03,8.524856000000001188e+01,4.457003999999999411e-01,1.401481999999999744e+03
1.255500000000000000e+03,8.469714999999999350e+01,4.360619000000000023e-01,1.423943999999999960e+03
1.265500000000000000e+03,8.581286000000000058e+01,4.261912999999999951e-01,1.446578666666666550e+03
1.275500000000000000e+03,8.493999000000000876e+01,4.488578999999999763e-01,1.469378333333333103e+03
1.285500000000000000e+03,8.505714000000000397e+01,4.308504000000000222e-01,1.492340333333333319e+03
1.295500000000000000e+03,8.484143000000000256e+01,4.206522999999999790e-01,1.515471333333333405e+03
1.305500000000000000e+03,8.484714999999999918e+01,4.323612000000000011e-01,1.538768000000000029e+03
1.315500000000000000e+03,8.507285999999999149e+01,3.899296000000000428e-01,1.562231666666666570e+03
1.325500000000000000e+03,8.520714999999999861e+01,4.166598999999999720e-01,1.585880333333333510e+03
1.335500000000000000e+03,8.525285999999999831e+01,4.175057999999999825e-01,1.609715666666666493e+03
1.345500000000000000e+03,8.509429000000000087e+01,4.262622000000000355e-01,1.633717333333333272e+03
1.355500000000000000e+03,8.453855999999998971e+01,4.170015999999999723e-01,1.657899666666666690e+03
1.365500000000000000e+03,8.476286000000000342e+01,4.145664000000000016e-01,1.682283666666666704e+03
1.375500000000000000e+03,8.460001000000001170e+01,4.106562000000000268e-01,1.706866666666666788e+03
1.385500000000000000e+03,8.454715000000000202e+01,4.015060000000000295e-01,1.731624000000000251e+03
1.395500000000000000e+03,8.461856000000000222e+01,4.144929999999999448e-01,1.756556333333333441e+03
1.405500000000000000e+03,8.484001000000000658e+01,3.859077000000000202e-01,1.781675666666666530e+03
1.415500000000000000e+03,8.460714000000000112e+01,3.796298000000000172e-01,1.806977999999999838e+03
1.425500000000000000e+03,8.439714000000000738e+01,3.725296999999999636e-01,1.832455333333333783e+03
1.435500000000000000e+03,8.457856999999998493e+01,3.859458999999999529e-01,1.858106666666666570e+03
1.445500000000000000e+03,8.456286000000000058e+01,4.090319000000000038e-01,1.883937000000000353e+03
1.455500000000000000e+03,8.442427999999999599e+01,3.846201000000000203e-01,1.909958000000000084e+03
1.465500000000000000e+03,8.454857000000001221e+01,3.721128000000000213e-01,1.936172333333333427e+03
1.475500000000000000e+03,8.489856000000000336e+01,3.630041000000000517e-01,1.962581999999999880e+03
1.485500000000000000e+03,8.462284999999999968e+01,4.170442999999999789e-01,1.989180333333333238e+03
1.495500000000000000e+03,8.442999999999999261e+01,3.464085000000000081e-01,2.015968000000000075e+03
1.505500000000000000e+03,8.427429000000000769e+01,3.759490000000000332e-01,2.042944666666666762e+03
1.515500000000000000e+03,8.443429000000000428e+01,3.643948999999999661e-01,2.070119999999999436e+03
1.525500000000000000e+03,8.411715999999998417e+01,3.411579000000000139e-01,2.097487333333333481e+03
1.535500000000000000e+03,8.406713999999999487e+01,3.773405000000000786e-01,2.125035000000000309e+03
1.545500000000000000e+03,8.439999999999999147e+01,3.587977999999999446e-01,2.152764000000000124e+03
1.555500000000000000e+03,8.401427999999999940e+01,3.496772000000000213e-01,2.180677000000000135e+03
1.565500000000000000e+03,8.455714999999999293e+01,3.554782999999999693e-01,2.208761666666666770e+03
1.575500000000000000e+03,8.468715000000000259e+01,3.850890000000000701e-01,2.237015999999999622e+03
1.585500000000000000e+03,8.415572000000000230e+01,3.890409000000000228e-01,2.265432333333333190e+03
1.595500000000000000e+03,8.426715000000000089e+01,3.933489999999999487e-01,2.294018999999999778e+03
1.605500000000000000e+03,8.400427000000000533e+01,3.532629999999999937e-01,2.322786000000000058e+03
1.615500000000000000e+03,8.398999999999999488e+01,3.572731999999999575e-01,2.351735333333333074e+03
1.625500000000000000e+03,8.387001000000000772e+01,3.444921000000000233e-01,2.380869333333333543e+03
1.635500000000000000e+03,8.357571000000000083e+01,3.791048000000000195e-01,2.410196666666666715e+03
1.645500000000000000e+03,8.420001000000000602e+01,3.587198999999999804e-01,2.439702999999999975e+03
1.655500000000000000e+03,8.376428000000001362e+01,3.461280000000000467e-01,2.469381666666667115e+03
1.665500000000000000e+03,8.406714999999999804e+01,3.749664000000000330e-01,2.499248333333332994e+03
1.675500000000000000e+03,8.388143999999999778e+01,3.483598000000000527e-01,2.529312666666666701e+03
1.685500000000000000e+03,8.381143000000000143e+01,3.516487999999999281e-01,2.559583666666666431e+03
1.695500000000000000e+03,8.363430000000001030e+01,3.084405000000000063e-01,2.590063999999999851e+03
1.705500000000000000e+03,8.387428000000001305e+01,3.627057999999999671e-01,2.620752333333332899e+03
1.715500000000000000e+03,8.424713999999998748e+01,3.581532000000000604e-01,2.651633333333333212e+03
1.725500000000000000e+03,8.405286000000000968e+01,3.565207000000000237e-01,2.682706333333333077e+03
1.735500000000000000e+03,8.412001000000000772e+01,3.104179000000000244e-01,2.713959666666666635e+03
1.745500000000000000e+03,8.417143999999998982e+01,3.862297000000000091e-01,2.745382666666666410e+03
1.755500000000000000e+03,8.384285999999998751e+01,3.534343999999999819e-01,2.776971333333333405e+03
1.765500000000000000e+03,8.420571999999999946e+01,4.121613000000000082e-01,2.808729666666666617e+03
1.775500000000000000e+03,8.378429000000001281e+01,3.911062000000000149e-01,2.840672666666666373e+03
1.785500000000000000e+03,8.399285000000000423e+01,3.502468999999999721e-01,2.872799666666666326e+03
1.795500000000000000e+03,8.390712999999999511e+01,4.201720000000001010e-01,2.905115666666667039e+03
1.805500000000000000e+03,8.411430000000000007e+01,3.511543000000000303e-01,2.937610999999999876e+03
1.815500000000000000e+03,8.365285000000001503e+01,3.720990000000000131e-01,2.970310333333333347e+03
1.825500000000000000e+03,8.419142000000000792e+01,3.381831000000000143e-01,3.003204333333334034e+03
1.835500000000000000e+03,8.406286000000000058e+01,3.496439000000000075e-01,3.036281000000000404e+03
1.845500000000000000e+03,8.397141000000000588e+01,3.436147999999999980e-01,3.069538333333332957e+03
1.855500000000000000e+03,8.373857999999999890e+01,3.546085999999999960e-01,3.102972000000000207e+03
1.865500000000000000e+03,8.397713000000000250e+01,3.609994999999999732e-01,3.136576333333333423e+03
1.875500000000000000e+03,8.398572000000000060e+01,3.329326999999999703e-01,3.170351000000000113e+03
1.885500000000000000e+03,8.406714999999999804e+01,3.432099000000000122e-01,3.204295999999999367e+03
1.895500000000000000e+03,8.396572999999997933e+01,3.643327000000000648e-01,3.238418666666666923e+03
1.905500000000000000e+03,8.365142000000000166e+01,3.696983999999999826e-01,3.272708333333333485e+03
1.915500000000000000e+03,8.417715999999998644e+01,3.447535999999999934e-01,3.307164666666666562e+03
1.925500000000000000e+03,8.396142999999999290e+01,3.528315000000000201e-01,3.341792000000000371e+03
1.935500000000000000e+03,8.396428000000000225e+01,4.132095999999999547e-01,3.376586666666667043e+03
1.945500000000000000e+03,8.406714000000000908e+01,3.682728000000000113e-01,3.411533333333333758e+03
1.955500000000000000e+03,8.410858000000000345e+01,3.874463000000000212e-01,3.446629666666666253e+03
1.965500000000000000e+03,8.416998999999999853e+01,3.634870000000000045e-01,3.481878666666666504e+03
1.975500000000000000e+03,8.409283999999999537e+01,3.495031999999999583e-01,3.517293333333333521e+03
1.985500000000000000e+03,8.417286000000000001e+01,3.936695000000000055e-01,3.552885999999999967e+03
1.995500000000000000e+03,8.380572000000000799e+01,3.388598999999999917e-01,3.588656999999999243e+03
2.005500000000000000e+03,8.421855999999999653e+01,3.467362999999999973e-01,3.624594333333333452e+03
2.015500000000000000e+03,8.386570000000000391e+01,3.641920000000000157e-01,3.660685666666666748e+03
2.025500000000000000e+03,8.411713999999999203e+01,3.709014000000000477e-01,3.696938333333333958e+03
2.035500000000000000e+03,8.407857000000001335e+01,3.430962000000000733e-01,3.733353333333333467e+03
2.045500000000000000e+03,8.449287000000001058e+01,3.579250999999999960e-01,3.769926333333332877e+03
2.055500000000000000e+03,8.436713999999999203e+01,3.725486000000000075e-01,3.806652666666666391e+03
2.065500000000000000e+03,8.401000000000000512e+01,3.416375000000000384e-01,3.843530000000000200e+03
2.075500000000000000e+03,8.451143000000000427e+01,3.500747999999999638e-01,3.880594000000000051e+03
2.085500000000000000e+03,8.429429999999999268e+01,3.594065000000000176e-01,3.917847666666666100e+03
2.095500000000000000e+03,8.449856999999998663e+01,3.358617999999999326e-01,3.955284999999999854e+03
2.105500000000000000e+03,8.442999000000000365e+01,3.529116999999999948e-01,3.992895333333333838e+03
2.115500000000000000e+03,8.443571000000000026e+01,3.546047999999999978e-01,4.030695666666666511e+03
2.125500000000000000e+03,8.460570999999998776e+01,3.430972999999999939e-01,4.068679000000000087e+03
2.135500000000000000e+03,8.441142000000000678e+01,3.389929999999999888e-01,4.106833000000000538e+03
2.145500000000000000e+03,8.420715000000001282e+01,3.269153999999999671e-01,4.145153000000000247e+03
2.155500000000000000e+03,8.430715000000000714e+01,3.143906000000000200e-01,4.183632333333333008e+03
2.165500000000000000e+03,8.448714999999999975e+01,3.463968000000000602e-01,4.222285000000000764e+03
2.175500000000000000e+03,8.470572000000001367e+01,3.377755000000000063e-01,4.261122333333333700e+03
2.185500000000000000e+03,8.423143999999999210e+01,3.350327000000000166e-01,4.300145999999999731e+03
2.195500000000000000e+03,8.434856000000000620e+01,3.287973000000000146e-01,4.339351999999999862e+03
2.205500000000000000e+03,8.400142000000001019e+01,3.302045999999999593e-01,4.378742666666666992e+03
2.215500000000000000e+03,8.467713000000000534e+01,3.173129000000000088e-01,4.418308999999999287e+03
2.225500000000000000e+03,8.448141999999999996e+01,3.265219999999999789e-01,4.458044666666666672e+03
2.235500000000000000e+03,8.455428999999999462e+01,3.370311000000000279e-01,4.497953333333332921e+03
2.245500000000000000e+03,8.444570999999999117e+01,3.298041000000000444e-01,4.538038333333332957e+03
2.255500000000000000e+03,8.466713999999998919e+01,3.081448999999999439e-01,4.578305333333333692e+03
2.265500000000000000e+03,8.471999999999999886e+01,3.182040999999999897e-01,4.618757999999998901e+03
2.275500000000000000e+03,8.440000000000000568e+01,3.171650999999999776e-01,4.659393333333333430e+03
2.285500000000000000e+03,8.458570000000000277e+01,3.094100999999999657e-01,4.700203000000000429e+03
2.295500000000000000e+03,8.480001000000001454e+01,3.138804000000000038e-01,4.741171666666667079e+03
2.305500000000000000e+03,8.463428000000000395e+01,3.024525999999999604e-01,4.782296000000000276e+03
2.315500000000000000e+03,8.471000000000000796e+01,2.940485999999999933e-01,4.823581333333333532e+03
2.325500000000000000e+03,8.464142999999999972e+01,3.162730999999999737e-01,4.865026333333334151e+03
2.335500000000000000e+03,8.439142999999999972e+01,3.195714000000000055e-01,4.906634000000000015e+03
2.345500000000000000e+03,8.454713999999999885e+01,3.125342000000000398e-01,4.948409999999999854e+03
2.355500000000000000e+03,8.461711999999999989e+01,2.964687000000000294e-01,4.990368000000000393e+03
2.365500000000000000e+03,8.429714999999998781e+01,3.077004999999999879e-01,5.032513000000000829e+03
2.375500000000000000e+03,8.432713999999998578e+01,3.198404000000000247e-01,5.074836666666667043e+03
2.385500000000000000e+03,8.466858000000000573e+01,3.006210000000000271e-01,5.117335333333333438e+03
2.395500000000000000e+03,8.468285000000000196e+01,3.150546999999999653e-01,5.160008000000000720e+03
2.405500000000000000e+03,8.423855999999999256e+01,2.957297000000000398e-01,5.202851666666666461e+03
2.415500000000000000e+03,8.490857000000001165e+01,3.004950000000000121e-01,5.245890666666667130e+03
2.425500000000000000e+03,8.464142000000001076e+01,2.779673000000000282e-01,5.289124000000000706e+03
2.435500000000000000e+03,8.459569999999999368e+01,3.095928000000000013e-01,5.332545333333333474e+03
2.445500000000000000e+03,8.457142999999999233e+01,2.825357000000000562e-01,5.376155333333334056e+03
2.455500000000000000e+03,8.454571000000001391e+01,2.748214999999999408e-01,5.419959333333334143e+03
2.465500000000000000e+03,8.462142999999998949e+01,2.887011999999999912e-01,5.463956333333333532e+03
2.475500000000000000e+03,8.469712999999998715e+01,2.742217000000000682e-01,5.508157666666666955e+03
2.485500000000000000e+03,8.436143999999998755e+01,2.882508999999999211e-01,5.552554000000000087e+03
2.495500000000000000e+03,8.477144000000001256e+01,3.150052999999999881e-01,5.597142333333333227e+03
2.505500000000000000e+03,8.449000999999999806e+01,2.820292999999999828e-01,5.641911666666666861e+03
2.515500000000000000e+03,8.470287000000000432e+01,2.751819000000000348e-01,5.686878666666667414e+03
2.525500000000000000e+03,8.440286000000000399e+01,2.891774999999999762e-01,5.732041333333332659e+03
2.535500000000000000e+03,8.441715999999999553e+01,2.858682000000000167e-01,5.777391999999999825e+03
2.545500000000000000e+03,8.487427999999999884e+01,3.062834000000000390e-01,5.822923666666666577e+03
2.555500000000000000e+03,8.465426999999999680e+01,2.552752999999999828e-01,5.868626333333333605e+03
2.565500000000000000e+03,8.451572000000000173e+01,2.986255000000000437e-01,5.914518000000000029e+03
2.575500000000000000e+03,8.477857000000000198e+01,2.942198000000000313e-01,5.960593333333333248e+03
2.585500000000000000e+03,8.462000000000000455e+01,2.981200000000000516e-01,6.006844999999999345e+03
2.595500000000000000e+03,8.453285999999999945e+01,3.053986000000000200e-01,6.053277666666666846e+03
2.605500000000000000e+03,8.459857999999999834e+01,2.774865999999999722e-01,6.099882666666667319e+03
2.615500000000000000e+03,8.446000999999999692e+01,2.889197999999999489e-01,6.146660333333333256e+03
2.625500000000000000e+03,8.442430000000000234e+01,2.987410999999999817e-01,6.193623333333332994e+03
2.635500000000000000e+03,8.445570999999999628e+01,2.746390000000000220e-01,6.240778000000000247e+03
2.645500000000000000e+03,8.463428000000000395e+01,2.745885000000000131e-01,6.288134333333333416e+03
2.655500000000000000e+03,8.454142999999999120e+01,2.735336999999999907e-01,6.335696666666666715e+03
2.665500000000000000e+03,8.437570999999999799e+01,2.920053999999999705e-01,6.383442666666667719e+03
2.675500000000000000e+03,8.452000000000001023e+01,2.680796000000000290e-01,6.431377000000000407e+03
2.685500000000000000e+03,8.418143000000000598e+01,2.900852999999999904e-01,6.479519000000000233e+03
2.695500000000000000e+03,8.440999000000000763e+01,2.792158999999999613e-01,6.527872000000000298e+03
2.705500000000000000e+03,8.463286000000000797e+01,2.591279000000000776e-01,6.576423333333334085e+03
2.715500000000000000e+03,8.434144000000000574e+01,3.134259000000000350e-01,6.625149666666666235e+03
2.725500000000000000e+03,8.443713999999999942e+01,2.959668999999999772e-01,6.674043000000000575e+03
2.735500000000000000e+03,8.416713999999998919e+01,2.799525999999999959e-01,6.723117000000001099e+03
2.745500000000000000e+03,8.412570999999999799e+01,3.209624000000000366e-01,6.772361666666666679e+03
2.755500000000000000e+03,8.463142000000001985e+01,2.945342000000000238e-01,6.821772333333332426e+03
2.765500000000000000e+03,8.448285999999998808e+01,2.628575000000000217e-01,6.871357000000000880e+03
2.775500000000000000e+03,8.437857999999999947e+01,3.060006000000000115e-01,6.921131000000001222e+03
2.785500000000000000e+03,8.451856999999999687e+01,3.048210000000000086e-01,6.971089333333332434e+03
2.795500000000000000e+03,8.467715000000001169e+01,2.845840999999999510e-01,7.021209333333334143e+03
2.805500000000000000e+03,8.426856999999999687e+01,2.628685000000000604e-01,7.071504333333333307e+03
2.815500000000000000e+03,8.407716000000000633e+01,2.981686000000000059e-01,7.121987666666667792e+03
2.825500000000000000e+03,8.422427999999999315e+01,3.079941000000000484e-01,7.172662000000001171e+03
2.835500000000000000e+03,8.442286000000000001e+01,3.009761999999999715e-01,7.223526333333333241e+03
2.845500000000000000e+03,8.415284000000001186e+01,3.193995000000000029e-01,7.274574000000000524e+03
2.855500000000000000e+03,8.431427999999999656e+01,3.228712000000000248e-01,7.325797999999999774e+03
2.865500000000000000e+03,8.427570000000000050e+01,3.155792000000000597e-01,7.377198999999998705e+03
2.875500000000000000e+03,8.426000000000000512e+01,3.214766000000000012e-01,7.428790333333333365e+03
2.885500000000000000e+03,8.422713999999999146e+01,3.266209000000000473e-01,7.480569999999999709e+03
2.895500000000000000e+03,8.425714999999999577e+01,3.207392000000000021e-01,7.532535999999998239e+03
2.905500000000000000e+03,8.426715000000000089e+01,3.050769999999999871e-01,7.584702333333334536e+03
2.915500000000000000e+03,8.409284000000000958e+01,3.003629000000000437e-01,7.637057000000000698e+03
2.925500000000000000e+03,8.433713000000001614e+01,3.122468999999999939e-01,7.689608333333334485e+03
2.935500000000000000e+03,8.428428000000000964e+01,3.027111000000000662e-01,7.742356333333332259e+03
2.945500000000000000e+03,8.411143999999998755e+01,3.152859000000000078e-01,7.795295000000000073e+03
2.955500000000000000e+03,8.428570000000000562e+01,3.272724999999999662e-01,7.848420333333333474e+03
2.965500000000000000e+03,8.450286000000001252e+01,2.955022999999999955e-01,7.901726666666666461e+03
2.975500000000000000e+03,8.412999999999999545e+01,3.280952000000000313e-01,7.955209333333334143e+03
2.985500000000000000e+03,8.420856000000000563e+01,3.147594000000000225e-01,8.008851666666666461e+03
2.995500000000000000e+03,8.426856999999999687e+01,3.289504000000000317e-01,8.062657666666666046e+03
3.005500000000000000e+03,8.415143000000000484e+01,3.220893999999999702e-01,8.116626000000001113e+03
3.015500000000000000e+03,8.422427000000000419e+01,3.119193000000000104e-01,8.170769333333332725e+03
3.025500000000000000e+03,8.433144000000000062e+01,3.216452000000000200e-01,8.225097666666664736e+03
3.035500000000000000e+03,8.436571999999999605e+01,3.050979999999999803e-01,8.279625000000000000e+03
3.045500000000000000e+03,8.435142000000000451e+01,2.971738999999999908e-01,8.334354999999999563e+03
3.055500000000000000e+03,8.436857000000000539e+01,3.211081999999999548e-01,8.389272999999999229e+03
3.065500000000000000e+03,8.426142000000001531e+01,3.120416000000000301e-01,8.444367666666666992e+03
3.075500000000000000e+03,8.440285999999998978e+01,3.248285000000000755e-01,8.499631666666668025e+03
3.085500000000000000e+03,8.422571000000000652e+01,3.219870000000000232e-01,8.555068999999999505e+03
3.095500000000000000e+03,8.433142000000000849e+01,3.124949000000000199e-01,8.610695666666668330e+03
3.105500000000000000e+03,8.454000000000000625e+01,3.163709999999999578e-01,8.666500666666668621e+03
3.115500000000000000e+03,8.442285000000001105e+01,2.990848999999999869e-01,8.722483666666665158e+03
3.125500000000000000e+03,8.443287000000000830e+01,3.190691999999999418e-01,8.778660333333335075e+03
3.135500000000000000e+03,8.451572000000000173e+01,3.159547000000000327e-01,8.835024666666666235e+03
3.145500000000000000e+03,8.432713999999998578e+01,3.135781000000000263e-01,8.891569666666666308e+03
3.155500000000000000e+03,8.457714999999998895e+01,3.103757000000000321e-01,8.948293333333334886e+03
3.165500000000000000e+03,8.460571000000000197e+01,3.146152999999999866e-01,9.005192666666667719e+03
3.175500000000000000e+03,8.450287000000000148e+01,3.135295999999999639e-01,9.062270666666667239e+03
3.185500000000000000e+03,8.468141999999998859e+01,3.078368000000000215e-01,9.119519000000000233e+03
3.195500000000000000e+03,8.458144000000000062e+01,3.121661000000000019e-01,9.176930000000002110e+03
3.205500000000000000e+03,8.475000999999998896e+01,3.163417999999999508e-01,9.234525333333333037e+03
3.215500000000000000e+03,8.478142999999998608e+01,2.981299000000000587e-01,9.292311666666666497e+03
3.225500000000000000e+03,8.467571000000000936e+01,3.025368000000000501e-01,9.350292333333334682e+03
3.235500000000000000e+03,8.476999000000000706e+01,3.134578000000000086e-01,9.408479000000001179e+03
3.245500000000000000e+03,8.476285999999998921e+01,3.066402999999999768e-01,9.466849333333333561e+03
3.255500000000000000e+03,8.483143000000001166e+01,2.988837000000000299e-01,9.525382666666668229e+03
3.265500000000000000e+03,8.486286000000001195e+01,3.100689999999999835e-01,9.584086666666666133e+03
3.275500000000000000e+03,8.484857000000000937e+01,3.011577999999999755e-01,9.642963666666666541e+03
3.285500000000000000e+03,8.477285000000000537e+01,3.048893000000000297e-01,9.702015000000001237e+03
3.295500000000000000e+03,8.501143000000000427e+01,3.177710000000000257e-01,9.761255333333334420e+03
3.305500000000000000e+03,8.489284999999999570e+01,2.999304999999999888e-01,9.820695333333331291e+03
3.315500000000000000e+03,8.475571000000000765e+01,2.992136000000000240e-01,9.880325000000000728e+03
3.325500000000000000e+03,8.479857999999998697e+01,3.107632999999999646e-01,9.940135333333333620e+03
3.335500000000000000e+03,8.486856000000000222e+01,2.992846000000000117e-01,1.000013166666666621e+04
3.345500000000000000e+03,8.493713999999999942e+01,3.024780999999999720e-01,1.006030733333333410e+04
3.355500000000000000e+03,8.489427000000000589e+01,2.963944000000000023e-01,1.012064333333333161e+04
3.365500000000000000e+03,8.467143000000000086e+01,2.930096000000000367e-01,1.018115333333333183e+04
3.375500000000000000e+03,8.490713999999999828e+01,2.943101999999999663e-01,1.024184333333333416e+04
3.385500000000000000e+03,8.489142999999998551e+01,2.937366000000000144e-01,1.030271000000000095e+04
3.395500000000000000e+03,8.496427000000001328e+01,2.809789999999999788e-01,1.036378333333333467e+04
3.405500000000000000e+03,8.485571000000000197e+01,2.922746999999999984e-01,1.042502666666666846e+04
3.415500000000000000e+03,8.501572000000001594e+01,2.887387000000000148e-01,1.048648333333333358e+04
3.425500000000000000e+03,8.499430000000000973e+01,2.929635999999999907e-01,1.054812666666666883e+04
3.435500000000000000e+03,8.495714999999999861e+01,2.902116000000000140e-01,1.060996666666666715e+04
3.445500000000000000e+03,8.501285999999998921e+01,2.856854000000000338e-01,1.067200333333333219e+04
3.455500000000000000e+03,8.492713000000000534e+01,2.786655999999999578e-01,1.073418666666666650e+04
3.465500000000000000e+03,8.511571000000000708e+01,2.941577000000000774e-01,1.079658666666666613e+04
3.475500000000000000e+03,8.498857000000000994e+01,2.909111999999999809e-01,1.085916333333333387e+04
3.485500000000000000e+03,8.504571999999998866e+01,2.869258999999999560e-01,1.092195333333333292e+04
3.495500000000000000e+03,8.498143000000000313e+01,2.860675000000000301e-01,1.098491000000000167e+04
3.505500000000000000e+03,8.500858999999999810e+01,2.899494999999999711e-01,1.104804666666666708e+04
3.515500000000000000e+03,8.499854999999999450e+01,2.731534999999999935e-01,1.111138333333333321e+04
3.525500000000000000e+03,8.508572999999998387e+01,2.852792000000000106e-01,1.117489333333333161e+04
3.535500000000000000e+03,8.529426999999999737e+01,2.851773000000000780e-01,1.123859000000000015e+04
3.545500000000000000e+03,8.507572000000001822e+01,2.625562000000000173e-01,1.130248333333333176e+04
3.555500000000000000e+03,8.506712999999999170e+01,2.770511000000000501e-01,1.136653333333333285e+04
3.565500000000000000e+03,8.511571999999998184e+01,2.647762999999999645e-01,1.143077333333333445e+04
3.575500000000000000e+03,8.510428000000000281e+01,2.814851000000000436e-01,1.149519000000000051e+04
3.585500000000000000e+03,8.499285000000000423e+01,2.796445999999999654e-01,1.155977666666666482e+04
3.595500000000000000e+03,8.512857999999998526e+01,2.759477999999999653e-01,1.162454999999999927e+04
3.605500000000000000e+03,8.492715000000001169e+01,2.796972999999999820e-01,1.168948666666666577e+04
3.615500000000000000e+03,8.497999000000001502e+01,2.735887000000000180e-01,1.175459666666666635e+04
3.625500000000000000e+03,8.509286000000001593e+01,2.698908999999999891e-01,1.181988000000000102e+04
3.635500000000000000e+03,8.503571999999999775e+01,2.780450999999999895e-01,1.188535000000000036e+04
3.645500000000000000e+03,8.499571000000000254e+01,2.693260000000000098e-01,1.195099000000000160e+04
3.655500000000000000e+03,8.520859000000000094e+01,2.706651999999999947e-01,1.201679666666666708e+04
3.665500000000000000e+03,8.506571999999998468e+01,2.763271999999999951e-01,1.208276000000000022e+04
3.675500000000000000e+03,8.519427999999999201e+01,2.781779999999999808e-01,1.214892000000000189e+04
3.685500000000000000e+03,8.486001000000000261e+01,2.663856000000000002e-01,1.221525999999999840e+04
3.695500000000000000e+03,8.504571000000001391e+01,2.626874000000000153e-01,1.228175000000000000e+04
3.705500000000000000e+03,8.528429000000001281e+01,2.592127999999999655e-01,1.234841999999999825e+04
3.715500000000000000e+03,8.502714000000000283e+01,2.718859999999999610e-01,1.241526333333333241e+04
3.725500000000000000e+03,8.506143000000000143e+01,2.695576000000000638e-01,1.248227333333333445e+04
3.735500000000000000e+03,8.507000999999999635e+01,2.723395000000000676e-01,1.254949666666666599e+04
3.745500000000000000e+03,8.505285000000000650e+01,2.583492000000000011e-01,1.261689666666666744e+04
3.755500000000000000e+03,8.507856999999999914e+01,2.552690999999999710e-01,1.268442333333333409e+04
3.765500000000000000e+03,8.511857000000000539e+01,2.694380999999999582e-01,1.275212333333333299e+04
3.775500000000000000e+03,8.502144000000001256e+01,2.581098000000000003e-01,1.281998999999999978e+04
3.785500000000000000e+03,8.517713999999999430e+01,2.562203000000000119e-01,1.288800666666666621e+04
3.795500000000000000e+03,8.530143999999999949e+01,2.637438000000000282e-01,1.295621000000000095e+04
3.805500000000000000e+03,8.522142000000000905e+01,2.871009999999999951e-01,1.302457000000000153e+04
3.815500000000000000e+03,8.516857000000000255e+01,2.715380000000000016e-01,1.309310000000000218e+04
3.825500000000000000e+03,8.517857000000000767e+01,2.678364999999999774e-01,1.316180666666666548e+04
3.835500000000000000e+03,8.500856999999999175e+01,2.689869999999999761e-01,1.323068333333333430e+04
3.845500000000000000e+03,8.503713000000000477e+01,2.728845000000000853e-01,1.329972999999999956e+04
3.855500000000000000e+03,8.527570000000000050e+01,2.676910999999999596e-01,1.336892666666666628e+04
3.865500000000000000e+03,8.522287000000001456e+01,2.756629999999999359e-01,1.343828333333333467e+04
3.875500000000000000e+03,8.530001000000000033e+01,2.678690999999999711e-01,1.350782000000000153e+04
3.885500000000000000e+03,8.509427999999999770e+01,2.628990999999999967e-01,1.357754333333333125e+04
3.895500000000000000e+03,8.518858000000000175e+01,2.486073000000000310e-01,1.364742999999999847e+04
3.905500000000000000e+03,8.512427999999999884e+01,2.615898999999999863e-01,1.371748666666666759e+04
3.915500000000000000e+03,8.502144000000001256e+01,2.773565999999999532e-01,1.378770000000000073e+04
3.925500000000000000e+03,8.521999999999999886e+01,2.864652999999999783e-01,1.385811333333333278e+04
3.935500000000000000e+03,8.517857999999999663e+01,2.463177000000000005e-01,1.392866666666666606e+04
3.945500000000000000e+03,8.532284999999998831e+01,2.592409999999999992e-01,1.399940333333333183e+04
3.955500000000000000e+03,8.522571000000000652e+01,2.618004999999999360e-01,1.407028666666666686e+04
3.965500000000000000e+03,8.518858000000000175e+01,2.682058000000000497e-01,1.414131333333333350e+04
3.975500000000000000e+03,8.514571000000000822e+01,2.772426000000000057e-01,1.421251333333333241e+04
3.985500000000000000e+03,8.506999999999999318e+01,2.591562000000000032e-01,1.428387000000000080e+04
3.995500000000000000e+03,8.507857999999998810e+01,2.589792000000000760e-01,1.435539999999999964e+04
4.005500000000000000e+03,8.520142999999998779e+01,2.617215999999999987e-01,1.442709666666666817e+04
4.015500000000000000e+03,8.521000000000000796e+01,2.909243999999999719e-01,1.449896000000000095e+04
4.025500000000000000e+03,8.516571000000000424e+01,2.598334000000000477e-01,1.457098999999999614e+04
4.035500000000000000e+03,8.508858000000000743e+01,2.520566000000000195e-01,1.464318666666666650e+04
4.045500000000000000e+03,8.518000000000000682e+01,2.657068999999999681e-01,1.471553333333333103e+04
4.055500000000000000e+03,8.511999000000000137e+01,2.611368000000000023e-01,1.478806999999999789e+04
4.065500000000000000e+03,8.509143000000000256e+01,2.558817999999999926e-01,1.486077333333333445e+04
4.075500000000000000e+03,8.526427999999999940e+01,2.594864999999999533e-01,1.493363333333333503e+04
4.085500000000000000e+03,8.512145000000001005e+01,2.585159000000000207e-01,1.500667999999999847e+04
4.095500000000000000e+03,8.520570999999999628e+01,2.530385999999999469e-01,1.507989333333333161e+04
4.105500000000000000e+03,8.509286000000000172e+01,2.461434000000000122e-01,1.515328333333333467e+04
4.115500000000000000e+03,8.523571999999998638e+01,2.561646999999999674e-01,1.522685666666666475e+04
4.125500000000000000e+03,8.509286999999999068e+01,2.419588000000000017e-01,1.530060333333333256e+04
4.135500000000000000e+03,8.525572000000001083e+01,2.583471999999999991e-01,1.537453999999999905e+04
4.145500000000000000e+03,8.518713999999999942e+01,2.438238999999999823e-01,1.544865333333333183e+04
4.155500000000000000e+03,8.503857999999999606e+01,2.661688000000000387e-01,1.552295000000000073e+04
4.165500000000000000e+03,8.497427999999999315e+01,2.429571999999999843e-01,1.559742666666666628e+04
4.175500000000000000e+03,8.495715000000001282e+01,2.568078000000000305e-01,1.567207000000000153e+04
4.185500000000000000e+03,8.511142999999999859e+01,2.578725000000000045e-01,1.574692333333333409e+04
4.195500000000000000e+03,8.511857000000000539e+01,2.456829999999999570e-01,1.582189999999999964e+04
4.205500000000000000e+03,8.520712999999999226e+01,2.574182999999999888e-01,1.589706666666666933e+04
4.215500000000000000e+03,8.502286000000000854e+01,2.671959999999999891e-01,1.597240666666666584e+04
4.225500000000000000e+03,8.499286000000000740e+01,2.585671999999999970e-01,1.604794000000000233e+04
4.235500000000000000e+03,8.506571000000000993e+01,2.371829000000000021e-01,1.612368333333333430e+04
4.245500000000000000e+03,8.504144000000000858e+01,2.503798999999999886e-01,1.619962333333333299e+04
4.255500000000000000e+03,8.516429000000000826e+01,2.492952999999999975e-01,1.627573666666666395e+04
4.265500000000000000e+03,8.525285999999998410e+01,2.366028000000000020e-01,1.635200333333333219e+04
4.275500000000000000e+03,8.515858000000000061e+01,2.581692999999999349e-01,1.642845000000000073e+04
4.285500000000000000e+03,8.521286000000000627e+01,2.428358999999999934e-01,1.650505999999999767e+04
4.295500000000000000e+03,8.523572000000001481e+01,2.535660000000000136e-01,1.658187999999999738e+04
4.305500000000000000e+03,8.525285999999999831e+01,2.506076999999999888e-01,1.665886000000000422e+04
4.315500000000000000e+03,8.533999000000000024e+01,2.413654000000000077e-01,1.673605666666666730e+04
4.325500000000000000e+03,8.506571999999999889e+01,2.384723999999999733e-01,1.681343666666666468e+04
4.335500000000000000e+03,8.536285999999999774e+01,2.400289999999999646e-01,1.689096333333332950e+04
4.345500000000000000e+03,8.535427999999998860e+01,2.417958000000000052e-01,1.696869333333333634e+04
4.355500000000000000e+03,8.538998999999998318e+01,2.518051000000000039e-01,1.704659333333333416e+04
4.365500000000000000e+03,8.513428999999999292e+01,2.618527000000000493e-01,1.712464666666667108e+04
4.375500000000000000e+03,8.513141000000000247e+01,2.548100000000000365e-01,1.720288666666666541e+04
4.385500000000000000e+03,8.525714999999999577e+01,2.410895000000000121e-01,1.728128666666666686e+04
4.395500000000000000e+03,8.527000000000001023e+01,2.424936000000000313e-01,1.735986333333333459e+04
4.405500000000000000e+03,8.521144000000001029e+01,2.433771999999999880e-01,1.743862333333333299e+04
4.415500000000000000e+03,8.519714000000000453e+01,2.478565999999999825e-01,1.751754666666666890e+04
4.425500000000000000e+03,8.528573000000001514e+01,2.445505999999999514e-01,1.759663666666666904e+04
4.435500000000000000e+03,8.529286999999999352e+01,2.345296000000000325e-01,1.767588999999999942e+04
4.445500000000000000e+03,8.526286999999999239e+01,2.344165999999999472e-01,1.775532333333333372e+04
4.455500000000000000e+03,8.531999999999999318e+01,2.266031000000000017e-01,1.783492333333333227e+04
4.465500000000000000e+03,8.540572000000000230e+01,2.351168999999999620e-01,1.791470666666666511e+04
4.475500000000000000e+03,8.520429000000000030e+01,2.358304999999999985e-01,1.799465999999999985e+04
4.485500000000000000e+03,8.509713999999999601e+01,2.351452999999999738e-01,1.807478999999999724e+04
4.495500000000000000e+03,8.530285999999999547e+01,2.306365000000000498e-01,1.815509333333333052e+04
4.505500000000000000e+03,8.530286000000000968e+01,2.247298999999999825e-01,1.823556999999999971e+04
4.515500000000000000e+03,8.547571999999999548e+01,2.326391999999999904e-01,1.831621666666666715e+04
4.525500000000000000e+03,8.547570000000000334e+01,2.381831999999999838e-01,1.839704000000000087e+04
4.535500000000000000e+03,8.527143000000000939e+01,2.366194999999999826e-01,1.847806999999999971e+04
4.545500000000000000e+03,8.512429000000000201e+01,2.291032000000000068e-01,1.855930666666666366e+04
4.555500000000000000e+03,8.526286000000000342e+01,2.263739999999999919e-01,1.864072666666666191e+04
4.565500000000000000e+03,8.535999000000001047e+01,2.346789000000000236e-01,1.872236666666666497e+04
4.575500000000000000e+03,8.566857000000001676e+01,2.298144000000000298e-01,1.880420000000000073e+04
4.585500000000000000e+03,8.537429000000000201e+01,2.343738999999999684e-01,1.888623000000000320e+04
4.595500000000000000e+03,8.550000000000000000e+01,2.304556000000000382e-01,1.896844666666666672e+04
4.605500000000000000e+03,8.523428000000001248e+01,2.314092000000000093e-01,1.905086000000000058e+04
4.615500000000000000e+03,8.537427999999999884e+01,2.233417000000000319e-01,1.913347333333333518e+04
4.625500000000000000e+03,8.547999000000000080e+01,2.226829999999999643e-01,1.921627333333333445e+04
4.635500000000000000e+03,8.535429000000002020e+01,2.243065000000000198e-01,1.929927000000000407e+04
4.645500000000000000e+03,8.554570999999999970e+01,2.319012000000000295e-01,1.938246666666666715e+04
4.655500000000000000e+03,8.535429000000000599e+01,2.223371000000000097e-01,1.946583666666666613e+04
4.665500000000000000e+03,8.531713999999999487e+01,2.274993999999999905e-01,1.954939333333333343e+04
4.675500000000000000e+03,8.543286000000000513e+01,2.373554999999999970e-01,1.963314666666666380e+04
4.685500000000000000e+03,8.537857999999998526e+01,2.266809999999999936e-01,1.971705000000000291e+04
4.695500000000000000e+03,8.536428000000000793e+01,2.412888000000000255e-01,1.980114333333333343e+04
4.705500000000000000e+03,8.526284000000001129e+01,2.351641999999999899e-01,1.988542666666666992e+04
4.715500000000000000e+03,8.538856999999998720e+01,2.252952000000000010e-01,1.996986333333333459e+04
4.725500000000000000e+03,8.533000999999998726e+01,2.347275999999999807e-01,2.005450000000000000e+04
4.735500000000000000e+03,8.558001000000000147e+01,2.187622000000000178e-01,2.013932999999999811e+04
4.745500000000000000e+03,8.542714000000002272e+01,2.418084000000000344e-01,2.022434999999999854e+04
4.755500000000000000e+03,8.540569999999999595e+01,2.256227000000000094e-01,2.030950666666666802e+04
4.765500000000000000e+03,8.534571000000001106e+01,2.324868999999999686e-01,2.039484333333333416e+04
4.775500000000000000e+03,8.542571000000000936e+01,2.335763999999999618e-01,2.048036000000000058e+04
4.785500000000000000e+03,8.550141999999999598e+01,2.252102000000000270e-01,2.056607333333333736e+04
4.795500000000000000e+03,8.552284999999999116e+01,2.266055000000000152e-01,2.065204999999999563e+04
4.805500000000000000e+03,8.541429000000000826e+01,2.350462000000000384e-01,2.073837666666666701e+04
4.815500000000000000e+03,8.552714000000000283e+01,2.299445999999999990e-01,2.082487333333333663e+04
4.825500000000000000e+03,8.549571000000000254e+01,2.249829000000000134e-01,2.091154666666666890e+04
4.835500000000000000e+03,8.552571000000000367e+01,2.361272999999999844e-01,2.099838333333333503e+04
4.845500000000000000e+03,8.543856999999999857e+01,2.396218000000000237e-01,2.108540999999999985e+04
4.855500000000000000e+03,8.552142000000000621e+01,2.438535000000000008e-01,2.117260999999999694e+04
4.865500000000000000e+03,8.543999999999998352e+01,2.379406999999999495e-01,2.126000999999999840e+04
4.875500000000000000e+03,8.552857999999999095e+01,2.312320000000000209e-01,2.134758000000000175e+04
4.885500000000000000e+03,8.534429000000001508e+01,2.356716000000000089e-01,2.143534000000000015e+04
4.895500000000000000e+03,8.548715000000001396e+01,2.435860999999999998e-01,2.152327666666666482e+04
4.905500000000000000e+03,8.538000999999999863e+01,2.289300000000000224e-01,2.161134999999999854e+04
4.915500000000000000e+03,8.544569999999998799e+01,2.329090999999999523e-01,2.169961333333333459e+04
4.925500000000000000e+03,8.549286000000000740e+01,2.446579999999999866e-01,2.178806333333333168e+04
4.935500000000000000e+03,8.558142999999999745e+01,2.305346000000000062e-01,2.187669666666666672e+04
4.945500000000000000e+03,8.547857000000000482e+01,2.394222000000000017e-01,2.196551999999999680e+04
4.955500000000000000e+03,8.552285000000000537e+01,2.320404000000000355e-01,2.205453333333333285e+04
4.965500000000000000e+03,8.538140999999998826e+01,2.317878000000000438e-01,2.214374666666666599e+04
4.975500000000000000e+03,8.550572999999999979e+01,2.393256999999999746e-01,2.223312666666666701e+04
4.985500000000000000e+03,8.546142000000000394e+01,2.322821999999999942e-01,2.232269666666666672e+04
4.995500000000000000e+03,8.547857000000000482e+01,2.306026000000000187e-01,2.241246666666666351e+04
