5.500000000000000000e+00,8.995140000000000668e+01,7.534196000000000026e+01,5.344619033333333075e-02
1.550000000000000000e+01,7.912856000000000734e+01,1.670541000000000054e+01,3.162095999999999796e-01
2.550000000000000000e+01,8.414285999999999888e+01,1.465346999999999866e+01,7.826661666666667738e-01
3.550000000000000000e+01,7.935142999999999347e+01,9.968773999999999802e+00,1.439421666666666821e+00
4.550000000000000000e+01,7.775570000000000448e+01,8.045284000000000546e+00,2.291854999999999976e+00
5.550000000000000000e+01,8.216713000000001443e+01,7.200428999999999746e+00,3.335321666666666740e+00
6.550000000000000000e+01,8.648142000000001417e+01,6.259754000000000040e+00,4.572702333333333868e+00
7.550000000000000000e+01,7.971285999999999206e+01,5.358554999999999957e+00,6.001579333333333821e+00
8.550000000000000000e+01,8.138285999999999376e+01,4.389757000000000353e+00,7.623994999999998967e+00
9.550000000000000000e+01,8.191141999999999257e+01,3.910131999999999497e+00,9.445231333333333978e+00
1.055000000000000000e+02,8.525857000000000596e+01,3.610345999999999833e+00,1.146716666666666740e+01
1.155000000000000000e+02,8.876570000000000960e+01,3.140921999999999326e+00,1.368292999999999893e+01
1.255000000000000000e+02,8.650001000000000317e+01,3.125115999999999783e+00,1.608501000000000047e+01
1.355000000000000000e+02,8.803426999999999225e+01,2.899593999999999561e+00,1.868606333333332969e+01
1.455000000000000000e+02,8.923571999999998638e+01,2.853276999999999841e+00,2.147191999999999723e+01
1.555000000000000000e+02,8.820570999999999628e+01,2.680411000000000321e+00,2.444068999999999647e+01
1.655000000000000000e+02,8.686285000000000878e+01,2.761811999999999934e+00,2.760766666666665969e+01
1.755000000000000000e+02,8.824855999999999767e+01,2.622698999999999891e+00,3.097926333333333559e+01
1.855000000000000000e+02,8.836285999999999774e+01,2.434812999999999672e+00,3.453787999999999414e+01
1.955000000000000000e+02,8.822858000000000800e+01,2.299221000000000181e+00,3.827202000000000481e+01
2.055000000000000000e+02,8.718715000000000259e+01,2.196155000000000079e+00,4.218867666666666594e+01
2.155000000000000000e+02,8.630714000000000397e+01,1.957902999999999949e+00,4.627362000000000819e+01
2.255000000000000000e+02,8.754572000000000287e+01,1.848251000000000088e+00,5.052161333333333459e+01
2.355000000000000000e+02,8.764144000000001711e+01,1.738391000000000020e+00,5.494221000000000288e+01
2.455000000000000000e+02,8.770571999999998525e+01,1.666008000000000155e+00,5.953836666666666133e+01
2.555000000000000000e+02,8.795427000000000817e+01,1.538082999999999867e+00,6.430289000000000499e+01
2.655000000000000000e+02,8.830713000000000079e+01,1.515943999999999958e+00,6.923194333333333361e+01
2.755000000000000000e+02,8.760140000000001237e+01,1.499511000000000038e+00,7.433099333333333902e+01
2.855000000000000000e+02,8.838000999999999863e+01,1.305707999999999869e+00,7.961938333333333162e+01
2.955000000000000000e+02,8.786143000000001280e+01,1.348483999999999794e+00,8.508936666666667747e+01
3.055000000000000000e+02,8.848714000000001079e+01,1.201080800000000171e+00,9.075068333333334181e+01
3.155000000000000000e+02,8.757286000000001991e+01,1.352800999999999920e+00,9.659420333333333986e+01
3.255000000000000000e+02,8.855571000000000481e+01,1.080454000000000025e+00,1.026211966666666768e+02
3.355000000000000000e+02,8.932142000000000337e+01,1.054334799999999905e+00,1.088340333333333376e+02
3.455000000000000000e+02,8.771286999999999523e+01,1.051275100000000018e+00,1.152295999999999765e+02
3.555000000000000000e+02,8.731426999999999339e+01,1.092490499999999809e+00,1.218099000000000132e+02
3.655000000000000000e+02,8.870999999999999375e+01,9.936723000000000638e-01,1.285867000000000075e+02
3.755000000000000000e+02,8.880429000000000883e+01,1.054884599999999839e+00,1.355607333333333315e+02
3.855000000000000000e+02,8.743285000000000196e+01,1.165019599999999933e+00,1.427313666666666450e+02
3.955000000000000000e+02,8.879000000000000625e+01,1.031074199999999941e+00,1.500967333333333329e+02
4.055000000000000000e+02,8.892714999999999748e+01,1.012761200000000139e+00,1.576624999999999943e+02
4.155000000000000000e+02,8.961285999999998353e+01,9.428851999999998679e-01,1.654315999999999747e+02
4.255000000000000000e+02,8.846141000000000076e+01,7.134638000000000924e-01,1.734159666666666908e+02
4.355000000000000000e+02,8.803287000000001683e+01,8.794657000000001279e-01,1.816177000000000135e+02
4.455000000000000000e+02,8.986428999999999689e+01,8.901299000000000294e-01,1.900297999999999661e+02
4.555000000000000000e+02,8.824714000000000169e+01,9.922140999999999877e-01,1.986438999999999737e+02
4.655000000000000000e+02,8.889428999999999803e+01,7.773955999999999644e-01,2.074483333333333519e+02
4.755000000000000000e+02,8.910287999999999897e+01,7.936779999999999946e-01,2.164474666666666849e+02
4.855000000000000000e+02,8.782285999999999149e+01,7.787612000000000423e-01,2.256364333333333434e+02
4.955000000000000000e+02,8.942143000000000086e+01,7.286148999999999543e-01,2.350086666666666702e+02
5.055000000000000000e+02,8.894570000000000221e+01,7.600280999999999842e-01,2.445713999999999828e+02
5.155000000000000000e+02,8.830001000000000033e+01,7.019702999999999360e-01,2.543385333333333165e+02
5.255000000000000000e+02,8.847857000000000482e+01,7.781316000000000344e-01,2.643048666666666691e+02
5.355000000000000000e+02,8.887857999999998526e+01,8.094423000000000590e-01,2.744647666666666623e+02
5.455000000000000000e+02,8.765569999999999595e+01,8.332285000000000386e-01,2.848128333333333444e+02
5.555000000000000000e+02,8.869856999999998948e+01,8.290680999999999745e-01,2.953500999999999408e+02
5.655000000000000000e+02,8.918999999999998352e+01,7.875232000000000898e-01,3.060899666666666690e+02
5.755000000000000000e+02,8.910858000000000345e+01,8.020751000000000408e-01,3.169989666666666608e+02
5.855000000000000000e+02,8.890714999999998724e+01,8.431494000000000488e-01,3.280675666666666643e+02
5.955000000000000000e+02,8.899571000000000254e+01,8.681841000000000141e-01,3.393105666666666593e+02
6.055000000000000000e+02,8.861142999999999859e+01,6.372889999999998834e-01,3.507296000000000049e+02
6.155000000000000000e+02,8.816714999999999236e+01,7.330319000000000695e-01,3.623422999999999661e+02
6.255000000000000000e+02,8.887856999999999630e+01,7.729852999999999863e-01,3.741494666666667399e+02
6.355000000000000000e+02,8.873144000000000631e+01,8.393268999999999869e-01,3.861484000000000378e+02
6.455000000000000000e+02,8.908713000000000193e+01,7.304090000000000860e-01,3.983264666666667040e+02
6.555000000000000000e+02,8.784572000000000003e+01,7.490746999999999822e-01,4.106732333333333145e+02
6.655000000000000000e+02,8.853569999999999141e+01,6.961503999999999470e-01,4.231970999999999776e+02
6.755000000000000000e+02,8.874428000000000338e+01,9.225360000000000227e-01,4.359008666666666727e+02
6.855000000000000000e+02,8.853000000000000114e+01,8.547013999999999445e-01,4.487684666666667113e+02
6.955000000000000000e+02,8.917428999999999917e+01,7.217041000000000706e-01,4.618022666666666964e+02
7.055000000000000000e+02,8.916145000000000209e+01,7.084063999999999917e-01,4.750016666666666652e+02
7.155000000000000000e+02,8.882143000000000654e+01,6.601494999999999447e-01,4.883861999999999171e+02
7.255000000000000000e+02,8.806142000000001246e+01,5.869723000000000024e-01,5.019469333333333338e+02
7.355000000000000000e+02,8.815713999999999828e+01,7.124050000000000660e-01,5.156966333333332386e+02
7.455000000000000000e+02,8.885429000000000599e+01,6.698467999999999645e-01,5.296293333333333067e+02
7.555000000000000000e+02,8.817286000000000001e+01,6.787058999999999731e-01,5.437399666666666462e+02
7.655000000000000000e+02,8.854715000000000202e+01,6.352879999999998528e-01,5.580256666666666661e+02
7.755000000000000000e+02,8.858858000000000743e+01,6.008126999999999773e-01,5.724849999999999000e+02
7.855000000000000000e+02,8.863428999999999292e+01,6.211196999999999413e-01,5.871145999999999958e+02
7.955000000000000000e+02,8.823286000000000229e+01,6.309892999999999752e-01,6.019333999999998923e+02
8.055000000000000000e+02,8.902000999999998498e+01,5.366798999999999875e-01,6.169560666666666293e+02
8.155000000000000000e+02,8.805714000000000397e+01,5.927765000000000395e-01,6.321883333333332757e+02
8.255000000000000000e+02,8.869712999999998715e+01,5.512726999999999489e-01,6.476251666666665869e+02
8.355000000000000000e+02,8.828428999999999860e+01,5.539531000000000871e-01,6.632572000000000116e+02
8.455000000000000000e+02,8.839000000000001478e+01,5.637976000000001209e-01,6.790678999999998950e+02
8.555000000000000000e+02,8.892142999999998665e+01,4.929185999999999845e-01,6.950437666666665564e+02
8.655000000000000000e+02,8.864001000000000374e+01,4.890021999999999980e-01,7.111906999999999925e+02
8.755000000000000000e+02,8.863284999999999059e+01,5.524902999999999897e-01,7.274993000000000620e+02
8.855000000000000000e+02,8.860429000000002020e+01,5.216819000000000317e-01,7.439651666666666188e+02
8.955000000000000000e+02,8.872570999999999231e+01,5.130310999999999622e-01,7.605842333333333727e+02
9.055000000000000000e+02,8.864715000000001055e+01,4.407405999999999824e-01,7.773546333333332541e+02
9.155000000000000000e+02,8.819857000000000369e+01,4.493335999999999442e-01,7.942807999999998856e+02
9.255000000000000000e+02,8.823855999999999256e+01,4.428075999999999679e-01,8.113614000000000033e+02
9.355000000000000000e+02,8.877571000000000367e+01,4.407124999999999515e-01,8.285952666666665891e+02
9.455000000000000000e+02,8.861430000000000007e+01,4.942001000000000310e-01,8.459838999999999487e+02
9.555000000000000000e+02,8.863000000000000966e+01,4.272809999999999664e-01,8.635320666666666511e+02
9.655000000000000000e+02,8.807000000000000739e+01,4.602469000000000143e-01,8.812467000000000326e+02
9.755000000000000000e+02,8.783574999999999022e+01,5.628222999999999976e-01,8.991284666666666681e+02
9.855000000000000000e+02,8.786430000000000007e+01,5.312645999999999757e-01,9.171858999999998332e+02
9.955000000000000000e+02,8.825001000000000317e+01,5.354174999999998796e-01,9.354196333333335360e+02
1.005500000000000000e+03,8.832999999999999829e+01,4.683632999999999269e-01,9.538259333333332961e+02
1.015500000000000000e+03,8.853571999999999775e+01,4.741464000000000789e-01,9.724152000000001408e+02
1.025500000000000000e+03,8.804429000000000372e+01,4.345258000000000176e-01,9.911908333333334440e+02
1.035500000000000000e+03,8.868712999999999624e+01,4.699046000000001166e-01,1.010148233333333337e+03
1.045500000000000000e+03,8.782716000000000633e+01,4.603525999999999452e-01,1.029285633333333408e+03
1.055500000000000000e+03,8.854429000000000372e+01,5.006321000000000243e-01,1.048594999999999800e+03
1.065500000000000000e+03,8.868285999999999092e+01,5.175950000000000273e-01,1.068079666666666753e+03
1.075500000000000000e+03,8.847571000000000652e+01,5.165604999999999780e-01,1.087733999999999924e+03
1.085500000000000000e+03,8.836427000000000476e+01,4.346327999999999858e-01,1.107560666666666748e+03
1.095500000000000000e+03,8.841999000000001274e+01,4.390885999999999956e-01,1.127577666666666573e+03
1.105500000000000000e+03,8.821855999999999653e+01,4.979007000000000294e-01,1.147770999999999958e+03
1.115500000000000000e+03,8.840429000000000315e+01,5.369927000000001005e-01,1.168143333333333203e+03
1.125500000000000000e+03,8.814571999999999719e+01,5.333812000000001108e-01,1.188704999999999927e+03
1.135500000000000000e+03,8.801427999999999940e+01,4.357929000000000386e-01,1.209455000000000155e+03
1.145500000000000000e+03,8.774285000000000423e+01,4.304389999999999605e-01,1.230401000000000067e+03
1.155500000000000000e+03,8.752000999999999920e+01,4.798422999999999439e-01,1.251545333333333474e+03
1.165500000000000000e+03,8.754429999999999268e+01,4.467004999999999448e-01,1.272898000000000138e+03
1.175500000000000000e+03,8.801997000000001492e+01,5.144056000000000184e-01,1.294442999999999984e+03
1.185500000000000000e+03,8.807142000000000337e+01,5.474847000000000463e-01,1.316169333333333498e+03
1.195500000000000000e+03,8.749857000000000085e+01,5.020666000000000295e-01,1.338065333333333228e+03
1.205500000000000000e+03,8.790285000000000082e+01,5.183943999999998109e-01,1.360134333333333188e+03
1.215500000000000000e+03,8.756571999999999889e+01,4.446030000000000260e-01,1.382368999999999915e+03
1.225500000000000000e+03,8.727285000000000537e+01,4.360433999999999699e-01,1.404765333333333274e+03
1.235500000000000000e+03,8.711570000000000391e+01,5.986200000000000410e-01,1.427320666666666511e+03
1.245500000000000000e+03,8.744141999999999371e+01,4.892691000000000123e-01,1.450032333333333327e+03
1.255500000000000000e+03,8.762287000000000603e+01,4.933999000000000024e-01,1.472916666666666515e+03
1.265500000000000000e+03,8.742427999999999599e+01,4.974586000000000285e-01,1.495997333333333245e+03
1.275500000000000000e+03,8.755715000000000714e+01,5.537429000000000379e-01,1.519303000000000111e+03
1.285500000000000000e+03,8.746857000000001392e+01,5.597792999999999797e-01,1.542823333333333267e+03
1.295500000000000000e+03,8.721714000000000055e+01,4.730026000000000508e-01,1.566563999999999851e+03
1.305500000000000000e+03,8.715000999999999465e+01,4.687754999999999006e-01,1.590527000000000044e+03
1.315500000000000000e+03,8.725999000000000194e+01,4.785530999999999535e-01,1.614686666666666724e+03
1.325500000000000000e+03,8.727285000000000537e+01,5.787894999999999568e-01,1.639022666666666510e+03
1.335500000000000000e+03,8.694714000000000453e+01,5.036762000000000183e-01,1.663536666666666861e+03
1.345500000000000000e+03,8.722285999999999717e+01,4.657034000000000451e-01,1.688218999999999824e+03
1.355500000000000000e+03,8.718428000000000111e+01,5.555592999999999781e-01,1.713061000000000149e+03
1.365500000000000000e+03,8.694284000000000390e+01,5.172946999999998852e-01,1.738063000000000102e+03
1.375500000000000000e+03,8.724285999999999319e+01,4.781719999999999859e-01,1.763251333333333150e+03
1.385500000000000000e+03,8.716142000000000678e+01,5.347253000000000700e-01,1.788625666666666802e+03
1.395500000000000000e+03,8.711857999999998015e+01,4.947683000000000497e-01,1.814170000000000073e+03
1.405500000000000000e+03,8.733142000000000849e+01,5.523569999999999869e-01,1.839885333333333620e+03
1.415500000000000000e+03,8.742427999999999599e+01,4.850493000000000166e-01,1.865768000000000029e+03
1.425500000000000000e+03,8.677285999999999433e+01,5.524769000000000485e-01,1.891822666666666919e+03
1.435500000000000000e+03,8.697427999999999315e+01,5.415984000000000353e-01,1.918050999999999931e+03
1.445500000000000000e+03,8.732856999999999914e+01,4.781775999999999804e-01,1.944452666666666801e+03
1.455500000000000000e+03,8.715428999999997473e+01,4.640285999999999578e-01,1.971019666666666581e+03
1.465500000000000000e+03,8.704856999999999800e+01,5.087606000000001183e-01,1.997750666666666802e+03
1.475500000000000000e+03,8.700571999999999662e+01,5.162766000000000854e-01,2.024663666666666813e+03
1.485500000000000000e+03,8.712999999999999545e+01,4.531299999999999772e-01,2.051760666666666566e+03
1.495500000000000000e+03,8.746001000000001113e+01,5.075039999999999552e-01,2.079026000000000295e+03
1.505500000000000000e+03,8.690713999999999828e+01,4.898517000000000010e-01,2.106451333333333423e+03
1.515500000000000000e+03,8.723000000000000398e+01,4.931093999999999755e-01,2.134038333333333412e+03
1.525500000000000000e+03,8.708714000000000510e+01,4.724505999999999983e-01,2.161794999999999618e+03
1.535500000000000000e+03,8.690858999999998957e+01,5.166999000000001008e-01,2.189735000000000127e+03
1.545500000000000000e+03,8.695143000000001621e+01,5.000402999999999931e-01,2.217863666666666631e+03
1.555500000000000000e+03,8.693140999999999963e+01,5.744081000000000881e-01,2.246178666666666686e+03
1.565500000000000000e+03,8.678141999999999712e+01,4.580727000000000548e-01,2.274665333333333365e+03
1.575500000000000000e+03,8.715427999999999997e+01,5.195597999999999050e-01,2.303324000000000069e+03
1.585500000000000000e+03,8.723998999999999171e+01,5.009086000000000372e-01,2.332169666666666672e+03
1.595500000000000000e+03,8.694714000000000453e+01,5.020575999999999928e-01,2.361225666666666712e+03
1.605500000000000000e+03,8.693285999999999092e+01,4.976988999999999441e-01,2.390462333333333390e+03
1.615500000000000000e+03,8.719286999999999921e+01,4.853322999999999388e-01,2.419864666666666380e+03
1.625500000000000000e+03,8.739141999999999655e+01,4.701811999999999658e-01,2.449437666666666246e+03
1.635500000000000000e+03,8.710429999999999495e+01,5.207724999999999715e-01,2.479194333333333361e+03
1.645500000000000000e+03,8.730285999999998126e+01,4.683439999999999825e-01,2.509131333333333714e+03
1.655500000000000000e+03,8.725713999999997839e+01,4.976364999999999261e-01,2.539252999999999702e+03
1.665500000000000000e+03,8.728143000000000029e+01,4.917762999999999995e-01,2.569555666666666639e+03
1.675500000000000000e+03,8.709284999999999854e+01,5.166207000000000438e-01,2.600039999999999964e+03
1.685500000000000000e+03,8.723856999999999573e+01,5.006904999999999273e-01,2.630698666666667123e+03
1.695500000000000000e+03,8.752571000000000367e+01,5.537551000000000556e-01,2.661538999999999760e+03
1.705500000000000000e+03,8.709286000000000172e+01,5.156692000000000498e-01,2.692556666666666388e+03
1.715500000000000000e+03,8.712572000000000116e+01,5.525508000000000086e-01,2.723752333333333354e+03
1.725500000000000000e+03,8.742857999999999663e+01,5.050266000000001032e-01,2.755116000000000440e+03
1.735500000000000000e+03,8.703855999999998971e+01,5.112818999999999559e-01,2.786648333333333539e+03
1.745500000000000000e+03,8.746714000000000055e+01,4.825058000000000957e-01,2.818355333333333419e+03
1.755500000000000000e+03,8.747857999999999379e+01,5.201689999999998815e-01,2.850232666666666319e+03
1.765500000000000000e+03,8.706428999999999974e+01,5.052866999999999775e-01,2.882273333333333539e+03
1.775500000000000000e+03,8.709142000000001360e+01,4.497839000000000143e-01,2.914478333333333467e+03
1.785500000000000000e+03,8.752855999999999881e+01,5.148724000000000078e-01,2.946853000000000065e+03
1.795500000000000000e+03,8.735142000000000451e+01,5.229593000000000158e-01,2.979398333333333539e+03
1.805500000000000000e+03,8.702570000000000050e+01,4.538517999999999719e-01,3.012107333333332917e+03
1.815500000000000000e+03,8.712286999999999182e+01,4.891501999999999795e-01,3.044984333333332870e+03
1.825500000000000000e+03,8.687998000000000332e+01,5.126169999999998783e-01,3.078033666666666250e+03
1.835500000000000000e+03,8.720999000000000478e+01,5.064711999999998993e-01,3.111257333333333918e+03
1.845500000000000000e+03,8.698713999999999658e+01,5.122473999999999084e-01,3.144646000000000640e+03
1.855500000000000000e+03,8.734000000000000341e+01,4.864430000000000698e-01,3.178210666666666839e+03
1.865500000000000000e+03,8.717572000000001253e+01,4.617239000000000759e-01,3.211945666666666511e+03
1.875500000000000000e+03,8.711713000000000306e+01,4.997178999999999927e-01,3.245859333333332870e+03
1.885500000000000000e+03,8.742429999999998813e+01,5.032462000000000879e-01,3.279950333333333219e+03
1.895500000000000000e+03,8.698143000000001734e+01,5.141097000000000028e-01,3.314230999999999767e+03
1.905500000000000000e+03,8.696570999999998719e+01,4.782165999999999917e-01,3.348706333333333987e+03
1.915500000000000000e+03,8.702429000000000769e+01,4.783885000000000498e-01,3.383361333333333278e+03
1.925500000000000000e+03,8.693142000000001701e+01,4.923697999999999686e-01,3.418195666666666511e+03
1.935500000000000000e+03,8.713569999999998572e+01,5.124638999999999722e-01,3.453203333333333376e+03
1.945500000000000000e+03,8.734427999999999770e+01,4.826710999999999641e-01,3.488386666666666770e+03
1.955500000000000000e+03,8.719284999999999286e+01,4.542189999999999839e-01,3.523744666666666944e+03
1.965500000000000000e+03,8.718144000000002336e+01,4.798117999999999550e-01,3.559289333333333161e+03
1.975500000000000000e+03,8.718998999999999455e+01,4.640830000000000233e-01,3.595016999999999825e+03
1.985500000000000000e+03,8.709428000000001191e+01,4.711933000000000371e-01,3.630937999999999647e+03
1.995500000000000000e+03,8.685571999999999093e+01,4.614962000000000231e-01,3.667073666666667123e+03
2.005500000000000000e+03,8.701000000000001933e+01,4.592937000000000269e-01,3.703416333333333569e+03
2.015500000000000000e+03,8.708856000000000108e+01,4.622545000000000681e-01,3.739952666666666573e+03
2.025500000000000000e+03,8.745857999999999777e+01,4.832849000000000173e-01,3.776686666666666042e+03
2.035500000000000000e+03,8.708713000000000193e+01,4.295790999999999360e-01,3.813602000000000317e+03
2.045500000000000000e+03,8.695999999999999375e+01,4.461888999999999994e-01,3.850699000000000524e+03
2.055500000000000000e+03,8.702714000000000283e+01,4.581912000000000207e-01,3.887976333333333514e+03
2.065500000000000000e+03,8.699571000000000254e+01,4.617939999999999823e-01,3.925429666666666890e+03
2.075500000000000000e+03,8.710999000000001047e+01,4.294178000000000717e-01,3.963062333333332845e+03
2.085500000000000000e+03,8.719428999999999519e+01,4.452961999999999199e-01,4.000871666666666897e+03
2.095500000000000000e+03,8.712000000000000455e+01,4.550500000000000655e-01,4.038870666666666693e+03
2.105500000000000000e+03,8.700284000000000617e+01,4.666557000000000066e-01,4.077063999999999851e+03
2.115500000000000000e+03,8.707000999999999635e+01,4.459515000000000562e-01,4.115427333333333081e+03
2.125500000000000000e+03,8.682000000000000739e+01,4.454911000000000287e-01,4.153966000000000349e+03
2.135500000000000000e+03,8.728285999999999945e+01,4.382541999999999827e-01,4.192684333333332688e+03
2.145500000000000000e+03,8.697000999999998783e+01,4.696733000000000158e-01,4.231577999999999520e+03
2.155500000000000000e+03,8.691999999999998749e+01,4.476103000000000165e-01,4.270658333333332848e+03
2.165500000000000000e+03,8.689428000000000907e+01,3.999820000000000042e-01,4.309934333333333598e+03
2.175500000000000000e+03,8.671429000000000542e+01,4.340749999999999886e-01,4.349398666666666031e+03
2.185500000000000000e+03,8.675858000000000914e+01,4.242314999999999836e-01,4.389050000000000182e+03
2.195500000000000000e+03,8.677429999999999666e+01,4.255426999999999960e-01,4.428913000000000466e+03
2.205500000000000000e+03,8.688857999999999038e+01,4.172014999999998919e-01,4.469002000000000407e+03
2.215500000000000000e+03,8.697713999999999146e+01,4.375067999999999735e-01,4.509313666666666904e+03
2.225500000000000000e+03,8.682283999999999935e+01,4.427616999999999803e-01,4.549845000000000255e+03
2.235500000000000000e+03,8.671570999999998719e+01,4.355399999999999272e-01,4.590599333333333561e+03
2.245500000000000000e+03,8.685287000000001001e+01,4.244040999999999508e-01,4.631560333333333801e+03
2.255500000000000000e+03,8.681427999999998235e+01,4.013994000000000173e-01,4.672713000000000648e+03
2.265500000000000000e+03,8.706285999999998637e+01,4.080817999999999945e-01,4.714049333333333379e+03
2.275500000000000000e+03,8.674284000000000106e+01,4.128498999999999919e-01,4.755570666666666511e+03
2.285500000000000000e+03,8.682283999999999935e+01,4.215875999999999513e-01,4.797276333333333241e+03
2.295500000000000000e+03,8.695999999999999375e+01,4.111201000000000438e-01,4.839170000000000073e+03
2.305500000000000000e+03,8.696142999999999290e+01,4.113906000000001062e-01,4.881255666666666002e+03
2.315500000000000000e+03,8.678143000000000029e+01,4.205659999999999954e-01,4.923536333333334369e+03
2.325500000000000000e+03,8.667429000000001338e+01,4.001851999999999632e-01,4.966006999999999607e+03
2.335500000000000000e+03,8.688572000000000628e+01,3.936696000000000084e-01,5.008672333333333881e+03
2.345500000000000000e+03,8.688142000000000564e+01,3.916313999999999629e-01,5.051544666666666672e+03
2.355500000000000000e+03,8.693144000000000915e+01,3.954621999999999860e-01,5.094591666666666242e+03
2.365500000000000000e+03,8.684428999999998666e+01,4.117571999999999899e-01,5.137797333333332972e+03
2.375500000000000000e+03,8.681143000000000143e+01,4.220268999999999826e-01,5.181175333333333583e+03
2.385500000000000000e+03,8.707429999999999382e+01,4.041979999999999462e-01,5.224733666666666068e+03
2.395500000000000000e+03,8.683142999999999745e+01,3.707903000000000171e-01,5.268474333333333561e+03
2.405500000000000000e+03,8.671715000000000373e+01,4.149949000000000554e-01,5.312422333333333881e+03
2.415500000000000000e+03,8.714285000000000991e+01,4.025237000000000398e-01,5.356552666666666482e+03
2.425500000000000000e+03,8.665713999999999828e+01,4.089530000000000109e-01,5.400849000000000160e+03
2.435500000000000000e+03,8.668286000000000513e+01,4.091409999999999769e-01,5.445317333333332499e+03
2.445500000000000000e+03,8.687142000000000053e+01,3.997850000000000015e-01,5.489968666666666650e+03
2.455500000000000000e+03,8.676142000000001531e+01,3.793124999999999969e-01,5.534803333333333285e+03
2.465500000000000000e+03,8.688858000000000459e+01,4.196431000000000466e-01,5.579831666666666933e+03
2.475500000000000000e+03,8.684143000000000256e+01,3.866704000000000252e-01,5.625057666666666591e+03
2.485500000000000000e+03,8.674857000000000085e+01,4.258900999999999937e-01,5.670494666666666490e+03
2.495500000000000000e+03,8.690856000000000847e+01,4.361680000000000557e-01,5.716125333333332492e+03
2.505500000000000000e+03,8.675714999999999577e+01,3.846903999999999879e-01,5.761940333333333911e+03
2.515500000000000000e+03,8.690855999999999426e+01,3.901685000000000292e-01,5.807934333333333598e+03
2.525500000000000000e+03,8.689569999999999084e+01,4.500679999999999126e-01,5.854114666666666380e+03
2.535500000000000000e+03,8.695572000000001367e+01,4.042934999999999723e-01,5.900503333333333103e+03
2.545500000000000000e+03,8.678858999999999924e+01,4.110492000000000035e-01,5.947080333333333328e+03
2.555500000000000000e+03,8.696142000000000394e+01,4.175028000000000072e-01,5.993820666666666511e+03
2.565500000000000000e+03,8.699714999999999065e+01,4.013291000000000497e-01,6.040740666666666584e+03
2.575500000000000000e+03,8.686571000000000708e+01,4.225250999999999868e-01,6.087838999999999942e+03
2.585500000000000000e+03,8.708858000000000743e+01,4.009553999999999618e-01,6.135094999999999345e+03
2.595500000000000000e+03,8.688142999999999461e+01,4.370017999999999958e-01,6.182507666666666410e+03
2.605500000000000000e+03,8.655857000000000312e+01,4.069931000000000521e-01,6.230087333333333845e+03
2.615500000000000000e+03,8.696999999999999886e+01,4.068258000000000152e-01,6.277834333333334143e+03
2.625500000000000000e+03,8.669572000000000855e+01,4.169437000000000282e-01,6.325746000000000095e+03
2.635500000000000000e+03,8.688284999999999059e+01,4.072779999999999734e-01,6.373832666666667137e+03
2.645500000000000000e+03,8.686857999999999436e+01,4.157282000000000477e-01,6.422096999999999753e+03
2.655500000000000000e+03,8.681141999999998404e+01,4.318832000000000226e-01,6.470540666666665857e+03
2.665500000000000000e+03,8.663000000000000966e+01,4.332676000000000305e-01,6.519164666666665653e+03
2.675500000000000000e+03,8.657426999999999850e+01,4.041868000000000127e-01,6.567958666666667341e+03
2.685500000000000000e+03,8.690712999999999511e+01,4.076071000000000000e-01,6.616942000000000007e+03
2.695500000000000000e+03,8.692715000000001169e+01,3.920275000000000287e-01,6.666134000000000015e+03
2.705500000000000000e+03,8.696572000000000457e+01,4.492993000000000126e-01,6.715513000000000829e+03
2.715500000000000000e+03,8.672715000000000884e+01,4.012079000000000062e-01,6.765098666666666759e+03
2.725500000000000000e+03,8.675855000000001382e+01,4.267094999999999638e-01,6.814893333333335249e+03
2.735500000000000000e+03,8.668287000000000830e+01,4.113044000000000144e-01,6.864900666666666439e+03
2.745500000000000000e+03,8.676713000000000875e+01,4.305968999999999491e-01,6.915112333333333481e+03
2.755500000000000000e+03,8.680998999999999910e+01,4.210083000000000020e-01,6.965529333333333852e+03
2.765500000000000000e+03,8.679429000000000372e+01,3.960161999999999294e-01,7.016161666666665042e+03
2.775500000000000000e+03,8.685572000000000514e+01,4.132345000000000046e-01,7.067002000000000407e+03
2.785500000000000000e+03,8.667141999999998347e+01,4.310520999999999381e-01,7.118051333333331968e+03
2.795500000000000000e+03,8.673285000000001332e+01,4.081754999999999134e-01,7.169283999999999651e+03
2.805500000000000000e+03,8.691571000000000424e+01,3.891421999999999937e-01,7.220686666666666497e+03
2.815500000000000000e+03,8.658427999999999258e+01,3.822493999999999614e-01,7.272260333333333620e+03
2.825500000000000000e+03,8.652998999999999796e+01,3.947076999999999947e-01,7.324012666666667428e+03
2.835500000000000000e+03,8.698143999999999210e+01,3.952363999999999322e-01,7.375931000000001404e+03
2.845500000000000000e+03,8.679573000000000604e+01,3.861889000000000016e-01,7.428005999999999403e+03
2.855500000000000000e+03,8.673713999999999658e+01,4.106661999999999813e-01,7.480245666666666693e+03
2.865500000000000000e+03,8.688715000000000543e+01,3.916209999999999414e-01,7.532653666666667050e+03
2.875500000000000000e+03,8.652571000000000367e+01,3.912516000000000327e-01,7.585241666666665878e+03
2.885500000000000000e+03,8.682286000000000570e+01,4.122378000000000431e-01,7.638000666666664983e+03
2.895500000000000000e+03,8.672429000000001054e+01,3.986991999999999758e-01,7.690947000000000116e+03
2.905500000000000000e+03,8.657570000000001187e+01,3.711619999999999919e-01,7.744084666666666635e+03
2.915500000000000000e+03,8.679143999999999437e+01,4.048095999999999917e-01,7.797408999999999651e+03
2.925500000000000000e+03,8.686428999999999689e+01,3.961665000000000325e-01,7.850919333333333270e+03
2.935500000000000000e+03,8.682285999999999149e+01,3.975424000000000180e-01,7.904637999999999010e+03
2.945500000000000000e+03,8.669570000000001642e+01,3.813472000000000528e-01,7.958563666666666904e+03
2.955500000000000000e+03,8.673570999999999742e+01,3.749622000000000233e-01,8.012689333333333707e+03
2.965500000000000000e+03,8.686858000000000857e+01,3.716637000000000413e-01,8.067009333333332506e+03
2.975500000000000000e+03,8.676572000000001594e+01,3.826703000000000188e-01,8.121534333333333961e+03
2.985500000000000000e+03,8.683000000000001251e+01,4.073561000000000543e-01,8.176262999999999010e+03
2.995500000000000000e+03,8.677142999999999518e+01,3.717688000000000104e-01,8.231187000000001717e+03
3.005500000000000000e+03,8.675571000000000765e+01,3.704690999999999956e-01,8.286325666666667530e+03
3.015500000000000000e+03,8.659570999999999685e+01,3.664475999999999845e-01,8.341672000000000480e+03
3.025500000000000000e+03,8.699572000000000571e+01,3.759314999999999740e-01,8.397226333333333969e+03
3.035500000000000000e+03,8.669570000000001642e+01,3.913395999999998986e-01,8.452994000000000597e+03
3.045500000000000000e+03,8.662857999999999947e+01,3.618130000000000512e-01,8.508979666666666162e+03
3.055500000000000000e+03,8.674855999999999767e+01,3.541990000000000416e-01,8.565185333333332892e+03
3.065500000000000000e+03,8.685999999999999943e+01,3.551485999999999810e-01,8.621604000000001179e+03
3.075500000000000000e+03,8.691998999999999853e+01,3.332700000000000107e-01,8.678215333333331728e+03
3.085500000000000000e+03,8.683286000000001081e+01,3.926568000000000280e-01,8.735013666666663994e+03
3.095500000000000000e+03,8.687285999999998864e+01,3.870198999999999723e-01,8.791999666666666599e+03
3.105500000000000000e+03,8.672856000000000165e+01,3.862181999999999560e-01,8.849182666666665682e+03
3.115500000000000000e+03,8.692856000000000449e+01,3.560870999999999897e-01,8.906566999999999098e+03
3.125500000000000000e+03,8.662143000000000370e+01,3.602667999999999981e-01,8.964148333333332630e+03
3.135500000000000000e+03,8.664999999999999147e+01,3.601957999999999549e-01,9.021933000000000902e+03
3.145500000000000000e+03,8.692428999999999917e+01,3.833817000000000474e-01,9.079920666666666875e+03
3.155500000000000000e+03,8.661428000000000793e+01,3.653863000000000527e-01,9.138113333333332776e+03
3.165500000000000000e+03,8.681570999999999572e+01,3.650406999999999957e-01,9.196511000000002241e+03
3.175500000000000000e+03,8.660429000000002020e+01,3.867208000000000312e-01,9.255109000000000378e+03
3.185500000000000000e+03,8.662427999999998462e+01,3.648115999999999581e-01,9.313902666666665027e+03
3.195500000000000000e+03,8.668714000000001363e+01,3.481972000000000400e-01,9.372900999999999840e+03
3.205500000000000000e+03,8.674714000000000169e+01,3.863145000000000051e-01,9.432087999999999738e+03
3.215500000000000000e+03,8.670570999999999628e+01,3.568813000000000679e-01,9.491469666666667763e+03
3.225500000000000000e+03,8.669571000000000538e+01,3.540972000000001119e-01,9.551049666666667690e+03
3.235500000000000000e+03,8.673430000000000462e+01,3.619150999999999896e-01,9.610829333333333125e+03
3.245500000000000000e+03,8.662143000000000370e+01,3.459186999999999679e-01,9.670801000000001295e+03
3.255500000000000000e+03,8.687427999999999884e+01,3.624446000000000057e-01,9.730983666666665158e+03
3.265500000000000000e+03,8.662142000000000053e+01,3.442719000000000196e-01,9.791373333333332994e+03
3.275500000000000000e+03,8.696284999999998888e+01,3.376479000000000008e-01,9.851972999999999956e+03
3.285500000000000000e+03,8.672285000000000821e+01,3.755462999999999996e-01,9.912778000000002066e+03
3.295500000000000000e+03,8.670428000000001134e+01,3.740158000000000094e-01,9.973793666666668287e+03
3.305500000000000000e+03,8.673713999999998236e+01,3.716757000000000533e-01,1.003499533333333238e+04
3.315500000000000000e+03,8.671998999999998148e+01,3.679960999999999371e-01,1.009639500000000044e+04
3.325500000000000000e+03,8.690856999999999744e+01,3.597338999999999953e-01,1.015798733333333257e+04
3.335500000000000000e+03,8.680569999999998743e+01,3.686796999999999991e-01,1.021978333333333467e+04
3.345500000000000000e+03,8.671856999999999971e+01,3.485186999999999591e-01,1.028177000000000044e+04
3.355500000000000000e+03,8.670000000000001705e+01,3.653030000000000443e-01,1.034396000000000095e+04
3.365500000000000000e+03,8.688427999999998974e+01,3.520220000000000016e-01,1.040629999999999927e+04
3.375500000000000000e+03,8.683285000000000764e+01,3.779384000000000077e-01,1.046882000000000153e+04
3.385500000000000000e+03,8.682857000000001335e+01,3.610453000000000134e-01,1.053152000000000044e+04
3.395500000000000000e+03,8.671856999999999971e+01,3.669143000000000265e-01,1.059440999999999985e+04
3.405500000000000000e+03,8.700570999999999344e+01,3.685612999999999806e-01,1.065749000000000160e+04
3.415500000000000000e+03,8.684857000000002358e+01,3.580155999999999894e-01,1.072076333333333241e+04
3.425500000000000000e+03,8.692856999999999346e+01,3.720901999999999821e-01,1.078423333333333358e+04
3.435500000000000000e+03,8.685000999999999749e+01,3.600875000000000048e-01,1.084786999999999898e+04
3.445500000000000000e+03,8.679000999999999522e+01,3.728107999999999977e-01,1.091168999999999869e+04
3.455500000000000000e+03,8.692997999999998626e+01,3.685568000000000177e-01,1.097565999999999985e+04
3.465500000000000000e+03,8.692000000000001592e+01,3.736251999999999351e-01,1.103981333333333532e+04
3.475500000000000000e+03,8.698856000000000677e+01,3.573482000000000047e-01,1.110413333333333321e+04
3.485500000000000000e+03,8.710285999999999262e+01,3.700113999999999903e-01,1.116862666666666701e+04
3.495500000000000000e+03,8.687284999999999968e+01,3.609391999999999601e-01,1.123331666666666570e+04
3.505500000000000000e+03,8.694141999999999371e+01,3.495875000000000510e-01,1.129816666666666606e+04
3.515500000000000000e+03,8.720000000000000284e+01,3.705363000000000406e-01,1.136319333333333270e+04
3.525500000000000000e+03,8.690143000000000484e+01,3.686481000000000341e-01,1.142840666666666584e+04
3.535500000000000000e+03,8.677286999999998329e+01,3.635183000000000719e-01,1.149379666666666708e+04
3.545500000000000000e+03,8.692713999999999430e+01,3.635649000000000242e-01,1.155938999999999760e+04
3.555500000000000000e+03,8.734427999999999770e+01,3.415810000000000235e-01,1.162516666666666788e+04
3.565500000000000000e+03,8.724000999999999806e+01,3.580587000000000630e-01,1.169112666666666701e+04
3.575500000000000000e+03,8.695286000000000115e+01,3.492508999999999753e-01,1.175729333333333489e+04
3.585500000000000000e+03,8.713998999999999739e+01,3.495502000000000331e-01,1.182363333333333139e+04
3.595500000000000000e+03,8.705998999999999910e+01,3.570092999999999739e-01,1.189016333333333387e+04
3.605500000000000000e+03,8.712713999999999714e+01,3.549965999999999400e-01,1.195687666666666701e+04
3.615500000000000000e+03,8.729285000000000139e+01,3.560398999999999647e-01,1.202379666666666526e+04
3.625500000000000000e+03,8.725572000000001083e+01,3.504462999999999329e-01,1.209090333333333183e+04
3.635500000000000000e+03,8.737286000000000286e+01,3.508499000000000478e-01,1.215815666666666766e+04
3.645500000000000000e+03,8.727857000000001619e+01,3.537761999999999851e-01,1.222558666666666613e+04
3.655500000000000000e+03,8.713285000000000480e+01,3.603821999999999859e-01,1.229318333333333430e+04
3.665500000000000000e+03,8.706570000000002096e+01,3.481611999999999485e-01,1.236095000000000073e+04
3.675500000000000000e+03,8.736285999999999774e+01,3.387388999999999539e-01,1.242886666666666679e+04
3.685500000000000000e+03,8.730285999999999547e+01,3.531711000000000711e-01,1.249697333333333336e+04
3.695500000000000000e+03,8.735287000000001001e+01,3.473974000000000228e-01,1.256526666666666642e+04
3.705500000000000000e+03,8.733286999999998557e+01,3.495256999999999947e-01,1.263373666666666759e+04
3.715500000000000000e+03,8.744286999999999921e+01,3.499632000000000298e-01,1.270239666666666562e+04
3.725500000000000000e+03,8.739141999999999655e+01,3.455643000000000464e-01,1.277124666666666599e+04
3.735500000000000000e+03,8.758286999999999978e+01,3.493869000000000002e-01,1.284027999999999884e+04
3.745500000000000000e+03,8.732428999999999064e+01,3.491796999999999818e-01,1.290949999999999818e+04
3.755500000000000000e+03,8.722283999999999082e+01,3.430748000000000131e-01,1.297887666666666701e+04
3.765500000000000000e+03,8.715570999999999913e+01,3.439499000000000306e-01,1.304845333333333292e+04
3.775500000000000000e+03,8.736856000000000222e+01,3.466100999999999765e-01,1.311821000000000095e+04
3.785500000000000000e+03,8.735284000000000049e+01,3.381453999999999849e-01,1.318815333333333183e+04
3.795500000000000000e+03,8.745856999999999459e+01,3.475172999999999734e-01,1.325830666666666548e+04
3.805500000000000000e+03,8.760429000000000599e+01,3.453162000000000176e-01,1.332860666666666475e+04
3.815500000000000000e+03,8.748572999999998956e+01,3.509529999999999594e-01,1.339910333333333256e+04
3.825500000000000000e+03,8.756571999999999889e+01,3.458533000000000301e-01,1.346977999999999884e+04
3.835500000000000000e+03,8.752285999999999433e+01,3.404722000000000026e-01,1.354060666666666839e+04
3.845500000000000000e+03,8.745714000000000965e+01,3.398983999999999894e-01,1.361160666666666839e+04
3.855500000000000000e+03,8.744286999999999921e+01,3.307163000000000186e-01,1.368279666666666708e+04
3.865500000000000000e+03,8.761141999999998120e+01,3.302119000000000026e-01,1.375418999999999869e+04
3.875500000000000000e+03,8.742285000000001105e+01,3.424835999999999991e-01,1.382580333333333328e+04
3.885500000000000000e+03,8.767285000000001105e+01,3.409691999999999723e-01,1.389760000000000036e+04
3.895500000000000000e+03,8.775854999999999961e+01,3.406452999999999842e-01,1.396957666666666591e+04
3.905500000000000000e+03,8.768571999999998923e+01,3.332912000000000097e-01,1.404174666666666781e+04
3.915500000000000000e+03,8.729572000000000287e+01,3.405981000000000147e-01,1.411409666666666817e+04
3.925500000000000000e+03,8.768286000000000513e+01,3.403435000000000210e-01,1.418663333333333139e+04
3.935500000000000000e+03,8.763714000000001647e+01,3.364734999999999809e-01,1.425934666666666817e+04
3.945500000000000000e+03,8.766857999999999151e+01,3.313547000000000020e-01,1.433225000000000000e+04
3.955500000000000000e+03,8.774285999999999319e+01,3.266605999999999677e-01,1.440533000000000175e+04
3.965500000000000000e+03,8.762571000000001220e+01,3.275052999999999992e-01,1.447860333333333256e+04
3.975500000000000000e+03,8.763000999999999863e+01,3.257357000000000169e-01,1.455204999999999927e+04
3.985500000000000000e+03,8.775285999999999831e+01,3.242829000000000406e-01,1.462570666666666511e+04
3.995500000000000000e+03,8.766427999999999088e+01,3.253876999999999464e-01,1.469955000000000291e+04
4.005500000000000000e+03,8.750285999999998410e+01,3.380656000000000216e-01,1.477357333333333372e+04
4.015500000000000000e+03,8.757144999999999868e+01,3.264171999999999629e-01,1.484781333333333350e+04
4.025500000000000000e+03,8.774572000000000571e+01,3.304722999999999966e-01,1.492224666666666781e+04
4.035500000000000000e+03,8.771712999999999738e+01,3.295630999999999422e-01,1.499690333333333183e+04
4.045500000000000000e+03,8.749714000000001590e+01,3.455875999999999948e-01,1.507174333333333561e+04
4.055500000000000000e+03,8.767428999999999917e+01,3.299973999999999963e-01,1.514673666666666759e+04
4.065500000000000000e+03,8.766143000000000995e+01,3.234070000000000000e-01,1.522192333333333045e+04
4.075500000000000000e+03,8.766288000000000125e+01,3.376564000000000232e-01,1.529725666666666802e+04
4.085500000000000000e+03,8.774712000000002377e+01,3.337158000000000069e-01,1.537278999999999905e+04
4.095500000000000000e+03,8.768715000000000259e+01,3.300794999999999702e-01,1.544850666666666802e+04
4.105500000000000000e+03,8.766427999999999088e+01,3.309738999999999876e-01,1.552444666666666672e+04
4.115500000000000000e+03,8.775999999999999091e+01,3.211016999999999899e-01,1.560060999999999694e+04
4.125500000000000000e+03,8.763571000000000311e+01,3.269257999999999886e-01,1.567698999999999978e+04
4.135500000000000000e+03,8.773285999999998808e+01,3.159201999999999844e-01,1.575352999999999884e+04
4.145500000000000000e+03,8.779713000000000989e+01,3.180032000000000414e-01,1.583024666666666417e+04
4.155500000000000000e+03,8.772856999999999061e+01,3.126663999999999555e-01,1.590715999999999985e+04
4.165500000000000000e+03,8.763284999999999059e+01,3.271663000000000210e-01,1.598425333333333219e+04
4.175500000000000000e+03,8.777572000000000685e+01,3.360820999999999392e-01,1.606154666666666708e+04
4.185500000000000000e+03,8.776713999999999771e+01,3.204593000000000025e-01,1.613901333333333241e+04
4.195500000000000000e+03,8.766286000000000911e+01,3.157676999999999845e-01,1.621664333333333161e+04
4.205500000000000000e+03,8.772142999999999802e+01,3.290944000000000091e-01,1.629448333333333176e+04
4.215500000000000000e+03,8.775143999999998812e+01,3.206871999999999501e-01,1.637250000000000000e+04
4.225500000000000000e+03,8.776856999999999687e+01,3.267905999999999866e-01,1.645070333333333110e+04
4.235500000000000000e+03,8.769714999999999350e+01,3.202648000000000161e-01,1.652908666666666250e+04
4.245500000000000000e+03,8.760999000000001047e+01,3.222619000000000455e-01,1.660765000000000146e+04
4.255500000000000000e+03,8.762284999999999968e+01,3.200593000000000465e-01,1.668642333333333227e+04
4.265500000000000000e+03,8.746286000000000627e+01,3.265421999999999492e-01,1.676539666666667108e+04
4.275500000000000000e+03,8.758715000000000828e+01,3.310441000000000078e-01,1.684457333333333008e+04
4.285500000000000000e+03,8.764858000000000970e+01,3.170857999999999732e-01,1.692394333333333634e+04
4.295500000000000000e+03,8.769144000000000005e+01,3.303133000000000319e-01,1.700351666666667006e+04
4.305500000000000000e+03,8.753428999999999860e+01,3.507062999999999708e-01,1.708328666666666322e+04
4.315500000000000000e+03,8.764285000000000991e+01,3.063755999999999702e-01,1.716324666666666599e+04
4.325500000000000000e+03,8.760714000000000112e+01,3.249377000000000515e-01,1.724339999999999782e+04
4.335500000000000000e+03,8.759143000000001678e+01,3.214925999999999062e-01,1.732374666666666599e+04
4.345500000000000000e+03,8.753427999999999543e+01,3.173507999999999329e-01,1.740431000000000131e+04
4.355500000000000000e+03,8.757141999999998916e+01,3.351490999999999221e-01,1.748504666666666890e+04
4.365500000000000000e+03,8.754713000000000989e+01,3.190377999999999825e-01,1.756599666666666599e+04
4.375500000000000000e+03,8.761572000000001026e+01,3.225281999999999871e-01,1.764711999999999898e+04
4.385500000000000000e+03,8.751569999999999538e+01,3.277202000000000170e-01,1.772844333333333634e+04
4.395500000000000000e+03,8.764857000000000653e+01,2.963120000000000198e-01,1.780997333333333518e+04
4.405500000000000000e+03,8.748143000000000313e+01,3.205152999999999475e-01,1.789166666666666788e+04
4.415500000000000000e+03,8.754143999999999437e+01,3.225730000000000541e-01,1.797357666666666773e+04
4.425500000000000000e+03,8.751286000000000342e+01,3.058704000000000423e-01,1.805565999999999985e+04
4.435500000000000000e+03,8.748716000000000292e+01,3.308509000000000033e-01,1.813792666666666628e+04
4.445500000000000000e+03,8.741000999999998555e+01,3.391582000000000763e-01,1.822037333333333299e+04
4.455500000000000000e+03,8.753283999999999310e+01,3.104222000000000370e-01,1.830298999999999796e+04
4.465500000000000000e+03,8.758857000000000426e+01,3.240747999999999962e-01,1.838584333333333416e+04
4.475500000000000000e+03,8.763428000000000395e+01,3.088084000000000384e-01,1.846890666666666948e+04
4.485500000000000000e+03,8.747999999999998977e+01,3.267844999999999778e-01,1.855218666666666832e+04
4.495500000000000000e+03,8.755143999999999949e+01,3.102613000000000176e-01,1.863566666666666424e+04
4.505500000000000000e+03,8.746856999999999971e+01,3.209351999999999761e-01,1.871933333333333212e+04
4.515500000000000000e+03,8.753855000000000075e+01,2.991754000000000357e-01,1.880317333333333227e+04
4.525500000000000000e+03,8.758999000000001445e+01,3.195032999999999346e-01,1.888718333333333067e+04
4.535500000000000000e+03,8.758858000000000743e+01,3.129235999999999684e-01,1.897138666666666541e+04
4.545500000000000000e+03,8.744856999999998948e+01,3.066301000000000165e-01,1.905574333333333198e+04
4.555500000000000000e+03,8.753141999999999712e+01,3.084840999999999833e-01,1.914027333333333445e+04
4.565500000000000000e+03,8.752571999999999264e+01,3.155822000000000349e-01,1.922498333333332994e+04
4.575500000000000000e+03,8.747856999999999061e+01,3.108677000000000246e-01,1.930988000000000102e+04
4.585500000000000000e+03,8.730999999999998806e+01,3.133745000000000003e-01,1.939497000000000116e+04
4.595500000000000000e+03,8.737715000000000032e+01,2.919329999999999981e-01,1.948023999999999796e+04
4.605500000000000000e+03,8.756428999999999974e+01,2.942550999999999917e-01,1.956568666666666832e+04
4.615500000000000000e+03,8.754001000000000943e+01,3.028354000000000323e-01,1.965130666666666730e+04
4.625500000000000000e+03,8.767859000000001402e+01,2.884109999999999729e-01,1.973707999999999811e+04
4.635500000000000000e+03,8.751714999999998668e+01,3.055322999999999789e-01,1.982305666666666366e+04
4.645500000000000000e+03,8.753713999999999373e+01,2.902428000000000230e-01,1.990920000000000437e+04
4.655500000000000000e+03,8.739856999999999232e+01,3.006362000000000201e-01,1.999550666666666802e+04
4.665500000000000000e+03,8.759000999999999237e+01,2.837976000000000387e-01,2.008199666666666599e+04
4.675500000000000000e+03,8.737429000000000201e+01,3.111594000000000304e-01,2.016864333333333343e+04
4.685500000000000000e+03,8.759429000000000087e+01,3.077612000000000125e-01,2.025547666666666555e+04
4.695500000000000000e+03,8.765713999999999828e+01,2.961046999999999985e-01,2.034247333333333154e+04
4.705500000000000000e+03,8.752142999999998096e+01,3.116185999999999678e-01,2.042969666666666672e+04
4.715500000000000000e+03,8.768428000000000111e+01,2.814694999999999836e-01,2.051710333333333256e+04
4.725500000000000000e+03,8.755141999999999314e+01,3.105282000000000320e-01,2.060472333333333518e+04
4.735500000000000000e+03,8.759570999999999685e+01,2.991314999999999946e-01,2.069253666666666686e+04
4.745500000000000000e+03,8.740856999999999744e+01,2.956402999999999670e-01,2.078055333333333328e+04
4.755500000000000000e+03,8.750428999999999746e+01,3.110863000000000378e-01,2.086876666666666642e+04
4.765500000000000000e+03,8.759427999999999770e+01,2.958842999999999890e-01,2.095716999999999825e+04
4.775500000000000000e+03,8.760143000000000768e+01,2.996388999999999858e-01,2.104574333333333198e+04
4.785500000000000000e+03,8.747999999999998977e+01,2.977672999999999570e-01,2.113447333333333154e+04
4.795500000000000000e+03,8.748714999999999975e+01,2.911371999999999849e-01,2.122343666666666468e+04
4.805500000000000000e+03,8.758571999999999491e+01,3.039764999999999828e-01,2.131280999999999767e+04
4.815500000000000000e+03,8.749857000000000085e+01,2.817812000000000094e-01,2.140234666666666453e+04
4.825500000000000000e+03,8.752000000000001023e+01,2.981984000000000301e-01,2.149207999999999811e+04
4.835500000000000000e+03,8.742000000000000171e+01,2.904535999999999230e-01,2.158200666666666439e+04
4.845500000000000000e+03,8.763285999999999376e+01,2.867868999999999557e-01,2.167210666666666657e+04
4.855500000000000000e+03,8.747714999999999463e+01,3.059284999999999921e-01,2.176240666666666948e+04
4.865500000000000000e+03,8.746000000000000796e+01,2.929198999999999553e-01,2.185289333333333343e+04
4.875500000000000000e+03,8.742285000000001105e+01,2.993949999999999667e-01,2.194356999999999971e+04
4.885500000000000000e+03,8.744714000000000453e+01,3.068223999999999951e-01,2.203443000000000029e+04
4.895500000000000000e+03,8.760285999999999262e+01,2.841185000000000516e-01,2.212549333333333198e+04
4.905500000000000000e+03,8.749142000000000507e+01,2.978216000000000752e-01,2.221676333333333241e+04
4.915500000000000000e+03,8.741286999999998386e+01,2.932160000000000322e-01,2.230825333333333401e+04
4.925500000000000000e+03,8.748857999999999890e+01,2.953500000000000569e-01,2.239997333333333154e+04
4.935500000000000000e+03,8.751285000000000025e+01,2.908179000000000736e-01,2.249189666666666744e+04
4.945500000000000000e+03,8.736858000000000857e+01,3.107436999999999561e-01,2.258400999999999840e+04
4.955500000000000000e+03,8.746858000000000288e+01,2.954814000000000052e-01,2.267629333333333489e+04
4.965500000000000000e+03,8.742287000000000319e+01,2.960699999999999998e-01,2.276875333333333401e+04
4.975500000000000000e+03,8.747571999999999548e+01,3.130400999999999323e-01,2.286138666666666541e+04
4.985500000000000000e+03,8.752144000000001256e+01,2.835162999999999989e-01,2.295419000000000233e+04
4.995500000000000000e+03,8.750574000000000296e+01,2.902718000000000242e-01,2.304716666666666788e+04
