5.500000000000000000e+00,8.934425999999999135e+01,7.514716999999998848e+01,5.154702666666667599e-02
1.550000000000000000e+01,8.138857000000000141e+01,1.754462000000000188e+01,3.009784333333332951e-01
2.550000000000000000e+01,8.449285999999999319e+01,1.509208999999999889e+01,7.669234333333333486e-01
3.550000000000000000e+01,7.989856999999999232e+01,1.144674799999999948e+01,1.417796533333333331e+00
4.550000000000000000e+01,8.264856000000000336e+01,8.251021000000001493e+00,2.243303333333333427e+00
5.550000000000000000e+01,8.038285999999999376e+01,7.824600000000001110e+00,3.251249333333332991e+00
6.550000000000000000e+01,8.268998999999999455e+01,6.477254999999999541e+00,4.445499666666666627e+00
7.550000000000000000e+01,8.402857000000000198e+01,5.698134000000000476e+00,5.823147333333333009e+00
8.550000000000000000e+01,8.452428999999999348e+01,5.084746999999999240e+00,7.391361333333333228e+00
9.550000000000000000e+01,8.670428000000001134e+01,4.397360999999999187e+00,9.172340666666666920e+00
1.055000000000000000e+02,8.617141999999999769e+01,4.030707000000000484e+00,1.116312166666666528e+01
1.155000000000000000e+02,8.648569000000000528e+01,3.529375000000000373e+00,1.335891333333333364e+01
1.255000000000000000e+02,8.979856000000000904e+01,3.379285000000000316e+00,1.575087000000000081e+01
1.355000000000000000e+02,8.816141999999999257e+01,3.149441000000000379e+00,1.833807333333333389e+01
1.455000000000000000e+02,8.947713999999999146e+01,2.720968000000000053e+00,2.112837666666666792e+01
1.555000000000000000e+02,9.068999999999999773e+01,3.004201000000000121e+00,2.412053333333333427e+01
1.655000000000000000e+02,8.992430000000001655e+01,2.416934000000000360e+00,2.730873666666666466e+01
1.755000000000000000e+02,8.944428000000000623e+01,2.511608999999999980e+00,3.070196999999999932e+01
1.855000000000000000e+02,8.891998999999999853e+01,2.408900999999999737e+00,3.432886333333333084e+01
1.955000000000000000e+02,8.944857000000000369e+01,2.262785000000000046e+00,3.819738999999999862e+01
2.055000000000000000e+02,9.009284999999999854e+01,1.879204000000000097e+00,4.231766000000000361e+01
2.155000000000000000e+02,8.933714000000000510e+01,1.809849999999999737e+00,4.667280999999999835e+01
2.255000000000000000e+02,8.918570000000001130e+01,1.688130999999999826e+00,5.123873333333333591e+01
2.355000000000000000e+02,8.893144000000000915e+01,1.629265000000000185e+00,5.600926666666666875e+01
2.455000000000000000e+02,8.907142999999999233e+01,1.711927999999999894e+00,6.096916999999999831e+01
2.555000000000000000e+02,8.916858000000000573e+01,1.470212999999999992e+00,6.611670000000000869e+01
2.655000000000000000e+02,9.004715999999999099e+01,1.482553000000000010e+00,7.145473666666666190e+01
2.755000000000000000e+02,8.957285999999999149e+01,1.483550999999999842e+00,7.698561000000000831e+01
2.855000000000000000e+02,9.009571000000001106e+01,1.319748000000000143e+00,8.270802666666666880e+01
2.955000000000000000e+02,8.979286000000001877e+01,1.220520899999999909e+00,8.863823333333333210e+01
3.055000000000000000e+02,8.996855999999999653e+01,1.181069000000000146e+00,9.478234000000001913e+01
3.155000000000000000e+02,8.979573000000002025e+01,1.151336899999999996e+00,1.011281733333333364e+02
3.255000000000000000e+02,9.003285999999999945e+01,1.180400700000000080e+00,1.076716233333333292e+02
3.355000000000000000e+02,9.015429000000000315e+01,1.191599699999999817e+00,1.144035000000000082e+02
3.455000000000000000e+02,9.045714000000000965e+01,1.072245600000000021e+00,1.213313666666666961e+02
3.555000000000000000e+02,9.041142999999999574e+01,1.179366999999999832e+00,1.284538333333333355e+02
3.655000000000000000e+02,9.022715000000000884e+01,1.004398800000000147e+00,1.357594666666666683e+02
3.755000000000000000e+02,8.934856000000000620e+01,1.077424500000000007e+00,1.432553000000000054e+02
3.855000000000000000e+02,9.022999999999998977e+01,1.121091399999999849e+00,1.509386666666666486e+02
3.955000000000000000e+02,9.077284000000000219e+01,1.131768299999999838e+00,1.588149000000000228e+02
4.055000000000000000e+02,9.058426000000000045e+01,1.128207199999999855e+00,1.668851666666666631e+02
4.155000000000000000e+02,8.977855999999999881e+01,1.016968300000000047e+00,1.751594333333333111e+02
4.255000000000000000e+02,9.092286000000000001e+01,9.998419999999998975e-01,1.836316333333333262e+02
4.355000000000000000e+02,9.046286999999999523e+01,9.831149000000000138e-01,1.923113999999999919e+02
4.455000000000000000e+02,9.029857999999998697e+01,9.648206000000000282e-01,2.011862000000000421e+02
4.555000000000000000e+02,9.026286000000000342e+01,9.413135000000000252e-01,2.102685666666666293e+02
4.655000000000000000e+02,9.045428000000001134e+01,1.180500000000000105e+00,2.195686666666666440e+02
4.755000000000000000e+02,9.011999000000000137e+01,9.749366999999999894e-01,2.290669000000000324e+02
4.855000000000000000e+02,9.054857000000001221e+01,1.030143400000000042e+00,2.387636000000000536e+02
4.955000000000000000e+02,9.022427999999999315e+01,1.006534500000000110e+00,2.486664333333333161e+02
5.055000000000000000e+02,9.008856000000000108e+01,1.259201000000000237e+00,2.587796666666666283e+02
5.155000000000000000e+02,9.016855999999999938e+01,9.525107000000000435e-01,2.690699333333333243e+02
5.255000000000000000e+02,9.068143000000000598e+01,1.143602000000000007e+00,2.795514666666666699e+02
5.355000000000000000e+02,9.026430000000000575e+01,1.042111900000000091e+00,2.902479333333333784e+02
5.455000000000000000e+02,9.025999000000000194e+01,1.085297700000000143e+00,3.011662333333333095e+02
5.555000000000000000e+02,9.008286000000001081e+01,1.127900999999999820e+00,3.123217999999999392e+02
5.655000000000000000e+02,9.077998999999998375e+01,1.079385600000000167e+00,3.237086333333333528e+02
5.755000000000000000e+02,8.959572000000000003e+01,1.096640999999999755e+00,3.352950999999999908e+02
5.855000000000000000e+02,9.040856000000000847e+01,1.091342999999999730e+00,3.470912666666666837e+02
5.955000000000000000e+02,9.041857000000000255e+01,1.073294799999999771e+00,3.591000333333332719e+02
6.055000000000000000e+02,9.060714000000000112e+01,1.057740399999999914e+00,3.713116666666666106e+02
6.155000000000000000e+02,9.030429999999999779e+01,1.033394799999999947e+00,3.837393000000000143e+02
6.255000000000000000e+02,9.064712999999998999e+01,1.035627799999999876e+00,3.963856999999999857e+02
6.355000000000000000e+02,9.030142000000000735e+01,1.015547900000000059e+00,4.092620000000000573e+02
6.455000000000000000e+02,9.129285000000000139e+01,9.817023000000000277e-01,4.223434333333333370e+02
6.555000000000000000e+02,9.073143000000000313e+01,1.000466899999999937e+00,4.356342333333333272e+02
6.655000000000000000e+02,9.042714000000000851e+01,1.001931400000000139e+00,4.491390666666666220e+02
6.755000000000000000e+02,9.031713999999999487e+01,9.551026999999999711e-01,4.628527666666666960e+02
6.855000000000000000e+02,9.053571999999999775e+01,9.517784999999999718e-01,4.767709333333333461e+02
6.955000000000000000e+02,9.106000000000000227e+01,9.532312000000000562e-01,4.909015666666666107e+02
7.055000000000000000e+02,9.055857000000000312e+01,9.379259000000000901e-01,5.052269000000000005e+02
7.155000000000000000e+02,9.090287000000000717e+01,9.105663999999998870e-01,5.197362999999999147e+02
7.255000000000000000e+02,9.051286000000001764e+01,9.191656999999999744e-01,5.344360999999998967e+02
7.355000000000000000e+02,9.084999999999999432e+01,9.076351999999998643e-01,5.493218666666666650e+02
7.455000000000000000e+02,9.042715000000001169e+01,8.929957999999998952e-01,5.643921333333333905e+02
7.555000000000000000e+02,9.179143000000001962e+01,9.039191000000000864e-01,5.796517000000000053e+02
7.655000000000000000e+02,9.135286999999998159e+01,8.799899999999999389e-01,5.950998333333334358e+02
7.755000000000000000e+02,9.130287000000001285e+01,8.988813999999999416e-01,6.107481333333333851e+02
7.855000000000000000e+02,9.057428999999999064e+01,8.613951999999999165e-01,6.265979666666665935e+02
7.955000000000000000e+02,9.093145000000001232e+01,8.549509000000000691e-01,6.426351333333334424e+02
8.055000000000000000e+02,9.087856999999999630e+01,8.529626000000000152e-01,6.588591999999998734e+02
8.155000000000000000e+02,9.067856000000000449e+01,8.081221000000000654e-01,6.752518333333334795e+02
8.255000000000000000e+02,9.071000000000000796e+01,8.358858999999998485e-01,6.918248666666667077e+02
8.355000000000000000e+02,9.051999000000000706e+01,8.204128000000000531e-01,7.085967666666666673e+02
8.455000000000000000e+02,9.075857999999999493e+01,8.175471999999999184e-01,7.255584333333333689e+02
8.555000000000000000e+02,9.027714000000000283e+01,8.085429999999999007e-01,7.427191666666665242e+02
8.655000000000000000e+02,9.075284999999999513e+01,8.047989999999998201e-01,7.600808666666666795e+02
8.755000000000000000e+02,9.065713999999999828e+01,7.845385000000000275e-01,7.776250999999999749e+02
8.855000000000000000e+02,9.085571999999999093e+01,7.675016999999999534e-01,7.953450666666666393e+02
8.955000000000000000e+02,9.063145000000000095e+01,7.862038000000000082e-01,8.132441333333333660e+02
9.055000000000000000e+02,9.092714000000000851e+01,7.643463999999999814e-01,8.313415999999999713e+02
9.155000000000000000e+02,9.094572000000000855e+01,7.640071999999999974e-01,8.496455333333333328e+02
9.255000000000000000e+02,9.070286000000000115e+01,7.544456999999999969e-01,8.681578333333334285e+02
9.355000000000000000e+02,9.106000000000000227e+01,7.640594999999998915e-01,8.868688333333333276e+02
9.455000000000000000e+02,9.084144000000000574e+01,7.238328000000000539e-01,9.057776666666666188e+02
9.555000000000000000e+02,9.088286000000000797e+01,7.519402000000001696e-01,9.248751666666667006e+02
9.655000000000000000e+02,9.064000000000000057e+01,7.047991000000000117e-01,9.441530666666665184e+02
9.755000000000000000e+02,9.086429999999998586e+01,7.123323000000000293e-01,9.636157666666665591e+02
9.855000000000000000e+02,9.097285999999999717e+01,7.384764999999999802e-01,9.832757333333332781e+02
9.955000000000000000e+02,9.096143000000000711e+01,7.125588999999999951e-01,1.003144300000000158e+03
1.005500000000000000e+03,9.094427999999997780e+01,7.133471000000000117e-01,1.023188099999999963e+03
1.015500000000000000e+03,9.084857999999999834e+01,7.000359000000001553e-01,1.043414333333333389e+03
1.025500000000000000e+03,9.073571000000001163e+01,6.838265000000000038e-01,1.063830666666666730e+03
1.035500000000000000e+03,9.095714000000000965e+01,6.841340000000000199e-01,1.084424666666666553e+03
1.045500000000000000e+03,9.045142000000001303e+01,6.629636999999999336e-01,1.105205666666666502e+03
1.055500000000000000e+03,9.088571999999999207e+01,6.594245000000000800e-01,1.126183333333333394e+03
1.065500000000000000e+03,9.084427999999999770e+01,6.468517999999999768e-01,1.147355333333333419e+03
1.075500000000000000e+03,9.052286000000000854e+01,6.698178999999999661e-01,1.168702666666666573e+03
1.085500000000000000e+03,9.078857000000002131e+01,6.494384999999999186e-01,1.190215333333333319e+03
1.095500000000000000e+03,9.061287000000000091e+01,6.417815999999999521e-01,1.211915666666666766e+03
1.105500000000000000e+03,9.058142000000000849e+01,6.350458999999999410e-01,1.233825000000000045e+03
1.115500000000000000e+03,9.036572999999999922e+01,6.101407000000000913e-01,1.255943999999999960e+03
1.125500000000000000e+03,9.060142000000000451e+01,6.272993999999999515e-01,1.278275000000000091e+03
1.135500000000000000e+03,9.032428999999999064e+01,6.179333999999999660e-01,1.300811999999999898e+03
1.145500000000000000e+03,9.061429000000001110e+01,6.014920999999999740e-01,1.323545999999999822e+03
1.155500000000000000e+03,9.067001000000000488e+01,6.157546000000000408e-01,1.346483666666666750e+03
1.165500000000000000e+03,9.037999999999999545e+01,6.028414000000000827e-01,1.369630999999999858e+03
1.175500000000000000e+03,9.053144000000000347e+01,6.089367000000001084e-01,1.392970333333333429e+03
1.185500000000000000e+03,9.058142999999999745e+01,5.968111999999999862e-01,1.416494999999999891e+03
1.195500000000000000e+03,9.036428999999999689e+01,5.921043000000001388e-01,1.440200999999999794e+03
1.205500000000000000e+03,9.053143000000000029e+01,5.682916000000000079e-01,1.464083333333333485e+03
1.215500000000000000e+03,9.038856000000001245e+01,5.850521000000000749e-01,1.488138999999999669e+03
1.225500000000000000e+03,9.048141999999999996e+01,5.723520999999999193e-01,1.512385333333333165e+03
1.235500000000000000e+03,9.024141000000000190e+01,5.684341000000000532e-01,1.536843666666666422e+03
1.245500000000000000e+03,9.026572000000001594e+01,5.708960999999999064e-01,1.561511666666666770e+03
1.255500000000000000e+03,9.039856999999999232e+01,5.405223000000000111e-01,1.586372000000000071e+03
1.265500000000000000e+03,9.055855999999999995e+01,5.468177000000000731e-01,1.611420000000000073e+03
1.275500000000000000e+03,9.040143000000000484e+01,5.357264999999999944e-01,1.636660000000000082e+03
1.285500000000000000e+03,9.049712999999999852e+01,5.414757000000000042e-01,1.662088000000000193e+03
1.295500000000000000e+03,9.041142999999999574e+01,5.328161000000000147e-01,1.687712999999999738e+03
1.305500000000000000e+03,9.049715999999997962e+01,5.537886999999999116e-01,1.713540666666666539e+03
1.315500000000000000e+03,9.046000000000000796e+01,5.340167000000000108e-01,1.739576666666666597e+03
1.325500000000000000e+03,9.026572000000001594e+01,5.348539000000001042e-01,1.765810000000000173e+03
1.335500000000000000e+03,9.025998999999998773e+01,5.286653999999999520e-01,1.792238000000000056e+03
1.345500000000000000e+03,9.043285000000000196e+01,5.128241000000001160e-01,1.818846000000000231e+03
1.355500000000000000e+03,9.041713999999998919e+01,5.100428000000001294e-01,1.845633666666666159e+03
1.365500000000000000e+03,9.053999999999999204e+01,4.981663000000000063e-01,1.872627333333333354e+03
1.375500000000000000e+03,9.019998999999999967e+01,5.353833999999999538e-01,1.899832333333333281e+03
1.385500000000000000e+03,9.031573000000000206e+01,5.395799000000000012e-01,1.927242333333333136e+03
1.395500000000000000e+03,9.054285000000001560e+01,5.075560000000000072e-01,1.954855333333333419e+03
1.405500000000000000e+03,9.026427000000001044e+01,5.723388000000000364e-01,1.982660333333333256e+03
1.415500000000000000e+03,9.031142000000001246e+01,5.563299999999999912e-01,2.010662666666666382e+03
1.425500000000000000e+03,9.052855999999999881e+01,4.795670999999999684e-01,2.038862333333333709e+03
1.435500000000000000e+03,9.040142000000000166e+01,5.720258000000000287e-01,2.067278333333333194e+03
1.445500000000000000e+03,9.051998999999999285e+01,5.228508000000000600e-01,2.095913666666666813e+03
1.455500000000000000e+03,9.042856000000000449e+01,6.010587999999998932e-01,2.124770333333333383e+03
1.465500000000000000e+03,9.024714999999999065e+01,5.978296000000000721e-01,2.153845333333333201e+03
1.475500000000000000e+03,9.018286000000000513e+01,6.294391000000001402e-01,2.183153666666666140e+03
1.485500000000000000e+03,9.032570999999998662e+01,6.361150999999999334e-01,2.212702666666667028e+03
1.495500000000000000e+03,9.064855000000000018e+01,6.265927999999999498e-01,2.242485999999999876e+03
1.505500000000000000e+03,9.038143999999999778e+01,6.304863000000000550e-01,2.272493333333333794e+03
1.515500000000000000e+03,9.052999999999998693e+01,6.291498999999999286e-01,2.302732333333333372e+03
1.525500000000000000e+03,9.053570999999999458e+01,6.496948999999999641e-01,2.333170333333333019e+03
1.535500000000000000e+03,9.048855000000000359e+01,6.646050000000000013e-01,2.363805666666666184e+03
1.545500000000000000e+03,9.039000000000000057e+01,6.643206000000000389e-01,2.394624000000000251e+03
1.555500000000000000e+03,9.069570000000000221e+01,6.429506999999999861e-01,2.425618666666666741e+03
1.565500000000000000e+03,9.039858000000000970e+01,6.641520000000001867e-01,2.456791333333333569e+03
1.575500000000000000e+03,9.046001000000001113e+01,5.982270000000000643e-01,2.488159999999999854e+03
1.585500000000000000e+03,9.050285999999998410e+01,6.492096000000000533e-01,2.519740666666667039e+03
1.595500000000000000e+03,9.059570000000000789e+01,6.245148000000001476e-01,2.551545666666666420e+03
1.605500000000000000e+03,9.063285999999999376e+01,6.326211999999999946e-01,2.583566666666666606e+03
1.615500000000000000e+03,9.053285999999999945e+01,6.510344999999999605e-01,2.615801000000000386e+03
1.625500000000000000e+03,9.053714999999999691e+01,6.313102000000000436e-01,2.648254333333333307e+03
1.635500000000000000e+03,9.059286000000000172e+01,6.297915000000000596e-01,2.680913666666666813e+03
1.645500000000000000e+03,9.066429999999999723e+01,6.069244000000000305e-01,2.713766000000000076e+03
1.655500000000000000e+03,9.060999999999998522e+01,6.266735999999999418e-01,2.746800000000000182e+03
1.665500000000000000e+03,9.067143000000000086e+01,6.119919999999999805e-01,2.780046333333333223e+03
1.675500000000000000e+03,9.080857999999999208e+01,6.184366999999999504e-01,2.813500000000000000e+03
1.685500000000000000e+03,9.071000999999999692e+01,6.195914000000000144e-01,2.847153000000000247e+03
1.695500000000000000e+03,9.068000999999999578e+01,6.090856000000000048e-01,2.881004333333333307e+03
1.705500000000000000e+03,9.050858000000000914e+01,5.747166999999999693e-01,2.915044999999999618e+03
1.715500000000000000e+03,9.052998999999999796e+01,6.042787000000001685e-01,2.949291999999999916e+03
1.725500000000000000e+03,9.074284000000000106e+01,6.112716000000000260e-01,2.983748666666666395e+03
1.735500000000000000e+03,9.062286000000000286e+01,6.009826000000000334e-01,3.018407333333333554e+03
1.745500000000000000e+03,9.071288000000001261e+01,5.960216000000000403e-01,3.053245666666666693e+03
1.755500000000000000e+03,9.040997999999999024e+01,6.062588999999999340e-01,3.088254000000000360e+03
1.765500000000000000e+03,9.089142999999998551e+01,5.862217000000000677e-01,3.123436000000000149e+03
1.775500000000000000e+03,9.045856999999999459e+01,5.868523999999999408e-01,3.158829999999999927e+03
1.785500000000000000e+03,9.049571999999999150e+01,5.884345999999999188e-01,3.194438999999999851e+03
1.795500000000000000e+03,9.043285999999999092e+01,5.770506999999998055e-01,3.230259999999999764e+03
1.805500000000000000e+03,9.062712999999999397e+01,5.801581000000000099e-01,3.266301666666667188e+03
1.815500000000000000e+03,9.055999999999998806e+01,5.845855999999999275e-01,3.302553999999999178e+03
1.825500000000000000e+03,9.077142000000000621e+01,5.707775999999998850e-01,3.339014000000000124e+03
1.835500000000000000e+03,9.053430000000000177e+01,5.698042000000000940e-01,3.375672666666666828e+03
1.845500000000000000e+03,9.050714000000002102e+01,5.705493000000000370e-01,3.412529333333333398e+03
1.855500000000000000e+03,9.067714999999999748e+01,5.620850000000000568e-01,3.449570999999999913e+03
1.865500000000000000e+03,9.069857999999999265e+01,5.613649000000000555e-01,3.486782666666666955e+03
1.875500000000000000e+03,9.079573000000002025e+01,5.606820000000000137e-01,3.524171666666666624e+03
1.885500000000000000e+03,9.082429999999999382e+01,5.666774999999999451e-01,3.561739333333333434e+03
1.895500000000000000e+03,9.079427999999998633e+01,5.645890000000000075e-01,3.599502333333332899e+03
1.905500000000000000e+03,9.076856999999998266e+01,5.563074999999999548e-01,3.637466333333332841e+03
1.915500000000000000e+03,9.085571000000000197e+01,5.521061999999999914e-01,3.675617000000000644e+03
1.925500000000000000e+03,9.069142000000000792e+01,5.464995000000000269e-01,3.713948666666666213e+03
1.935500000000000000e+03,9.087286000000000286e+01,5.439131999999999856e-01,3.752466999999999643e+03
1.945500000000000000e+03,9.071715000000000373e+01,5.459403999999999924e-01,3.791168333333333521e+03
1.955500000000000000e+03,9.100713000000000363e+01,5.463630999999999904e-01,3.830060000000000400e+03
1.965500000000000000e+03,9.077573000000001002e+01,5.377389000000000197e-01,3.869153999999999542e+03
1.975500000000000000e+03,9.072999999999998977e+01,5.337856999999999186e-01,3.908444000000000415e+03
1.985500000000000000e+03,9.075284999999999513e+01,5.387912999999999730e-01,3.947909666666667363e+03
1.995500000000000000e+03,9.088572000000000628e+01,5.201629000000000946e-01,3.987548333333333630e+03
2.005500000000000000e+03,9.076000999999999408e+01,5.351510000000000433e-01,4.027376666666666097e+03
2.015500000000000000e+03,9.069000000000001194e+01,5.282145999999999786e-01,4.067385999999999967e+03
2.025500000000000000e+03,9.103713999999999373e+01,5.264897999999998968e-01,4.107578999999999724e+03
2.035500000000000000e+03,9.071287999999999840e+01,5.221779000000000837e-01,4.147972999999999956e+03
2.045500000000000000e+03,9.070286000000000115e+01,5.253410000000000579e-01,4.188574999999999818e+03
2.055500000000000000e+03,9.098856000000000677e+01,5.220495000000000552e-01,4.229385666666666111e+03
2.065500000000000000e+03,9.092428999999999917e+01,5.187678000000000011e-01,4.270401333333333241e+03
2.075500000000000000e+03,9.104286999999999352e+01,5.139603999999999839e-01,4.311620000000000800e+03
2.085500000000000000e+03,9.088571000000001732e+01,5.210810999999999638e-01,4.353032666666666955e+03
2.095500000000000000e+03,9.096286999999999523e+01,5.172761000000000164e-01,4.394638000000000829e+03
2.105500000000000000e+03,9.098998999999999171e+01,5.091658999999999491e-01,4.436426666666667188e+03
2.115500000000000000e+03,9.099428999999999235e+01,5.038908000000000831e-01,4.478390666666667130e+03
2.125500000000000000e+03,9.092428000000001020e+01,4.920228999999999853e-01,4.520530333333333147e+03
2.135500000000000000e+03,9.099428999999999235e+01,4.950558999999999377e-01,4.562849333333333561e+03
2.145500000000000000e+03,9.101573000000000491e+01,5.027578000000000324e-01,4.605363666666666177e+03
2.155500000000000000e+03,9.101287000000000660e+01,4.836266000000000176e-01,4.648101333333333969e+03
2.165500000000000000e+03,9.098713999999998236e+01,4.925213000000000507e-01,4.691037666666666155e+03
2.175500000000000000e+03,9.100427999999999429e+01,4.838478999999999419e-01,4.734164333333334071e+03
2.185500000000000000e+03,9.087999000000000649e+01,4.994123000000000312e-01,4.777492333333333590e+03
2.195500000000000000e+03,9.083286999999998557e+01,4.903072000000000541e-01,4.821032333333333554e+03
2.205500000000000000e+03,9.101286000000000342e+01,4.897399999999999531e-01,4.864786333333333459e+03
2.215500000000000000e+03,9.086857000000000539e+01,4.853356999999999810e-01,4.908739666666666380e+03
2.225500000000000000e+03,9.103285999999999945e+01,4.819065999999999628e-01,4.952884333333333416e+03
2.235500000000000000e+03,9.088997000000000526e+01,4.814455999999999736e-01,4.997227999999999156e+03
2.245500000000000000e+03,9.095284999999999798e+01,4.787789000000000073e-01,5.041768333333333430e+03
2.255500000000000000e+03,9.094431000000000154e+01,4.749953999999999565e-01,5.086510000000000218e+03
2.265500000000000000e+03,9.101142000000000110e+01,4.763367000000000573e-01,5.131455333333333328e+03
2.275500000000000000e+03,9.096428000000000225e+01,4.666881999999999975e-01,5.176603000000000975e+03
2.285500000000000000e+03,9.108713000000000193e+01,4.698290000000001077e-01,5.221942333333332499e+03
2.295500000000000000e+03,9.102145000000000152e+01,4.674369999999999914e-01,5.267483666666666977e+03
2.305500000000000000e+03,9.091715000000000657e+01,4.640083999999999875e-01,5.313222666666666555e+03
2.315500000000000000e+03,9.092999999999999261e+01,4.737031999999999909e-01,5.359144666666667035e+03
2.325500000000000000e+03,9.092142000000001190e+01,4.713474000000000830e-01,5.405242666666666992e+03
2.335500000000000000e+03,9.094857999999997844e+01,4.646787000000000001e-01,5.451515666666667130e+03
2.345500000000000000e+03,9.097712999999998829e+01,4.590892000000000306e-01,5.497978666666665958e+03
2.355500000000000000e+03,9.099285999999999319e+01,4.591791000000000622e-01,5.544635000000000218e+03
2.365500000000000000e+03,9.100000000000000000e+01,4.626651999999998877e-01,5.591484999999999673e+03
2.375500000000000000e+03,9.109141999999999939e+01,4.535884999999999501e-01,5.638516999999999825e+03
2.385500000000000000e+03,9.102712999999998544e+01,4.659349999999999881e-01,5.685743999999998778e+03
2.395500000000000000e+03,9.100428999999999746e+01,4.595183999999999935e-01,5.733167666666666264e+03
2.405500000000000000e+03,9.105142999999999631e+01,4.443249999999999700e-01,5.780780666666667457e+03
2.415500000000000000e+03,9.095571999999999946e+01,4.489944000000000157e-01,5.828620000000000800e+03
2.425500000000000000e+03,9.104570999999999970e+01,4.485654000000000030e-01,5.876684333333333598e+03
2.435500000000000000e+03,9.095428000000001134e+01,4.571280000000000898e-01,5.924952333333332717e+03
2.445500000000000000e+03,9.100142999999999915e+01,4.502138000000000528e-01,5.973425999999999476e+03
2.455500000000000000e+03,9.105285000000000650e+01,4.442401000000000266e-01,6.022077333333332717e+03
2.465500000000000000e+03,9.100715999999999894e+01,4.429100000000000259e-01,6.070900333333333037e+03
2.475500000000000000e+03,9.093999999999999773e+01,4.447160999999999476e-01,6.119927333333332172e+03
2.485500000000000000e+03,9.096144000000001029e+01,4.422211999999999810e-01,6.169191666666667516e+03
2.495500000000000000e+03,9.107855999999999597e+01,4.418868999999999714e-01,6.218663333333332957e+03
2.505500000000000000e+03,9.105715000000000714e+01,4.402279000000000053e-01,6.268318999999999505e+03
2.515500000000000000e+03,9.106856999999999402e+01,4.381635000000000391e-01,6.318173999999999978e+03
2.525500000000000000e+03,9.111000999999998839e+01,4.391457999999999195e-01,6.368241333333333387e+03
2.535500000000000000e+03,9.094143000000001109e+01,4.441898000000000235e-01,6.418496333333333496e+03
2.545500000000000000e+03,9.096999000000000990e+01,4.385613000000000428e-01,6.468933666666667705e+03
2.555500000000000000e+03,9.105570000000001585e+01,4.370010000000000838e-01,6.519564000000000306e+03
2.565500000000000000e+03,9.093856999999999857e+01,4.394325999999999510e-01,6.570405666666665638e+03
2.575500000000000000e+03,9.106571999999999889e+01,4.313545000000000296e-01,6.621447000000000116e+03
2.585500000000000000e+03,9.104713999999999885e+01,4.298103000000000340e-01,6.672685000000000400e+03
2.595500000000000000e+03,9.103141999999999712e+01,4.279306999999999417e-01,6.724145999999998821e+03
2.605500000000000000e+03,9.102286000000000854e+01,4.414902000000000548e-01,6.775802333333333081e+03
2.615500000000000000e+03,9.104571000000001391e+01,4.247847000000000151e-01,6.827629999999999200e+03
2.625500000000000000e+03,9.102714999999997758e+01,4.259210999999999414e-01,6.879639999999999418e+03
2.635500000000000000e+03,9.103713999999999373e+01,4.216171000000000224e-01,6.931836333333332732e+03
2.645500000000000000e+03,9.090856999999998322e+01,4.275010000000000199e-01,6.984222666666666555e+03
2.655500000000000000e+03,9.102142999999999518e+01,4.272869000000000250e-01,7.036791666666666970e+03
2.665500000000000000e+03,9.103999999999999204e+01,4.346873999999999461e-01,7.089540333333333365e+03
2.675500000000000000e+03,9.106570999999999572e+01,4.279543000000000097e-01,7.142477333333333263e+03
2.685500000000000000e+03,9.099285000000000423e+01,4.262831000000000259e-01,7.195612333333333481e+03
2.695500000000000000e+03,9.097142999999999802e+01,4.311468000000000522e-01,7.248945666666666511e+03
2.705500000000000000e+03,9.096572000000000457e+01,4.196554000000000118e-01,7.302486333333334187e+03
2.715500000000000000e+03,9.106857999999999720e+01,4.189420000000000366e-01,7.356233666666665158e+03
2.725500000000000000e+03,9.098570999999999742e+01,4.229357999999999729e-01,7.410186999999999898e+03
2.735500000000000000e+03,9.106430000000000291e+01,4.194722999999999646e-01,7.464347999999999956e+03
2.745500000000000000e+03,9.110572000000000514e+01,4.183525999999999634e-01,7.518717666666666446e+03
2.755500000000000000e+03,9.099427999999998917e+01,4.117517999999999456e-01,7.573296666666667079e+03
2.765500000000000000e+03,9.101999999999999602e+01,4.221689000000000691e-01,7.628086999999999534e+03
2.775500000000000000e+03,9.101570999999999856e+01,4.127675000000000094e-01,7.683074333333333016e+03
2.785500000000000000e+03,9.097001000000000204e+01,4.102354000000000278e-01,7.738279333333332033e+03
2.795500000000000000e+03,9.104855999999998062e+01,4.137415999999999872e-01,7.793708666666667341e+03
2.805500000000000000e+03,9.103713999999999373e+01,4.214186999999999794e-01,7.849336999999999534e+03
2.815500000000000000e+03,9.101571999999998752e+01,4.045970999999999873e-01,7.905172666666667283e+03
2.825500000000000000e+03,9.104857000000001221e+01,4.084965000000000401e-01,7.961219333333332543e+03
2.835500000000000000e+03,9.103286999999998841e+01,4.077757000000000187e-01,8.017458000000001448e+03
2.845500000000000000e+03,9.098715000000001396e+01,4.134664000000000117e-01,8.073892333333334136e+03
2.855500000000000000e+03,9.102855999999999881e+01,4.161278999999999395e-01,8.130518666666665922e+03
2.865500000000000000e+03,9.100856999999999175e+01,4.054551000000000127e-01,8.187328333333332921e+03
2.875500000000000000e+03,9.098000000000000398e+01,4.084955000000000114e-01,8.244317333333332499e+03
2.885500000000000000e+03,9.105143000000001052e+01,4.016712000000000060e-01,8.301491333333331568e+03
2.895500000000000000e+03,9.102998999999999796e+01,4.017860999999999794e-01,8.358857666666666773e+03
2.905500000000000000e+03,9.101714999999998668e+01,4.021964999999999568e-01,8.416420333333333474e+03
2.915500000000000000e+03,9.098713999999998236e+01,4.019586000000000547e-01,8.474179333333335308e+03
2.925500000000000000e+03,9.102284999999999116e+01,4.016849999999999588e-01,8.532125333333333401e+03
2.935500000000000000e+03,9.099571000000000254e+01,3.975254999999999761e-01,8.590263333333332412e+03
2.945500000000000000e+03,9.101715000000000089e+01,4.001145999999999314e-01,8.648592666666665536e+03
2.955500000000000000e+03,9.093428000000000111e+01,3.999266000000000210e-01,8.707119000000000597e+03
2.965500000000000000e+03,9.094856999999998948e+01,4.054287999999999781e-01,8.765845666666666148e+03
2.975500000000000000e+03,9.096999999999999886e+01,3.950787999999999522e-01,8.824763666666667632e+03
2.985500000000000000e+03,9.104001000000000943e+01,3.900622000000000256e-01,8.883878666666667414e+03
2.995500000000000000e+03,9.100000999999998896e+01,3.974706000000000072e-01,8.943182333333332281e+03
3.005500000000000000e+03,9.095570999999999628e+01,3.989402999999999699e-01,9.002670666666666875e+03
3.015500000000000000e+03,9.100001000000000317e+01,3.949812999999999796e-01,9.062369999999998981e+03
3.025500000000000000e+03,9.093858000000001596e+01,3.972229999999999928e-01,9.122286000000001877e+03
3.035500000000000000e+03,9.097142999999999802e+01,3.924172999999999689e-01,9.182424666666667690e+03
3.045500000000000000e+03,9.099857000000001506e+01,3.947098000000000551e-01,9.242776333333333241e+03
3.055500000000000000e+03,9.095570999999999628e+01,3.922812000000000521e-01,9.303323000000000320e+03
3.065500000000000000e+03,9.099142000000000507e+01,3.928599000000000396e-01,9.364072000000000116e+03
3.075500000000000000e+03,9.095572000000001367e+01,3.936836000000000224e-01,9.425024999999997817e+03
3.085500000000000000e+03,9.101569999999999538e+01,3.908929999999999905e-01,9.486179999999998472e+03
3.095500000000000000e+03,9.103571000000000879e+01,3.888435000000000086e-01,9.547535333333331437e+03
3.105500000000000000e+03,9.107142000000000337e+01,3.927060000000000550e-01,9.609100333333331946e+03
3.115500000000000000e+03,9.094714000000001874e+01,3.882824000000000275e-01,9.670885999999998603e+03
3.125500000000000000e+03,9.096713999999998634e+01,3.913211999999999802e-01,9.732891666666666424e+03
3.135500000000000000e+03,9.096286000000000627e+01,3.896843000000000390e-01,9.795095000000001164e+03
3.145500000000000000e+03,9.100857999999999493e+01,3.863883999999999652e-01,9.857482333333333372e+03
3.155500000000000000e+03,9.102428000000000452e+01,3.839325999999999572e-01,9.920069333333332906e+03
3.165500000000000000e+03,9.095141999999999882e+01,3.801950000000000607e-01,9.982863333333332776e+03
3.175500000000000000e+03,9.105428000000000566e+01,3.848127999999999549e-01,1.004582399999999870e+04
3.185500000000000000e+03,9.102142999999999518e+01,3.865776999999999686e-01,1.010900766666666641e+04
3.195500000000000000e+03,9.095714999999999861e+01,3.889779000000000431e-01,1.017241233333333366e+04
3.205500000000000000e+03,9.099998999999999683e+01,3.787230000000000318e-01,1.023603333333333103e+04
3.215500000000000000e+03,9.104428000000000054e+01,3.855880999999999892e-01,1.029979666666666708e+04
3.225500000000000000e+03,9.100142999999999915e+01,3.854547999999999308e-01,1.036378666666666686e+04
3.235500000000000000e+03,9.104287000000000774e+01,3.812307000000000334e-01,1.042797666666666555e+04
3.245500000000000000e+03,9.100570999999999344e+01,3.775323999999999902e-01,1.049235999999999876e+04
3.255500000000000000e+03,9.099573000000000889e+01,3.824046999999999863e-01,1.055691333333333387e+04
3.265500000000000000e+03,9.097144000000000119e+01,3.800849000000000033e-01,1.062165333333333365e+04
3.275500000000000000e+03,9.099000000000000909e+01,3.765709000000000417e-01,1.068657333333333372e+04
3.285500000000000000e+03,9.099285000000000423e+01,3.785111999999999921e-01,1.075167666666666628e+04
3.295500000000000000e+03,9.100000000000000000e+01,3.743599999999999706e-01,1.081696333333333314e+04
3.305500000000000000e+03,9.095429000000000030e+01,3.766914000000000096e-01,1.088246666666666715e+04
3.315500000000000000e+03,9.097428000000000736e+01,3.776810999999999918e-01,1.094816333333333387e+04
3.325500000000000000e+03,9.097428999999999633e+01,3.762053999999999676e-01,1.101406666666666570e+04
3.335500000000000000e+03,9.097715999999999781e+01,3.757530999999999510e-01,1.108017333333333409e+04
3.345500000000000000e+03,9.095427999999999713e+01,3.796527000000000096e-01,1.114648999999999978e+04
3.355500000000000000e+03,9.100000999999998896e+01,3.731211999999999862e-01,1.121305999999999949e+04
3.365500000000000000e+03,9.098998999999999171e+01,3.769607999999999848e-01,1.127986666666666497e+04
3.375500000000000000e+03,9.098430000000000462e+01,3.771819000000000144e-01,1.134686666666666679e+04
3.385500000000000000e+03,9.100001000000000317e+01,3.709120000000000195e-01,1.141409666666666817e+04
3.395500000000000000e+03,9.098143000000000313e+01,3.751149999999999762e-01,1.148153333333333467e+04
3.405500000000000000e+03,9.101286000000000342e+01,3.718004000000000309e-01,1.154915333333333183e+04
3.415500000000000000e+03,9.099857000000000085e+01,3.723825000000000052e-01,1.161699333333333198e+04
3.425500000000000000e+03,9.095570999999999628e+01,3.712464000000000874e-01,1.168504666666666526e+04
3.435500000000000000e+03,9.101429000000000258e+01,3.739797999999999734e-01,1.175330333333333328e+04
3.445500000000000000e+03,9.100140999999999281e+01,3.738557999999999604e-01,1.182176000000000022e+04
3.455500000000000000e+03,9.101714000000001192e+01,3.698846000000000633e-01,1.189042666666666628e+04
3.465500000000000000e+03,9.098569999999999425e+01,3.674609000000000347e-01,1.195927333333333263e+04
3.475500000000000000e+03,9.098569999999999425e+01,3.761072000000000304e-01,1.202831999999999971e+04
3.485500000000000000e+03,9.097713000000000250e+01,3.679032999999999887e-01,1.209754666666666526e+04
3.495500000000000000e+03,9.097857000000000482e+01,3.667958000000000052e-01,1.216696999999999935e+04
3.505500000000000000e+03,9.098286000000001650e+01,3.703740999999999839e-01,1.223661666666666497e+04
3.515500000000000000e+03,9.099285000000000423e+01,3.690753999999999979e-01,1.230644666666666672e+04
3.525500000000000000e+03,9.099856000000001188e+01,3.699643000000000237e-01,1.237646000000000095e+04
3.535500000000000000e+03,9.099569999999998515e+01,3.719531999999999838e-01,1.244668666666666650e+04
3.545500000000000000e+03,9.106286000000000058e+01,3.673141999999999796e-01,1.251707999999999993e+04
3.555500000000000000e+03,9.106142000000001246e+01,3.689476999999999896e-01,1.258768000000000029e+04
3.565500000000000000e+03,9.102285000000000537e+01,3.697304000000000146e-01,1.265847999999999956e+04
3.575500000000000000e+03,9.099429999999999552e+01,3.677019000000000259e-01,1.272948333333333358e+04
3.585500000000000000e+03,9.100856999999999175e+01,3.660477000000000314e-01,1.280066333333333387e+04
3.595500000000000000e+03,9.100571999999999662e+01,3.668836000000000319e-01,1.287203333333333285e+04
3.605500000000000000e+03,9.099287000000001058e+01,3.678164999999999907e-01,1.294357666666666591e+04
3.615500000000000000e+03,9.104285000000000139e+01,3.680268000000000983e-01,1.301531333333333350e+04
3.625500000000000000e+03,9.101999000000000706e+01,3.709415999999999825e-01,1.308724333333333561e+04
3.635500000000000000e+03,9.103285999999999945e+01,3.648641000000000245e-01,1.315936000000000058e+04
3.645500000000000000e+03,9.093001000000001000e+01,3.671665000000000623e-01,1.323168999999999869e+04
3.655500000000000000e+03,9.100716000000001316e+01,3.657013000000000624e-01,1.330421333333333678e+04
3.665500000000000000e+03,9.099999000000001104e+01,3.670725999999999156e-01,1.337698333333333176e+04
3.675500000000000000e+03,9.093858000000000175e+01,3.730376999999999721e-01,1.344993000000000211e+04
3.685500000000000000e+03,9.099286000000000740e+01,3.667635999999999674e-01,1.352311333333333278e+04
3.695500000000000000e+03,9.101427999999999940e+01,3.678386000000000156e-01,1.359651666666666642e+04
3.705500000000000000e+03,9.103284999999999627e+01,3.683623999999999787e-01,1.367012000000000080e+04
3.715500000000000000e+03,9.104999000000000819e+01,3.602025999999999839e-01,1.374393666666666650e+04
3.725500000000000000e+03,9.100999999999999091e+01,3.633215999999999668e-01,1.381795666666666511e+04
3.735500000000000000e+03,9.106570000000000675e+01,3.653984999999999594e-01,1.389217333333333590e+04
3.745500000000000000e+03,9.100572999999999979e+01,3.664531000000000316e-01,1.396657333333333372e+04
3.755500000000000000e+03,9.102285999999999433e+01,3.655338000000000198e-01,1.404119333333333452e+04
3.765500000000000000e+03,9.106571999999999889e+01,3.685983000000000454e-01,1.411601000000000022e+04
3.775500000000000000e+03,9.100141999999999598e+01,3.634408999999999557e-01,1.419102333333333445e+04
3.785500000000000000e+03,9.104286999999999352e+01,3.650414000000000159e-01,1.426621333333333314e+04
3.795500000000000000e+03,9.099427999999998917e+01,3.632323000000000635e-01,1.434162000000000080e+04
3.805500000000000000e+03,9.100143999999998812e+01,3.707090000000000662e-01,1.441721666666666533e+04
3.815500000000000000e+03,9.102427999999999031e+01,3.671889000000000403e-01,1.449300000000000000e+04
3.825500000000000000e+03,9.099712999999999852e+01,3.653479000000000587e-01,1.456899666666666781e+04
3.835500000000000000e+03,9.092141999999998347e+01,3.686375000000000068e-01,1.464522000000000116e+04
3.845500000000000000e+03,9.102428999999999348e+01,3.677028999999999992e-01,1.472163999999999578e+04
3.855500000000000000e+03,9.095998999999999057e+01,3.673726999999999965e-01,1.479825000000000000e+04
3.865500000000000000e+03,9.101570999999999856e+01,3.701059999999999905e-01,1.487506333333333350e+04
3.875500000000000000e+03,9.098143999999999210e+01,3.679164999999999797e-01,1.495207333333333372e+04
3.885500000000000000e+03,9.098284999999999911e+01,3.682826000000000155e-01,1.502930333333333328e+04
3.895500000000000000e+03,9.100714000000000681e+01,3.660668999999999729e-01,1.510671333333333314e+04
3.905500000000000000e+03,9.097285000000002242e+01,3.675963000000000425e-01,1.518435666666666475e+04
3.915500000000000000e+03,9.096569999999999823e+01,3.666287000000000296e-01,1.526220666666666511e+04
3.925500000000000000e+03,9.098570999999999742e+01,3.686220000000000052e-01,1.534025666666666439e+04
3.935500000000000000e+03,9.095713000000002069e+01,3.672242000000000006e-01,1.541847666666666555e+04
3.945500000000000000e+03,9.099857000000000085e+01,3.705700000000000105e-01,1.549689999999999964e+04
3.955500000000000000e+03,9.099143000000000825e+01,3.651601999999999904e-01,1.557552333333333445e+04
3.965500000000000000e+03,9.101143000000000427e+01,3.654668000000000361e-01,1.565435000000000036e+04
3.975500000000000000e+03,9.101142000000000110e+01,3.683479000000000059e-01,1.573341333333333569e+04
3.985500000000000000e+03,9.102000999999998498e+01,3.673734999999999640e-01,1.581267999999999847e+04
3.995500000000000000e+03,9.100570999999999344e+01,3.661916000000000060e-01,1.589217333333333409e+04
4.005500000000000000e+03,9.095856999999998038e+01,3.705853000000000064e-01,1.597186666666666497e+04
4.015500000000000000e+03,9.100428999999998325e+01,3.693298999999999888e-01,1.605176999999999862e+04
4.025500000000000000e+03,9.103141999999999712e+01,3.661025000000000529e-01,1.613186000000000058e+04
4.035500000000000000e+03,9.097571000000000652e+01,3.694658999999999582e-01,1.621213999999999942e+04
4.045500000000000000e+03,9.095856999999998038e+01,3.691379999999999661e-01,1.629261333333333096e+04
4.055500000000000000e+03,9.096428000000000225e+01,3.670280000000000209e-01,1.637330666666666548e+04
4.065500000000000000e+03,9.104999999999999716e+01,3.718285999999999536e-01,1.645422666666666555e+04
4.075500000000000000e+03,9.099428999999999235e+01,3.714112999999999998e-01,1.653534666666666453e+04
4.085500000000000000e+03,9.099286999999999637e+01,3.706813999999999387e-01,1.661668000000000029e+04
4.095500000000000000e+03,9.106143000000000143e+01,3.668776999999999733e-01,1.669822666666666555e+04
4.105500000000000000e+03,9.104713000000000989e+01,3.695149000000000350e-01,1.678000666666666439e+04
4.115500000000000000e+03,9.096142000000000394e+01,3.704394999999999771e-01,1.686195333333333110e+04
4.125500000000000000e+03,9.103713000000000477e+01,3.688923000000000063e-01,1.694409000000000015e+04
4.135500000000000000e+03,9.098999000000000592e+01,3.735475000000000323e-01,1.702644333333333634e+04
4.145500000000000000e+03,9.096999999999999886e+01,3.736782999999999633e-01,1.710900333333333765e+04
4.155500000000000000e+03,9.099857000000000085e+01,3.692023000000000388e-01,1.719175999999999840e+04
4.165500000000000000e+03,9.105429999999999779e+01,3.739008000000000331e-01,1.727472999999999956e+04
4.175500000000000000e+03,9.100570999999999344e+01,3.734878999999999838e-01,1.735790333333332819e+04
4.185500000000000000e+03,9.102571000000000367e+01,3.730409000000000086e-01,1.744124666666666599e+04
4.195500000000000000e+03,9.098857999999998469e+01,3.703009000000000439e-01,1.752476999999999680e+04
4.205500000000000000e+03,9.102428000000000452e+01,3.678441000000000072e-01,1.760848000000000320e+04
4.215500000000000000e+03,9.102286000000000854e+01,3.711129999999999707e-01,1.769240000000000146e+04
4.225500000000000000e+03,9.099573000000000889e+01,3.733219999999999872e-01,1.777653333333333285e+04
4.235500000000000000e+03,9.103857000000000710e+01,3.675971000000000100e-01,1.786087666666666337e+04
4.245500000000000000e+03,9.099716000000000804e+01,3.721332999999999447e-01,1.794543666666666832e+04
4.255500000000000000e+03,9.100856000000001700e+01,3.666658999999999891e-01,1.803020333333333110e+04
4.265500000000000000e+03,9.100141999999999598e+01,3.764587000000000350e-01,1.811512000000000262e+04
4.275500000000000000e+03,9.101428000000001362e+01,3.746268000000000375e-01,1.820022333333333518e+04
4.285500000000000000e+03,9.102857000000000198e+01,3.780725999999999809e-01,1.828550999999999840e+04
4.295500000000000000e+03,9.103571000000000879e+01,3.758981000000000128e-01,1.837097333333333518e+04
4.305500000000000000e+03,9.103141999999999712e+01,3.804329000000000183e-01,1.845664333333333343e+04
4.315500000000000000e+03,9.105856999999998891e+01,3.771683000000000119e-01,1.854249000000000160e+04
4.325500000000000000e+03,9.103857999999998185e+01,3.767690000000000206e-01,1.862855666666666730e+04
4.335500000000000000e+03,9.104999999999999716e+01,3.769900000000000473e-01,1.871481999999999971e+04
4.345500000000000000e+03,9.103427000000000646e+01,3.690874000000000099e-01,1.880130333333333692e+04
4.355500000000000000e+03,9.103714999999999691e+01,3.736850999999999923e-01,1.888793666666666468e+04
4.365500000000000000e+03,9.101287000000000660e+01,3.793999999999999595e-01,1.897479333333333489e+04
4.375500000000000000e+03,9.106001000000000545e+01,3.712269999999999737e-01,1.906184999999999854e+04
4.385500000000000000e+03,9.106713999999999487e+01,3.749798999999999771e-01,1.914911000000000058e+04
4.395500000000000000e+03,9.105713999999998975e+01,3.731214999999999948e-01,1.923658000000000175e+04
4.405500000000000000e+03,9.105286000000000968e+01,3.687547999999999382e-01,1.932425000000000000e+04
4.415500000000000000e+03,9.105428000000001987e+01,3.721927999999999903e-01,1.941214333333333343e+04
4.425500000000000000e+03,9.107143999999999551e+01,3.748182999999999931e-01,1.950020999999999913e+04
4.435500000000000000e+03,9.104569999999999652e+01,3.787732999999999794e-01,1.958847666666666555e+04
4.445500000000000000e+03,9.105714999999999293e+01,3.761611999999999734e-01,1.967693333333333067e+04
4.455500000000000000e+03,9.107572999999999297e+01,3.719082999999999695e-01,1.976556333333333168e+04
4.465500000000000000e+03,9.107142999999999233e+01,3.814454999999999929e-01,1.985439999999999782e+04
4.475500000000000000e+03,9.107427000000001271e+01,3.708992000000000400e-01,1.994343333333333067e+04
4.485500000000000000e+03,9.109859000000000151e+01,3.804952999999999808e-01,2.003266333333333387e+04
4.495500000000000000e+03,9.108999000000000024e+01,3.708110999999999491e-01,2.012206999999999971e+04
4.505500000000000000e+03,9.110284999999998945e+01,3.752238999999999991e-01,2.021168666666666468e+04
4.515500000000000000e+03,9.106714000000000908e+01,3.783074000000000159e-01,2.030148666666667123e+04
4.525500000000000000e+03,9.104429000000000372e+01,3.768645000000000467e-01,2.039146666666666715e+04
4.535500000000000000e+03,9.110285999999999262e+01,3.744530999999999832e-01,2.048163666666666541e+04
4.545500000000000000e+03,9.107713999999999999e+01,3.805399999999999894e-01,2.057197999999999956e+04
4.555500000000000000e+03,9.104429000000000372e+01,3.740761000000000225e-01,2.066250333333333401e+04
4.565500000000000000e+03,9.105571999999997956e+01,3.796430000000000082e-01,2.075325666666666802e+04
4.575500000000000000e+03,9.107715000000000316e+01,3.782207000000000208e-01,2.084419333333333634e+04
4.585500000000000000e+03,9.106427000000000760e+01,3.770747999999999878e-01,2.093534333333333052e+04
4.595500000000000000e+03,9.104428000000000054e+01,3.768840999999999442e-01,2.102670999999999913e+04
4.605500000000000000e+03,9.109429000000000087e+01,3.833774999999999822e-01,2.111829333333333489e+04
4.615500000000000000e+03,9.108714999999999407e+01,3.782121999999999984e-01,2.121006333333333168e+04
4.625500000000000000e+03,9.107000999999999635e+01,3.803248000000000184e-01,2.130206000000000131e+04
4.635500000000000000e+03,9.110142000000000451e+01,3.776635000000000408e-01,2.139426000000000204e+04
4.645500000000000000e+03,9.104573000000000604e+01,3.773001000000000271e-01,2.148668666666666832e+04
4.655500000000000000e+03,9.108856999999999005e+01,3.763459000000000665e-01,2.157930333333333328e+04
4.665500000000000000e+03,9.102284000000000219e+01,3.730151000000000439e-01,2.167211666666666861e+04
4.675500000000000000e+03,9.106428999999999974e+01,3.768069000000000002e-01,2.176513333333333503e+04
4.685500000000000000e+03,9.105571000000000481e+01,3.800202000000000302e-01,2.185836000000000058e+04
4.695500000000000000e+03,9.105428000000000566e+01,3.770901999999999865e-01,2.195176333333333241e+04
4.705500000000000000e+03,9.105857000000000312e+01,3.753365999999999647e-01,2.204536333333333459e+04
4.715500000000000000e+03,9.105285999999998126e+01,3.750547999999999660e-01,2.213914666666666744e+04
4.725500000000000000e+03,9.106856999999999402e+01,3.806051000000000295e-01,2.223312999999999738e+04
4.735500000000000000e+03,9.104713999999999885e+01,3.788253999999999788e-01,2.232730666666666730e+04
4.745500000000000000e+03,9.103857000000000710e+01,3.723893000000000342e-01,2.242167666666666628e+04
4.755500000000000000e+03,9.107712999999999681e+01,3.755328000000000555e-01,2.251625333333333401e+04
4.765500000000000000e+03,9.105428000000000566e+01,3.788683000000000467e-01,2.261103666666666686e+04
4.775500000000000000e+03,9.102428999999999348e+01,3.851860999999999757e-01,2.270602000000000044e+04
4.785500000000000000e+03,9.106712000000000273e+01,3.789863999999999455e-01,2.280120666666666875e+04
4.795500000000000000e+03,9.105142999999999631e+01,3.806607000000000185e-01,2.289665666666666584e+04
4.805500000000000000e+03,9.102000999999999920e+01,3.763288999999999662e-01,2.299245666666666875e+04
4.815500000000000000e+03,9.103714000000000794e+01,3.837177999999999978e-01,2.308845000000000073e+04
4.825500000000000000e+03,9.103857000000000710e+01,3.808273999999999826e-01,2.318459666666666817e+04
4.835500000000000000e+03,9.103857000000000710e+01,3.847931000000000545e-01,2.328094000000000233e+04
4.845500000000000000e+03,9.105856000000001416e+01,3.796177000000000024e-01,2.337745666666666511e+04
4.855500000000000000e+03,9.104001000000000943e+01,3.806650000000000311e-01,2.347418000000000029e+04
4.865500000000000000e+03,9.103571000000000879e+01,3.825315000000000243e-01,2.357108333333333212e+04
4.875500000000000000e+03,9.102856999999998777e+01,3.860282999999999909e-01,2.366822333333333518e+04
4.885500000000000000e+03,9.102857000000000198e+01,3.812022000000000466e-01,2.376554999999999927e+04
4.895500000000000000e+03,9.101856999999999687e+01,3.842901999999999707e-01,2.386309000000000015e+04
4.905500000000000000e+03,9.104141999999998802e+01,3.792250000000000343e-01,2.396079999999999563e+04
4.915500000000000000e+03,9.104143000000001962e+01,3.839926000000000172e-01,2.405869666666666308e+04
4.925500000000000000e+03,9.100999000000000194e+01,3.850949000000000177e-01,2.415678666666666686e+04
4.935500000000000000e+03,9.103716000000000008e+01,3.777738999999999958e-01,2.425508000000000175e+04
4.945500000000000000e+03,9.103714999999999691e+01,3.805608999999999797e-01,2.435356333333333532e+04
4.955500000000000000e+03,9.102144999999998731e+01,3.804188000000000014e-01,2.445225333333333401e+04
4.965500000000000000e+03,9.100571999999999662e+01,3.853307999999999733e-01,2.455114666666666744e+04
4.975500000000000000e+03,9.103285999999999945e+01,3.869518000000000124e-01,2.465018999999999869e+04
4.985500000000000000e+03,9.101429000000000258e+01,3.827735000000000443e-01,2.474942666666666992e+04
4.995500000000000000e+03,9.104429999999999268e+01,3.859068999999999972e-01,2.484884999999999854e+04
