5.500000000000000000e+00,6.635071999999999548e+01,2.215489500000000191e+02,8.798622500000000457e+00
1.550000000000000000e+01,6.304757999999999640e+01,2.744118000000000279e+01,5.197311666666665531e+01
2.550000000000000000e+01,6.671129000000000531e+01,1.513960400000000028e+01,1.296926466666666897e+02
3.550000000000000000e+01,6.514443000000001405e+01,8.156117000000000061e+00,2.398593999999999937e+02
4.550000000000000000e+01,6.165058000000000504e+01,5.761886999999999759e+00,3.811514000000000237e+02
5.550000000000000000e+01,6.228513999999999839e+01,3.760040700000000236e+00,5.523257333333332326e+02
6.550000000000000000e+01,6.469300999999998680e+01,4.956770999999999816e+00,7.532988666666666404e+02
7.550000000000000000e+01,6.226856999999999687e+01,3.633755200000000407e+00,9.841527333333333445e+02
8.550000000000000000e+01,6.425070999999999799e+01,2.876647199999999849e+00,1.244675666666666530e+03
9.550000000000000000e+01,6.314255999999998892e+01,3.089421999999999890e+00,1.535036000000000058e+03
1.055000000000000000e+02,6.432956999999998970e+01,2.903750000000000053e+00,1.855608333333333121e+03
1.155000000000000000e+02,6.888471999999998729e+01,2.582878299999999960e+00,2.205685666666666748e+03
1.255000000000000000e+02,6.635756000000000654e+01,1.891267600000000160e+00,2.585207999999999629e+03
1.355000000000000000e+02,6.776672000000000651e+01,1.955517600000000300e+00,2.994072333333333518e+03
1.455000000000000000e+02,6.750057999999999936e+01,1.955990300000000293e+00,3.432078666666666777e+03
1.555000000000000000e+02,6.742186999999999841e+01,1.682180700000000417e+00,3.899301000000000386e+03
1.655000000000000000e+02,6.297614000000000090e+01,1.040393000000000123e+00,4.395895666666667239e+03
1.755000000000000000e+02,6.933257000000000403e+01,1.281805400000000095e+00,4.921707666666667137e+03
1.855000000000000000e+02,6.600127999999999417e+01,1.110623500000000208e+00,5.476871666666666897e+03
1.955000000000000000e+02,6.941885999999999513e+01,8.523178000000000143e-01,6.061300999999999476e+03
2.055000000000000000e+02,7.047742999999999824e+01,4.607553999999999261e-01,6.675054666666665980e+03
2.155000000000000000e+02,6.843999000000000876e+01,7.841945999999999639e-01,7.318476666666667370e+03
2.255000000000000000e+02,7.454870999999999981e+01,4.931134999999999269e-01,7.991686333333333096e+03
2.355000000000000000e+02,7.322585999999999729e+01,5.234227999999999659e-01,8.694756999999999607e+03
2.455000000000000000e+02,7.424898000000000309e+01,5.221246999999999971e-01,9.427193666666667923e+03
2.555000000000000000e+02,7.379644000000000403e+01,3.384813999999999323e-01,1.018906966666666631e+04
2.655000000000000000e+02,7.015357000000000198e+01,4.296079999999999899e-01,1.098039666666666744e+04
2.755000000000000000e+02,7.664784999999999116e+01,3.167773000000000394e-01,1.180111666666666679e+04
2.855000000000000000e+02,7.397757000000000005e+01,5.314976000000000145e-01,1.265123666666666759e+04
2.955000000000000000e+02,7.420485999999999649e+01,1.883857000000000448e-01,1.353089999999999964e+04
3.055000000000000000e+02,7.259269999999999357e+01,4.003328999999999915e-01,1.444019333333333270e+04
3.155000000000000000e+02,7.394428000000000623e+01,3.396303999999999990e-01,1.537906333333333532e+04
3.255000000000000000e+02,7.248243999999999687e+01,2.729685000000000583e-01,1.634758666666666613e+04
3.355000000000000000e+02,7.248387999999999920e+01,1.937700999999999729e-01,1.734571666666666715e+04
3.455000000000000000e+02,7.826700999999999908e+01,2.050831000000000182e-01,1.837336333333333459e+04
3.555000000000000000e+02,7.808413000000000181e+01,2.569796999999999776e-01,1.943062333333333299e+04
3.655000000000000000e+02,7.529829999999999757e+01,2.183719000000000077e-01,2.051746999999999753e+04
3.755000000000000000e+02,7.546756999999999493e+01,2.316307000000000227e-01,2.163395333333333110e+04
3.855000000000000000e+02,7.594626999999999839e+01,2.011093999999999937e-01,2.277997999999999956e+04
3.955000000000000000e+02,8.217085000000000150e+01,1.790899000000000241e-01,2.395563000000000102e+04
4.055000000000000000e+02,7.796686000000001115e+01,1.817649000000000070e-01,2.516085666666666657e+04
4.155000000000000000e+02,7.846715000000000373e+01,1.946829000000000198e-01,2.639574333333332834e+04
4.255000000000000000e+02,8.244741999999999393e+01,1.693947000000000092e-01,2.766045333333333110e+04
4.355000000000000000e+02,7.936498000000000275e+01,2.170431000000000166e-01,2.895488999999999578e+04
4.455000000000000000e+02,7.948214999999999009e+01,2.258841000000000321e-01,3.027898666666666395e+04
4.555000000000000000e+02,8.127029000000000281e+01,2.102779999999999649e-01,3.163271666666666715e+04
4.655000000000000000e+02,8.373684000000000083e+01,1.761437000000000141e-01,3.301604333333333489e+04
4.755000000000000000e+02,8.350314000000000192e+01,1.515169999999999850e-01,3.442909333333333780e+04
4.855000000000000000e+02,8.217728999999999928e+01,1.693817999999999713e-01,3.587225333333333401e+04
4.955000000000000000e+02,8.277071999999999719e+01,1.672370999999999996e-01,3.734537333333332936e+04
5.055000000000000000e+02,8.351814000000001670e+01,1.422690999999999817e-01,3.884816333333333750e+04
5.155000000000000000e+02,8.143428999999999007e+01,1.614026999999999823e-01,4.038041666666667152e+04
5.255000000000000000e+02,8.240101000000001363e+01,1.557796999999999932e-01,4.194232333333333372e+04
5.355000000000000000e+02,8.316456999999999766e+01,1.467304999999999859e-01,4.353408999999999651e+04
5.455000000000000000e+02,7.860769000000000517e+01,1.457324000000000119e-01,4.515554666666666890e+04
5.555000000000000000e+02,8.217158000000002005e+01,1.397537999999999836e-01,4.680670666666667239e+04
5.655000000000000000e+02,8.013300999999999874e+01,1.358353000000000199e-01,4.848777333333333081e+04
5.755000000000000000e+02,8.124598999999999194e+01,1.389982000000000162e-01,5.019862666666666337e+04
5.855000000000000000e+02,8.168498999999999910e+01,1.332218000000000013e-01,5.193940000000000146e+04
5.955000000000000000e+02,8.292643999999999949e+01,1.386360999999999843e-01,5.371003333333334012e+04
6.055000000000000000e+02,8.421728000000000236e+01,1.328365999999999991e-01,5.551044333333333634e+04
6.155000000000000000e+02,8.315228999999999360e+01,1.319483999999999657e-01,5.734086000000000058e+04
6.255000000000000000e+02,8.284729000000000099e+01,1.306501999999999941e-01,5.920119000000000233e+04
6.355000000000000000e+02,8.205170999999999992e+01,1.413594999999999990e-01,6.109123000000000320e+04
6.455000000000000000e+02,8.408414000000000499e+01,1.289680999999999744e-01,6.301126333333334333e+04
6.555000000000000000e+02,8.301156999999999186e+01,1.305467999999999906e-01,6.496117999999999302e+04
6.655000000000000000e+02,8.329756999999999323e+01,1.287386000000000086e-01,6.694097999999999593e+04
6.755000000000000000e+02,8.103242000000000189e+01,1.489417000000000102e-01,6.895056333333333896e+04
6.855000000000000000e+02,8.296372999999999820e+01,1.298161999999999927e-01,7.098996333333333314e+04
6.955000000000000000e+02,8.236158000000000357e+01,1.278643000000000141e-01,7.305923333333333721e+04
7.055000000000000000e+02,8.286414000000000613e+01,1.330044999999999977e-01,7.515839333333332615e+04
7.155000000000000000e+02,8.203085999999998990e+01,1.254990999999999746e-01,7.728754000000000815e+04
7.255000000000000000e+02,8.279072000000000742e+01,1.239190999999999904e-01,7.944663666666667268e+04
7.355000000000000000e+02,8.360156999999999528e+01,1.250207999999999875e-01,8.163573666666666395e+04
7.455000000000000000e+02,8.542942000000000746e+01,1.497351999999999850e-01,8.385468666666667559e+04
7.555000000000000000e+02,8.352814999999999657e+01,1.254645000000000066e-01,8.610349000000000524e+04
7.655000000000000000e+02,8.296129000000000531e+01,1.233402999999999861e-01,8.838219999999999709e+04
7.755000000000000000e+02,8.266099999999998715e+01,1.436453000000000035e-01,9.069137999999999010e+04
7.855000000000000000e+02,8.487213999999998748e+01,1.514460000000000250e-01,9.303073333333333721e+04
7.955000000000000000e+02,8.485269999999999868e+01,1.229248999999999759e-01,9.540003333333335468e+04
8.055000000000000000e+02,8.287672999999998069e+01,1.219327999999999940e-01,9.779927666666665755e+04
8.155000000000000000e+02,8.299458999999998809e+01,1.526441000000000048e-01,1.002285299999999988e+05
8.255000000000000000e+02,8.576770999999999390e+01,1.215280000000000110e-01,1.026874999999999854e+05
8.355000000000000000e+02,8.389241999999998711e+01,1.199146000000000101e-01,1.051762666666666773e+05
8.455000000000000000e+02,8.417399000000000342e+01,1.203713000000000005e-01,1.076950666666666511e+05
8.555000000000000000e+02,8.422142999999999802e+01,1.197367000000000015e-01,1.102438000000000029e+05
8.655000000000000000e+02,8.290541999999999234e+01,1.190422000000000147e-01,1.128223999999999942e+05
8.755000000000000000e+02,8.462516000000000815e+01,1.189000000000000057e-01,1.154311666666666715e+05
8.855000000000000000e+02,8.227171999999998775e+01,1.200869999999999854e-01,1.180701000000000058e+05
8.955000000000000000e+02,8.366715000000000657e+01,1.193176999999999988e-01,1.207395666666666802e+05
9.055000000000000000e+02,8.387086000000000752e+01,1.187327999999999995e-01,1.234395333333333256e+05
9.155000000000000000e+02,8.451729000000000269e+01,1.168793999999999944e-01,1.261698333333333285e+05
9.255000000000000000e+02,8.388185000000000002e+01,1.182786000000000115e-01,1.289303666666666686e+05
9.355000000000000000e+02,8.285528000000000759e+01,1.195365000000000039e-01,1.317211666666666861e+05
9.455000000000000000e+02,8.340115000000000123e+01,1.158657000000000020e-01,1.345422333333333372e+05
9.555000000000000000e+02,8.540501000000001852e+01,1.170502000000000209e-01,1.373933999999999942e+05
9.655000000000000000e+02,8.479883999999999844e+01,1.162860999999999895e-01,1.402749666666666744e+05
9.755000000000000000e+02,8.451328000000000884e+01,1.162354000000000165e-01,1.431871000000000058e+05
9.855000000000000000e+02,8.444813999999999510e+01,1.201268000000000058e-01,1.461293333333333139e+05
9.955000000000000000e+02,8.499327999999999861e+01,1.169378999999999974e-01,1.491022000000000116e+05
1.005500000000000000e+03,8.387043000000001314e+01,1.205500000000000044e-01,1.521052999999999884e+05
1.015500000000000000e+03,8.550597999999999388e+01,1.162371999999999989e-01,1.551384666666666453e+05
1.025500000000000000e+03,8.528027999999999054e+01,1.160946999999999951e-01,1.582018333333333430e+05
1.035500000000000000e+03,8.518228000000000577e+01,1.155469000000000079e-01,1.612954666666666453e+05
1.045500000000000000e+03,8.445841999999998961e+01,1.147813000000000166e-01,1.644191000000000058e+05
1.055500000000000000e+03,8.538284999999999059e+01,1.150781999999999916e-01,1.675732666666666628e+05
1.065500000000000000e+03,8.401942000000001087e+01,1.166891000000000178e-01,1.707576666666666861e+05
1.075500000000000000e+03,8.554015000000001123e+01,1.156100000000000183e-01,1.739721999999999825e+05
1.085500000000000000e+03,8.563300999999999874e+01,1.146797000000000094e-01,1.772171333333333605e+05
1.095500000000000000e+03,8.535186000000000206e+01,1.237913999999999959e-01,1.804921333333333314e+05
1.105500000000000000e+03,8.511242000000001440e+01,1.150817999999999841e-01,1.837973666666666395e+05
1.115500000000000000e+03,8.554085999999999501e+01,1.184899999999999842e-01,1.871327999999999884e+05
1.125500000000000000e+03,8.530986999999998943e+01,1.181601999999999791e-01,1.904985000000000000e+05
1.135500000000000000e+03,8.451298999999998784e+01,1.143855000000000011e-01,1.938943999999999942e+05
1.145500000000000000e+03,8.554328000000000998e+01,1.175379000000000007e-01,1.973204666666666744e+05
1.155500000000000000e+03,8.492755999999999972e+01,1.149769999999999959e-01,2.007768333333333430e+05
1.165500000000000000e+03,8.506644000000000005e+01,1.150421999999999834e-01,2.042634000000000233e+05
1.175500000000000000e+03,8.544429000000000940e+01,1.199467999999999923e-01,2.077803000000000175e+05
1.185500000000000000e+03,8.620299000000001399e+01,1.177201000000000219e-01,2.113279333333332906e+05
1.195500000000000000e+03,8.602986000000001354e+01,1.158316999999999819e-01,2.149059666666667035e+05
1.205500000000000000e+03,8.632128000000000156e+01,1.136611999999999900e-01,2.185147666666666919e+05
1.215500000000000000e+03,8.602271000000000356e+01,1.152961000000000125e-01,2.221540666666666511e+05
1.225500000000000000e+03,8.669170999999998628e+01,1.134779999999999955e-01,2.258240333333333547e+05
1.235500000000000000e+03,8.639143999999998869e+01,1.128562000000000037e-01,2.295244333333332906e+05
1.245500000000000000e+03,8.626642999999999972e+01,1.129595999999999795e-01,2.332552666666666628e+05
1.255500000000000000e+03,8.618928999999999974e+01,1.118994999999999990e-01,2.370166333333333605e+05
1.265500000000000000e+03,8.635757999999998447e+01,1.128999000000000114e-01,2.408083666666666977e+05
1.275500000000000000e+03,8.617556999999997913e+01,1.116989000000000037e-01,2.446305666666667094e+05
1.285500000000000000e+03,8.689898000000000877e+01,1.119462999999999847e-01,2.484832333333333081e+05
1.295500000000000000e+03,8.714528999999998859e+01,1.108951999999999993e-01,2.523662666666666919e+05
1.305500000000000000e+03,8.715772000000001185e+01,1.135696999999999957e-01,2.562797666666666628e+05
1.315500000000000000e+03,8.778670999999999935e+01,1.105582000000000092e-01,2.602236666666666570e+05
1.325500000000000000e+03,8.624014000000001090e+01,1.109758999999999884e-01,2.641982333333333372e+05
1.335500000000000000e+03,8.647486999999999568e+01,1.114476999999999968e-01,2.682039000000000233e+05
1.345500000000000000e+03,8.677027000000001067e+01,1.112684000000000034e-01,2.722400333333333256e+05
1.355500000000000000e+03,8.754071000000000424e+01,1.104810999999999988e-01,2.763067000000000116e+05
1.365500000000000000e+03,8.749398999999999660e+01,1.106395000000000017e-01,2.804042333333332790e+05
1.375500000000000000e+03,8.709900000000000375e+01,1.105121000000000020e-01,2.845323333333333721e+05
1.385500000000000000e+03,8.730015000000000214e+01,1.102576999999999863e-01,2.886905333333333256e+05
1.395500000000000000e+03,8.751457000000000619e+01,1.094031999999999921e-01,2.928795000000000000e+05
1.405500000000000000e+03,8.771027999999998315e+01,1.086714000000000013e-01,2.970990666666666511e+05
1.415500000000000000e+03,8.746171999999998548e+01,1.115651999999999894e-01,3.013491666666666279e+05
1.425500000000000000e+03,8.706385000000000218e+01,1.093255999999999950e-01,3.056295999999999767e+05
1.435500000000000000e+03,8.713698999999999728e+01,1.095465000000000189e-01,3.099405000000000000e+05
1.445500000000000000e+03,8.727514999999999645e+01,1.096387000000000056e-01,3.142820666666665929e+05
1.455500000000000000e+03,8.727156999999999698e+01,1.091978000000000115e-01,3.186543999999999651e+05
1.465500000000000000e+03,8.708901999999999077e+01,1.091300999999999799e-01,3.230573000000000466e+05
1.475500000000000000e+03,8.637314000000000647e+01,1.093402999999999875e-01,3.274906333333333605e+05
1.485500000000000000e+03,8.817071999999998866e+01,1.088984000000000202e-01,3.319547666666667210e+05
1.495500000000000000e+03,8.643756000000000483e+01,1.085436999999999930e-01,3.364495333333333256e+05
1.505500000000000000e+03,8.756586000000000070e+01,1.093842999999999899e-01,3.409748666666666395e+05
1.515500000000000000e+03,8.749870999999998844e+01,1.086729000000000028e-01,3.455310000000000000e+05
1.525500000000000000e+03,8.702257000000000176e+01,1.098548000000000024e-01,3.501175999999999767e+05
1.535500000000000000e+03,8.739729000000001236e+01,1.084398999999999919e-01,3.547347666666667210e+05
1.545500000000000000e+03,8.704783999999999367e+01,1.082394000000000134e-01,3.593825000000000000e+05
1.555500000000000000e+03,8.770570000000000732e+01,1.081059000000000048e-01,3.640612666666666628e+05
1.565500000000000000e+03,8.750169999999999959e+01,1.077494999999999842e-01,3.687705333333333256e+05
1.575500000000000000e+03,8.751771999999998286e+01,1.082020999999999955e-01,3.735104333333332906e+05
1.585500000000000000e+03,8.749156999999998163e+01,1.084799000000000041e-01,3.782807000000000116e+05
1.595500000000000000e+03,8.722986000000000217e+01,1.078726000000000129e-01,3.830817333333333372e+05
1.605500000000000000e+03,8.726613999999999294e+01,1.083883000000000207e-01,3.879135666666666511e+05
1.615500000000000000e+03,8.674057999999999424e+01,1.083294999999999952e-01,3.927760333333333256e+05
1.625500000000000000e+03,8.700514999999998622e+01,1.084912999999999988e-01,3.976694000000000233e+05
1.635500000000000000e+03,8.707642000000001303e+01,1.078055999999999875e-01,4.025937666666667210e+05
1.645500000000000000e+03,8.744987000000000421e+01,1.076246999999999898e-01,4.075489333333332906e+05
1.655500000000000000e+03,8.709802000000000533e+01,1.079919000000000018e-01,4.125350000000000000e+05
1.665500000000000000e+03,8.707614999999999839e+01,1.075733000000000106e-01,4.175519999999999418e+05
1.675500000000000000e+03,8.701214000000000226e+01,1.079463999999999979e-01,4.225996333333333023e+05
1.685500000000000000e+03,8.755313999999999908e+01,1.074181000000000025e-01,4.276782000000000116e+05
1.695500000000000000e+03,8.724599999999999511e+01,1.073249000000000147e-01,4.327874333333332906e+05
1.705500000000000000e+03,8.669900000000001228e+01,1.079927000000000109e-01,4.379272999999999884e+05
1.715500000000000000e+03,8.743729000000000440e+01,1.069319999999999993e-01,4.430978666666665813e+05
1.725500000000000000e+03,8.743156000000000461e+01,1.075023999999999980e-01,4.482990666666667094e+05
1.735500000000000000e+03,8.725899000000001138e+01,1.065083000000000002e-01,4.535310000000000000e+05
1.745500000000000000e+03,8.717100999999999544e+01,1.064883999999999969e-01,4.587935999999999767e+05
1.755500000000000000e+03,8.709484000000000492e+01,1.064432999999999907e-01,4.640870666666665929e+05
1.765500000000000000e+03,8.748499999999999943e+01,1.069303000000000059e-01,4.694112666666667210e+05
1.775500000000000000e+03,8.748555999999999244e+01,1.063884999999999970e-01,4.747663666666666977e+05
1.785500000000000000e+03,8.717085000000000150e+01,1.071220000000000089e-01,4.801525666666665929e+05
1.795500000000000000e+03,8.799984999999999502e+01,1.066511999999999877e-01,4.855697999999999302e+05
1.805500000000000000e+03,8.751370999999998901e+01,1.067401999999999934e-01,4.910175999999999767e+05
1.815500000000000000e+03,8.731185999999999581e+01,1.062213999999999936e-01,4.964965333333333256e+05
1.825500000000000000e+03,8.735526999999999020e+01,1.065397000000000149e-01,5.020063333333333721e+05
1.835500000000000000e+03,8.733970999999999663e+01,1.067090999999999734e-01,5.075469333333332906e+05
1.845500000000000000e+03,8.766386000000001388e+01,1.064669000000000032e-01,5.131182333333332790e+05
1.855500000000000000e+03,8.721442999999999302e+01,1.059263000000000010e-01,5.187201000000000931e+05
1.865500000000000000e+03,8.763899999999999579e+01,1.060397000000000006e-01,5.243529666666666744e+05
1.875500000000000000e+03,8.732386999999998523e+01,1.055640000000000189e-01,5.300167666666667210e+05
1.885500000000000000e+03,8.743112999999999602e+01,1.057474999999999943e-01,5.357114000000001397e+05
1.895500000000000000e+03,8.723184999999999434e+01,1.059737999999999791e-01,5.414372666666667210e+05
1.905500000000000000e+03,8.755514999999999759e+01,1.058002000000000109e-01,5.471943000000000466e+05
1.915500000000000000e+03,8.751928000000000907e+01,1.060727999999999949e-01,5.529822666666666046e+05
1.925500000000000000e+03,8.708129000000000985e+01,1.061126000000000014e-01,5.588009000000000233e+05
1.935500000000000000e+03,8.710443000000000779e+01,1.053593000000000030e-01,5.646506333333333023e+05
1.945500000000000000e+03,8.713114000000001624e+01,1.059878999999999960e-01,5.705311999999999534e+05
1.955500000000000000e+03,8.695485999999999649e+01,1.054078999999999988e-01,5.764425666666666511e+05
1.965500000000000000e+03,8.763070000000000448e+01,1.049090000000000023e-01,5.823844333333333489e+05
1.975500000000000000e+03,8.759958000000000311e+01,1.053405999999999787e-01,5.883569000000000233e+05
1.985500000000000000e+03,8.681671000000001470e+01,1.044941000000000064e-01,5.943602666666666046e+05
1.995500000000000000e+03,8.711055999999999244e+01,1.048275000000000040e-01,6.003942666666666046e+05
2.005500000000000000e+03,8.789429000000001224e+01,1.048374999999999863e-01,6.064593000000000466e+05
2.015500000000000000e+03,8.741285999999999490e+01,1.046835000000000127e-01,6.125550999999999767e+05
2.025500000000000000e+03,8.773483999999999128e+01,1.044271999999999839e-01,6.186820999999999767e+05
2.035500000000000000e+03,8.780170999999999992e+01,1.045147999999999910e-01,6.248399000000000233e+05
2.045500000000000000e+03,8.747584999999999411e+01,1.038518000000000080e-01,6.310282333333332790e+05
2.055500000000000000e+03,8.795713999999999544e+01,1.047431999999999946e-01,6.372474333333333489e+05
2.065500000000000000e+03,8.768757000000000801e+01,1.043782000000000043e-01,6.434972666666668374e+05
2.075500000000000000e+03,8.799215000000000941e+01,1.040015999999999996e-01,6.497778333333333721e+05
2.085500000000000000e+03,8.757742999999999256e+01,1.040131999999999862e-01,6.560893666666665813e+05
2.095500000000000000e+03,8.793457000000000789e+01,1.040876000000000162e-01,6.624317666666666046e+05
2.105500000000000000e+03,8.801912999999998988e+01,1.041161999999999921e-01,6.688050666666666511e+05
2.115500000000000000e+03,8.772499999999999432e+01,1.039985000000000215e-01,6.752087666666666046e+05
2.125500000000000000e+03,8.813729999999999620e+01,1.039400000000000046e-01,6.816433333333333721e+05
2.135500000000000000e+03,8.794029000000000451e+01,1.038523000000000085e-01,6.881088666666665813e+05
2.145500000000000000e+03,8.772513999999998191e+01,1.035937000000000108e-01,6.946054000000000233e+05
2.155500000000000000e+03,8.794602000000000430e+01,1.037678000000000073e-01,7.011329333333333489e+05
2.165500000000000000e+03,8.778772000000000730e+01,1.032063000000000008e-01,7.076913666666665813e+05
2.175500000000000000e+03,8.783315000000001760e+01,1.035130000000000078e-01,7.142806000000000931e+05
2.185500000000000000e+03,8.767242000000000246e+01,1.038904000000000077e-01,7.209008000000000466e+05
2.195500000000000000e+03,8.758513999999999555e+01,1.031249999999999944e-01,7.275516999999999534e+05
2.205500000000000000e+03,8.817470999999999037e+01,1.037638000000000033e-01,7.342334999999998836e+05
2.215500000000000000e+03,8.772198999999999103e+01,1.032553999999999972e-01,7.409465999999999767e+05
2.225500000000000000e+03,8.768714999999998838e+01,1.024195000000000244e-01,7.476903000000000466e+05
2.235500000000000000e+03,8.840957000000000221e+01,1.038696000000000064e-01,7.544649666666666744e+05
2.245500000000000000e+03,8.802472999999999104e+01,1.031074000000000018e-01,7.612703000000000466e+05
2.255500000000000000e+03,8.812041999999999575e+01,1.033813999999999983e-01,7.681066333333334187e+05
2.265500000000000000e+03,8.778355999999999426e+01,1.033620999999999845e-01,7.749737333333332790e+05
2.275500000000000000e+03,8.819728000000000634e+01,1.030212000000000072e-01,7.818718000000000466e+05
2.285500000000000000e+03,8.824870999999998844e+01,1.027049000000000156e-01,7.888007000000000698e+05
2.295500000000000000e+03,8.791101999999999350e+01,1.028788000000000064e-01,7.957605000000000000e+05
2.305500000000000000e+03,8.798114999999999952e+01,1.026808999999999916e-01,8.027512333333333954e+05
2.315500000000000000e+03,8.812272000000000105e+01,1.021369000000000027e-01,8.097730333333334420e+05
2.325500000000000000e+03,8.795900999999999215e+01,1.029711999999999988e-01,8.168255999999999767e+05
2.335500000000000000e+03,8.829787999999999215e+01,1.028130000000000155e-01,8.239091999999999534e+05
2.345500000000000000e+03,8.806212999999999624e+01,1.026594999999999869e-01,8.310241666666666279e+05
2.355500000000000000e+03,8.813344999999999629e+01,1.025147000000000003e-01,8.381698999999999069e+05
2.365500000000000000e+03,8.802255999999999858e+01,1.026621999999999951e-01,8.453464000000000233e+05
2.375500000000000000e+03,8.827400000000000091e+01,1.020517900000000172e-01,8.525539333333332324e+05
2.385500000000000000e+03,8.804857000000001221e+01,1.023481000000000113e-01,8.597921666666666279e+05
2.395500000000000000e+03,8.847499999999999432e+01,1.019838999999999885e-01,8.670611333333331859e+05
2.405500000000000000e+03,8.822614000000000090e+01,1.018353000000000036e-01,8.743609333333332324e+05
2.415500000000000000e+03,8.843772000000001299e+01,1.022274999999999989e-01,8.816918000000000466e+05
2.425500000000000000e+03,8.833657000000000892e+01,1.026836800000000133e-01,8.890535666666666511e+05
2.435500000000000000e+03,8.817529000000000394e+01,1.021793999999999897e-01,8.964460999999999767e+05
2.445500000000000000e+03,8.847070999999999685e+01,1.018142000000000075e-01,9.038694333333333489e+05
2.455500000000000000e+03,8.809056000000001063e+01,1.021912299999999940e-01,9.113235999999999767e+05
2.465500000000000000e+03,8.815999000000000763e+01,1.019824000000000008e-01,9.188089333333333489e+05
2.475500000000000000e+03,8.809100000000000819e+01,1.020704000000000056e-01,9.263250999999999767e+05
2.485500000000000000e+03,8.844002000000000407e+01,1.018384999999999846e-01,9.338721999999999534e+05
2.495500000000000000e+03,8.840501000000000431e+01,1.014156899999999889e-01,9.414502666666668374e+05
2.505500000000000000e+03,8.841142999999999574e+01,1.015727000000000019e-01,9.490593333333333721e+05
2.515500000000000000e+03,8.816415000000000646e+01,1.013995000000000035e-01,9.566990999999999767e+05
2.525500000000000000e+03,8.830857999999999208e+01,1.019959099999999952e-01,9.643694666666665580e+05
2.535500000000000000e+03,8.832101999999999009e+01,1.018558000000000102e-01,9.720708333333333721e+05
2.545500000000000000e+03,8.837357000000000085e+01,1.021169999999999856e-01,9.798030999999999767e+05
2.555500000000000000e+03,8.847158000000000300e+01,1.015957500000000124e-01,9.875661333333334187e+05
2.565500000000000000e+03,8.848256999999998129e+01,1.015388900000000066e-01,9.953600666666667676e+05
2.575500000000000000e+03,8.843429000000000428e+01,1.013872400000000173e-01,1.003184900000000023e+06
2.585500000000000000e+03,8.868670999999999083e+01,1.013017300000000065e-01,1.011040333333333256e+06
2.595500000000000000e+03,8.832171999999999912e+01,1.015525999999999929e-01,1.018927000000000000e+06
2.605500000000000000e+03,8.830900000000001171e+01,1.012826000000000004e-01,1.026844333333333372e+06
2.615500000000000000e+03,8.860756000000000654e+01,1.013013999999999859e-01,1.034792333333333256e+06
2.625500000000000000e+03,8.858114999999999384e+01,1.007883099999999921e-01,1.042771666666666744e+06
2.635500000000000000e+03,8.840458000000000993e+01,1.011190999999999895e-01,1.050781333333333256e+06
2.645500000000000000e+03,8.857658000000000698e+01,1.011007000000000017e-01,1.058822666666666511e+06
2.655500000000000000e+03,8.876671999999999230e+01,1.011312600000000145e-01,1.066895000000000233e+06
2.665500000000000000e+03,8.852257000000000176e+01,1.004859399999999958e-01,1.074997333333333489e+06
2.675500000000000000e+03,8.887370999999998844e+01,1.007064399999999943e-01,1.083131666666666744e+06
2.685500000000000000e+03,8.865258999999998935e+01,1.008196800000000087e-01,1.091295999999999767e+06
2.695500000000000000e+03,8.853813999999997009e+01,1.002851099999999968e-01,1.099493000000000000e+06
2.705500000000000000e+03,8.874085999999999785e+01,1.009012199999999859e-01,1.107719333333333489e+06
2.715500000000000000e+03,8.853943000000001007e+01,1.005439700000000103e-01,1.115977666666666511e+06
2.725500000000000000e+03,8.864214000000001192e+01,1.003626300000000082e-01,1.124266333333333489e+06
2.735500000000000000e+03,8.883770999999998708e+01,1.002745000000000025e-01,1.132586000000000000e+06
2.745500000000000000e+03,8.850843000000000416e+01,1.003848400000000030e-01,1.140936666666666511e+06
2.755500000000000000e+03,8.845298999999998557e+01,1.004002200000000122e-01,1.149319666666666744e+06
2.765500000000000000e+03,8.844885000000000730e+01,1.005694700000000080e-01,1.157731666666666511e+06
2.775500000000000000e+03,8.848555999999999244e+01,1.005746999999999891e-01,1.166176000000000233e+06
2.785500000000000000e+03,8.850815000000000055e+01,1.001407200000000025e-01,1.174651666666666511e+06
2.795500000000000000e+03,8.877015000000000100e+01,1.003408000000000078e-01,1.183158000000000000e+06
2.805500000000000000e+03,8.856772000000000844e+01,1.003088000000000035e-01,1.191694666666666744e+06
2.815500000000000000e+03,8.869071999999999889e+01,1.003644699999999973e-01,1.200263000000000000e+06
2.825500000000000000e+03,8.866971000000000913e+01,9.995454000000000838e-02,1.208862333333333489e+06
2.835500000000000000e+03,8.881100000000000705e+01,9.998779999999998780e-02,1.217490000000000000e+06
2.845500000000000000e+03,8.859556999999999505e+01,1.000777999999999945e-01,1.226151333333333256e+06
2.855500000000000000e+03,8.879742999999999142e+01,9.995653000000001565e-02,1.234844000000000233e+06
2.865500000000000000e+03,8.878213999999998407e+01,9.992576999999999710e-02,1.243568000000000000e+06
2.875500000000000000e+03,8.875128999999999735e+01,9.982315999999999412e-02,1.252322333333333489e+06
2.885500000000000000e+03,8.855172000000000310e+01,1.000074199999999996e-01,1.261107666666666744e+06
2.895500000000000000e+03,8.885813999999999169e+01,9.966368000000000449e-02,1.269924000000000000e+06
2.905500000000000000e+03,8.858928000000000225e+01,9.990319999999999756e-02,1.278771000000000233e+06
2.915500000000000000e+03,8.854828000000000543e+01,9.972343999999999653e-02,1.287649666666666744e+06
2.925500000000000000e+03,8.871685999999999694e+01,9.971344000000000041e-02,1.296558333333333489e+06
2.935500000000000000e+03,8.872127999999999304e+01,1.002684100000000023e-01,1.305499000000000000e+06
2.945500000000000000e+03,8.882615999999998735e+01,9.948432000000000108e-02,1.314471333333333489e+06
2.955500000000000000e+03,8.870758000000000720e+01,9.968183999999999378e-02,1.323472666666666744e+06
2.965500000000000000e+03,8.849541999999999575e+01,9.945081999999999534e-02,1.332506999999999767e+06
2.975500000000000000e+03,8.864900000000000091e+01,1.000924600000000081e-01,1.341571333333333256e+06
2.985500000000000000e+03,8.868384999999999252e+01,9.990301000000000042e-02,1.350667000000000000e+06
2.995500000000000000e+03,8.878614000000000317e+01,9.993271000000000792e-02,1.359793333333333489e+06
3.005500000000000000e+03,8.860585999999999274e+01,9.940235999999999517e-02,1.368951000000000233e+06
3.015500000000000000e+03,8.877871999999999275e+01,9.964148999999999923e-02,1.378139000000000233e+06
3.025500000000000000e+03,8.867584999999999695e+01,9.978734999999999689e-02,1.387359333333333256e+06
3.035500000000000000e+03,8.855343000000000586e+01,9.980403999999999665e-02,1.396610333333333489e+06
3.045500000000000000e+03,8.883156999999999925e+01,9.940271000000000523e-02,1.405893333333333489e+06
3.055500000000000000e+03,8.852741999999999223e+01,9.947477000000001790e-02,1.415205000000000000e+06
3.065500000000000000e+03,8.879800000000000182e+01,9.959339999999998472e-02,1.424549000000000000e+06
3.075500000000000000e+03,8.881342000000000780e+01,9.926411999999998348e-02,1.433923666666666744e+06
3.085500000000000000e+03,8.870171999999999457e+01,9.947661999999998783e-02,1.443330000000000000e+06
3.095500000000000000e+03,8.857169999999999277e+01,9.975776999999999561e-02,1.452766999999999767e+06
3.105500000000000000e+03,8.886629000000000644e+01,9.939280000000000337e-02,1.462235000000000000e+06
3.115500000000000000e+03,8.861986000000000274e+01,9.965583000000000080e-02,1.471734000000000000e+06
3.125500000000000000e+03,8.882814000000000476e+01,9.946653000000001132e-02,1.481266000000000000e+06
3.135500000000000000e+03,8.875656999999999641e+01,9.932320999999999511e-02,1.490828666666666744e+06
3.145500000000000000e+03,8.884856999999999516e+01,9.913554999999998896e-02,1.500421000000000000e+06
3.155500000000000000e+03,8.869200000000000728e+01,9.904700999999999089e-02,1.510044333333333489e+06
3.165500000000000000e+03,8.880555999999998562e+01,9.907983999999998848e-02,1.519698666666666744e+06
3.175500000000000000e+03,8.880544000000000437e+01,9.890740000000000642e-02,1.529385333333333489e+06
3.185500000000000000e+03,8.881171999999999400e+01,9.917602999999999835e-02,1.539101000000000000e+06
3.195500000000000000e+03,8.877714000000000283e+01,9.910247999999999280e-02,1.548849000000000000e+06
3.205500000000000000e+03,8.880702000000000851e+01,9.935493999999998882e-02,1.558628333333333489e+06
3.215500000000000000e+03,8.861999000000000137e+01,9.905545000000000322e-02,1.568439000000000000e+06
3.225500000000000000e+03,8.884072000000000457e+01,9.893222999999999601e-02,1.578279333333333489e+06
3.235500000000000000e+03,8.876886000000000365e+01,9.914839000000000291e-02,1.588152000000000000e+06
3.245500000000000000e+03,8.892714000000000851e+01,9.911274000000000473e-02,1.598055666666666511e+06
3.255500000000000000e+03,8.889157000000000153e+01,9.895291000000000503e-02,1.607990666666666511e+06
3.265500000000000000e+03,8.886342999999997971e+01,9.909810999999998926e-02,1.617956000000000000e+06
3.275500000000000000e+03,8.886157999999998935e+01,9.918066999999999855e-02,1.627954000000000000e+06
3.285500000000000000e+03,8.870872999999998854e+01,9.900806000000000884e-02,1.637981666666666744e+06
3.295500000000000000e+03,8.877128999999999337e+01,9.887717999999998120e-02,1.648040333333333256e+06
3.305500000000000000e+03,8.880172000000000310e+01,9.881772000000001166e-02,1.658131666666666511e+06
3.315500000000000000e+03,8.882570999999998662e+01,9.890594999999999248e-02,1.668252333333333489e+06
3.325500000000000000e+03,8.885299000000000547e+01,9.867939000000000571e-02,1.678405666666666744e+06
3.335500000000000000e+03,8.888600999999999885e+01,9.864109999999999545e-02,1.688588333333333489e+06
3.345500000000000000e+03,8.891956999999999312e+01,9.898300000000000154e-02,1.698803666666666511e+06
3.355500000000000000e+03,8.890430000000000632e+01,9.914619999999998989e-02,1.709050333333333489e+06
3.365500000000000000e+03,8.882842000000000837e+01,9.878505000000001313e-02,1.719326333333333256e+06
3.375500000000000000e+03,8.890885999999999001e+01,9.891363999999999712e-02,1.729634666666666744e+06
3.385500000000000000e+03,8.890641999999999712e+01,9.894359999999999267e-02,1.739974000000000000e+06
3.395500000000000000e+03,8.874885000000000446e+01,9.900011000000000227e-02,1.750345000000000000e+06
3.405500000000000000e+03,8.885487000000000535e+01,9.911710000000001353e-02,1.760745666666666744e+06
3.415500000000000000e+03,8.880999999999998806e+01,9.898781999999999026e-02,1.771178333333333256e+06
3.425500000000000000e+03,8.881287000000000376e+01,9.900321000000000815e-02,1.781641333333333489e+06
3.435500000000000000e+03,8.884671000000000163e+01,9.874394999999999700e-02,1.792137666666666744e+06
3.445500000000000000e+03,8.893814999999999316e+01,9.907815999999999845e-02,1.802663333333333256e+06
3.455500000000000000e+03,8.886514999999999986e+01,9.913871999999999962e-02,1.813219666666666744e+06
3.465500000000000000e+03,8.877271999999999252e+01,9.865532000000000468e-02,1.823808000000000000e+06
3.475500000000000000e+03,8.885985000000000866e+01,9.880732000000000403e-02,1.834428333333333489e+06
3.485500000000000000e+03,8.881972000000000378e+01,9.907782000000001088e-02,1.845078333333333489e+06
3.495500000000000000e+03,8.878756999999998811e+01,9.869526999999998773e-02,1.855759333333333489e+06
3.505500000000000000e+03,8.872329000000001997e+01,9.902259999999998841e-02,1.866472666666666744e+06
3.515500000000000000e+03,8.883043000000000688e+01,9.869480999999999393e-02,1.877217000000000000e+06
3.525500000000000000e+03,8.880699999999998795e+01,9.872361999999999804e-02,1.887990666666666744e+06
3.535500000000000000e+03,8.877273000000000991e+01,9.901208000000000231e-02,1.898796666666666744e+06
3.545500000000000000e+03,8.891227999999999554e+01,9.883958000000001021e-02,1.909634000000000000e+06
3.555500000000000000e+03,8.890015999999999963e+01,9.902216999999999270e-02,1.920502666666666744e+06
3.565500000000000000e+03,8.890371000000000379e+01,9.862198000000001186e-02,1.931400666666666511e+06
3.575500000000000000e+03,8.885643999999999210e+01,9.881642000000000203e-02,1.942332000000000000e+06
3.585500000000000000e+03,8.883516000000000190e+01,9.872460999999999043e-02,1.953292666666666511e+06
3.595500000000000000e+03,8.883956999999999482e+01,9.861495000000000677e-02,1.964285333333333256e+06
3.605500000000000000e+03,8.880411999999999750e+01,9.843327999999998412e-02,1.975308000000000000e+06
3.615500000000000000e+03,8.893001000000001000e+01,9.847024999999999528e-02,1.986362333333333489e+06
3.625500000000000000e+03,8.884942999999999813e+01,9.867917000000001049e-02,1.997449333333333489e+06
3.635500000000000000e+03,8.895471999999999468e+01,9.843715999999999577e-02,2.008565666666666744e+06
3.645500000000000000e+03,8.892271999999999821e+01,9.867359000000000546e-02,2.019713333333333489e+06
3.655500000000000000e+03,8.885357000000001904e+01,9.869450999999999918e-02,2.030892666666666511e+06
3.665500000000000000e+03,8.891015000000000157e+01,9.835330999999999935e-02,2.042104666666666744e+06
3.675500000000000000e+03,8.888343000000000416e+01,9.873319999999999319e-02,2.053345666666666744e+06
3.685500000000000000e+03,8.879513000000000034e+01,9.858397000000000687e-02,2.064617666666666744e+06
3.695500000000000000e+03,8.889099000000000217e+01,9.859747999999998735e-02,2.075922000000000000e+06
3.705500000000000000e+03,8.891929000000000372e+01,9.847342000000000595e-02,2.087258666666666744e+06
3.715500000000000000e+03,8.863387999999999067e+01,9.850310999999999095e-02,2.098624000000000000e+06
3.725500000000000000e+03,8.881199999999998340e+01,9.838663000000000269e-02,2.110022000000000000e+06
3.735500000000000000e+03,8.883027999999998769e+01,9.828423999999999494e-02,2.121451666666666977e+06
3.745500000000000000e+03,8.898100000000000875e+01,9.863234000000001278e-02,2.132912000000000466e+06
3.755500000000000000e+03,8.877342000000000155e+01,9.840530999999999584e-02,2.144402999999999534e+06
3.765500000000000000e+03,8.880473000000000638e+01,9.831726999999999828e-02,2.155925666666666511e+06
3.775500000000000000e+03,8.885228000000000748e+01,9.840895999999998978e-02,2.167479000000000466e+06
3.785500000000000000e+03,8.884315000000000850e+01,9.863853999999999678e-02,2.179064000000000466e+06
3.795500000000000000e+03,8.895028999999999542e+01,9.801065000000000471e-02,2.190680000000000466e+06
3.805500000000000000e+03,8.862870000000000914e+01,9.851170000000000759e-02,2.202326333333333489e+06
3.815500000000000000e+03,8.880341999999998848e+01,9.817104000000000108e-02,2.214004333333333489e+06
3.825500000000000000e+03,8.878472000000000719e+01,9.822411999999999810e-02,2.225714333333333023e+06
3.835500000000000000e+03,8.879586000000000467e+01,9.838411999999999158e-02,2.237456000000000000e+06
3.845500000000000000e+03,8.889885999999998489e+01,9.821941999999998785e-02,2.249227333333333489e+06
3.855500000000000000e+03,8.873686000000000718e+01,9.805157000000000456e-02,2.261031999999999534e+06
3.865500000000000000e+03,8.887014000000000635e+01,9.843114999999999504e-02,2.272865333333333023e+06
3.875500000000000000e+03,8.892643000000001052e+01,9.841833999999999305e-02,2.284729666666666977e+06
3.885500000000000000e+03,8.879258000000000095e+01,9.850927000000000988e-02,2.296626333333333489e+06
3.895500000000000000e+03,8.883284999999997922e+01,9.821652999999999634e-02,2.308553333333333023e+06
3.905500000000000000e+03,8.877972000000001174e+01,9.820019999999998750e-02,2.320513666666666977e+06
3.915500000000000000e+03,8.886972000000000094e+01,9.827888999999999375e-02,2.332501333333333489e+06
3.925500000000000000e+03,8.884113999999999578e+01,9.808185999999999294e-02,2.344522000000000466e+06
3.935500000000000000e+03,8.899943000000000382e+01,9.795986999999999056e-02,2.356573666666666977e+06
3.945500000000000000e+03,8.876685999999999410e+01,9.822314999999999519e-02,2.368656666666666977e+06
3.955500000000000000e+03,8.872500000000000853e+01,9.823548999999999476e-02,2.380768333333333489e+06
3.965500000000000000e+03,8.893243000000001075e+01,9.801975999999998357e-02,2.392914333333333023e+06
3.975500000000000000e+03,8.870698999999999046e+01,9.788499000000001893e-02,2.405091000000000466e+06
3.985500000000000000e+03,8.871228999999999587e+01,9.806338000000000554e-02,2.417296666666666977e+06
3.995500000000000000e+03,8.890899999999999181e+01,9.783393000000001338e-02,2.429535666666666511e+06
4.005500000000000000e+03,8.879699000000000808e+01,9.792780999999999014e-02,2.441804666666666511e+06
4.015500000000000000e+03,8.883658000000001209e+01,9.780545999999999685e-02,2.454104333333333489e+06
4.025500000000000000e+03,8.890471999999999753e+01,9.782109999999998029e-02,2.466436666666666977e+06
4.035500000000000000e+03,8.885799000000000092e+01,9.808134999999999770e-02,2.478800666666666511e+06
4.045500000000000000e+03,8.883043000000000688e+01,9.792920000000000791e-02,2.491194000000000466e+06
4.055500000000000000e+03,8.886484000000000094e+01,9.801229999999999665e-02,2.503619999999999534e+06
4.065500000000000000e+03,8.884114999999999895e+01,9.803630999999998763e-02,2.516077333333333023e+06
4.075500000000000000e+03,8.881942999999999699e+01,9.785613999999999424e-02,2.528564333333333023e+06
4.085500000000000000e+03,8.884700000000000841e+01,9.780180000000000817e-02,2.541084000000000000e+06
4.095500000000000000e+03,8.886842999999998938e+01,9.786849000000000243e-02,2.553634000000000000e+06
4.105500000000000000e+03,8.886528999999998746e+01,9.788057000000000007e-02,2.566215333333333489e+06
4.115500000000000000e+03,8.888671999999999684e+01,9.766963000000000727e-02,2.578827000000000000e+06
4.125500000000000000e+03,8.883745000000000402e+01,9.775912000000000490e-02,2.591471333333333023e+06
4.135500000000000000e+03,8.887870999999999810e+01,9.791374999999999384e-02,2.604145333333333489e+06
4.145500000000000000e+03,8.887115000000000009e+01,9.784084000000001224e-02,2.616850666666666511e+06
4.155500000000000000e+03,8.887729000000000212e+01,9.779308999999999918e-02,2.629587999999999534e+06
4.165500000000000000e+03,8.892172000000000764e+01,9.768824999999999037e-02,2.642355666666666977e+06
4.175500000000000000e+03,8.886943999999998312e+01,9.754867999999999872e-02,2.655156333333333023e+06
4.185500000000000000e+03,8.893415000000000248e+01,9.759945999999999899e-02,2.667987666666666511e+06
4.195500000000000000e+03,8.877915999999997609e+01,9.775516999999998846e-02,2.680850333333333489e+06
4.205500000000000000e+03,8.885844000000000165e+01,9.745807999999998861e-02,2.693744333333333023e+06
4.215500000000000000e+03,8.890241999999999223e+01,9.768351999999999591e-02,2.706669666666666511e+06
4.225500000000000000e+03,8.890214999999999179e+01,9.774383000000000377e-02,2.719626000000000000e+06
4.235500000000000000e+03,8.900815000000000055e+01,9.770025999999999711e-02,2.732614000000000466e+06
4.245500000000000000e+03,8.892872000000001265e+01,9.775612000000000190e-02,2.745632666666666977e+06
4.255500000000000000e+03,8.892614999999999270e+01,9.775607999999999520e-02,2.758683666666666977e+06
4.265500000000000000e+03,8.887300999999999362e+01,9.752734999999999876e-02,2.771765333333333023e+06
4.275500000000000000e+03,8.883343000000000700e+01,9.741437000000000013e-02,2.784876666666666511e+06
4.285500000000000000e+03,8.893945000000000789e+01,9.729825999999999753e-02,2.798020333333333023e+06
4.295500000000000000e+03,8.894885999999999626e+01,9.748034000000001253e-02,2.811195333333333023e+06
4.305500000000000000e+03,8.900643999999999778e+01,9.726167000000000840e-02,2.824401666666666977e+06
4.315500000000000000e+03,8.890627000000000635e+01,9.716367000000000753e-02,2.837638333333333023e+06
4.325500000000000000e+03,8.895340999999999099e+01,9.764387999999998846e-02,2.850905333333333489e+06
4.335500000000000000e+03,8.893300999999999590e+01,9.743174999999999752e-02,2.864204999999999534e+06
4.345500000000000000e+03,8.900642999999999461e+01,9.754895999999999012e-02,2.877535333333333489e+06
4.355500000000000000e+03,8.890829999999998279e+01,9.758389000000000646e-02,2.890896333333333023e+06
4.365500000000000000e+03,8.899698999999999671e+01,9.747159000000001072e-02,2.904288666666666511e+06
4.375500000000000000e+03,8.897128000000000725e+01,9.750985999999998988e-02,2.917712666666666511e+06
4.385500000000000000e+03,8.904285000000000139e+01,9.745420999999999945e-02,2.931168666666666511e+06
4.395500000000000000e+03,8.895057999999998799e+01,9.730436000000000640e-02,2.944654666666666511e+06
4.405500000000000000e+03,8.904870000000001085e+01,9.722445999999999866e-02,2.958172333333333489e+06
4.415500000000000000e+03,8.901672000000000651e+01,9.722902999999998019e-02,2.971720333333333023e+06
4.425500000000000000e+03,8.902342000000000155e+01,9.740896000000001664e-02,2.985300666666666511e+06
4.435500000000000000e+03,8.903542999999999097e+01,9.695918000000000592e-02,2.998910999999999534e+06
4.445500000000000000e+03,8.903587000000000273e+01,9.719975000000000143e-02,3.012553333333333023e+06
4.455500000000000000e+03,8.895955999999998198e+01,9.711266999999999816e-02,3.026227333333333489e+06
4.465500000000000000e+03,8.901242999999999483e+01,9.727225999999999928e-02,3.039932000000000466e+06
4.475500000000000000e+03,8.896072000000000912e+01,9.717486000000000179e-02,3.053667333333333489e+06
4.485500000000000000e+03,8.898341999999999530e+01,9.703083999999999321e-02,3.067435000000000000e+06
4.495500000000000000e+03,8.894984999999999786e+01,9.718035999999999341e-02,3.081233000000000000e+06
4.505500000000000000e+03,8.902915999999999030e+01,9.734001000000000459e-02,3.095061666666666977e+06
4.515500000000000000e+03,8.892542999999999154e+01,9.712352999999998571e-02,3.108922666666666977e+06
4.525500000000000000e+03,8.896542000000000883e+01,9.725262999999999269e-02,3.122813000000000000e+06
4.535500000000000000e+03,8.894628000000000156e+01,9.712426999999998478e-02,3.136736333333333023e+06
4.545500000000000000e+03,8.904728999999998962e+01,9.712135999999998992e-02,3.150690333333333023e+06
4.555500000000000000e+03,8.901387000000001137e+01,9.705032999999999022e-02,3.164674666666666977e+06
4.565500000000000000e+03,8.901027000000000555e+01,9.708876999999999091e-02,3.178691333333333489e+06
4.575500000000000000e+03,8.895315000000000794e+01,9.696553999999998896e-02,3.192739666666666977e+06
4.585500000000000000e+03,8.892099999999997806e+01,9.701145999999999381e-02,3.206817333333333489e+06
4.595500000000000000e+03,8.903371999999998820e+01,9.691606999999999306e-02,3.220927666666666977e+06
4.605500000000000000e+03,8.898900000000000432e+01,9.677907999999998956e-02,3.235068666666666511e+06
4.615500000000000000e+03,8.895885000000001241e+01,9.681576000000000071e-02,3.249240000000000000e+06
4.625500000000000000e+03,8.899899999999999523e+01,9.694556000000000007e-02,3.263443999999999534e+06
4.635500000000000000e+03,8.890015000000001066e+01,9.712564999999999393e-02,3.277679000000000000e+06
4.645500000000000000e+03,8.902926999999999680e+01,9.683265999999998708e-02,3.291945333333333023e+06
4.655500000000000000e+03,8.906042999999999665e+01,9.685820999999998626e-02,3.306241666666666511e+06
4.665500000000000000e+03,8.897370000000000800e+01,9.685512999999998374e-02,3.320571333333333489e+06
4.675500000000000000e+03,8.902185999999998955e+01,9.687228999999999979e-02,3.334931666666666511e+06
4.685500000000000000e+03,8.896014999999999873e+01,9.684869000000000117e-02,3.349322000000000000e+06
4.695500000000000000e+03,8.897201000000001159e+01,9.692849000000000603e-02,3.363745666666666977e+06
4.705500000000000000e+03,8.902429000000000769e+01,9.682299999999999240e-02,3.378199666666666511e+06
4.715500000000000000e+03,8.901357000000000141e+01,9.672311000000001491e-02,3.392685333333333023e+06
4.725500000000000000e+03,8.898143000000000313e+01,9.686032999999999449e-02,3.407202000000000000e+06
4.735500000000000000e+03,8.903842000000000212e+01,9.676012000000000501e-02,3.421749666666666511e+06
4.745500000000000000e+03,8.906914999999999338e+01,9.677526000000000184e-02,3.436329333333333023e+06
4.755500000000000000e+03,8.899757999999999925e+01,9.714294999999999181e-02,3.450940000000000000e+06
4.765500000000000000e+03,8.902614000000001226e+01,9.697653999999999996e-02,3.465582000000000000e+06
4.775500000000000000e+03,8.892985999999999081e+01,9.677447000000000132e-02,3.480254666666666511e+06
4.785500000000000000e+03,8.903499999999999659e+01,9.682521000000000877e-02,3.494959666666666511e+06
4.795500000000000000e+03,8.896627999999999759e+01,9.671178999999999193e-02,3.509693666666666977e+06
4.805500000000000000e+03,8.902056000000000324e+01,9.680828999999999129e-02,3.524460666666666511e+06
4.815500000000000000e+03,8.902457999999998606e+01,9.672594999999999110e-02,3.539257000000000000e+06
4.825500000000000000e+03,8.896282999999998253e+01,9.678871999999999476e-02,3.554085333333333023e+06
4.835500000000000000e+03,8.894413999999999021e+01,9.678746000000000571e-02,3.568945333333333023e+06
4.845500000000000000e+03,8.897813999999999623e+01,9.673181000000000140e-02,3.583837000000000000e+06
4.855500000000000000e+03,8.899371999999999616e+01,9.678385000000000460e-02,3.598759666666666511e+06
4.865500000000000000e+03,8.902614000000001226e+01,9.666124000000000938e-02,3.613712666666666511e+06
4.875500000000000000e+03,8.902970999999999435e+01,9.684588000000000918e-02,3.628697333333333023e+06
4.885500000000000000e+03,8.905442000000002167e+01,9.661361000000000254e-02,3.643713000000000000e+06
4.895500000000000000e+03,8.899954999999999927e+01,9.661758000000000846e-02,3.658760333333333023e+06
4.905500000000000000e+03,8.903141999999999712e+01,9.666868000000000682e-02,3.673839000000000000e+06
4.915500000000000000e+03,8.899100999999998862e+01,9.632462999999999442e-02,3.688949333333333489e+06
4.925500000000000000e+03,8.899486999999999171e+01,9.653583999999999776e-02,3.704090000000000000e+06
4.935500000000000000e+03,8.900970999999999833e+01,9.666424999999999323e-02,3.719263000000000000e+06
4.945500000000000000e+03,8.897840999999999667e+01,9.637522000000001143e-02,3.734466999999999069e+06
4.955500000000000000e+03,8.900113000000000341e+01,9.664497999999999145e-02,3.749700333333333489e+06
4.965500000000000000e+03,8.904641999999999769e+01,9.652951000000001280e-02,3.764967333333333023e+06
4.975500000000000000e+03,8.909299999999998931e+01,9.662988999999999606e-02,3.780263333333333489e+06
4.985500000000000000e+03,8.896027999999998315e+01,9.671364999999998435e-02,3.795592000000000000e+06
4.995500000000000000e+03,8.899656999999999130e+01,9.636460999999998944e-02,3.810951666666666977e+06
