5.500000000000000000e+00,6.596428000000000225e+01,2.215964199999999948e+02,9.444234233333332895e+00
1.550000000000000000e+01,6.347287000000000035e+01,3.168676999999999566e+01,5.647128000000000014e+01
2.550000000000000000e+01,6.401658000000000470e+01,2.051958000000000126e+01,1.412743633333333264e+02
3.550000000000000000e+01,6.438842000000001065e+01,1.508887999999999963e+01,2.609643333333333430e+02
4.550000000000000000e+01,6.361670000000000158e+01,1.109087099999999992e+01,4.141736333333333278e+02
5.550000000000000000e+01,6.710985999999999763e+01,1.036223799999999962e+01,5.999524666666667372e+02
6.550000000000000000e+01,6.484471999999998104e+01,7.208803000000000516e+00,8.182946666666667852e+02
7.550000000000000000e+01,6.978326999999998748e+01,6.595133999999999830e+00,1.068787266666666710e+03
8.550000000000000000e+01,7.184028999999998177e+01,5.481813000000000713e+00,1.351525000000000091e+03
9.550000000000000000e+01,7.599386000000001218e+01,3.756688599999999489e+00,1.667205666666666730e+03
1.055000000000000000e+02,7.800986000000000331e+01,2.775894300000000037e+00,2.015244000000000142e+03
1.155000000000000000e+02,7.460013999999999612e+01,3.406938699999999987e+00,2.395499666666666599e+03
1.255000000000000000e+02,7.559771000000000640e+01,3.423953000000000024e+00,2.808238333333333685e+03
1.355000000000000000e+02,7.635185999999998785e+01,2.980088000000000292e+00,3.253187333333332845e+03
1.455000000000000000e+02,7.421057000000000414e+01,2.610017000000000031e+00,3.730112666666666428e+03
1.555000000000000000e+02,7.609730000000000416e+01,2.557071300000000047e+00,4.239084666666667545e+03
1.655000000000000000e+02,7.745369999999999777e+01,2.009849899999999856e+00,4.780066666666667516e+03
1.755000000000000000e+02,7.641285000000000593e+01,2.072678400000000032e+00,5.352967666666666446e+03
1.855000000000000000e+02,7.426256000000000768e+01,2.183700499999999600e+00,5.957861333333333278e+03
1.955000000000000000e+02,7.942842000000000269e+01,1.537822999999999940e+00,6.595159666666666453e+03
2.055000000000000000e+02,7.801886000000000365e+01,1.612752799999999764e+00,7.264465999999998530e+03
2.155000000000000000e+02,7.689255999999997471e+01,1.419410800000000084e+00,7.965966999999998734e+03
2.255000000000000000e+02,7.896814000000000533e+01,1.482156999999999725e+00,8.699538666666667268e+03
2.355000000000000000e+02,7.846771000000001095e+01,1.374594099999999930e+00,9.465280333333334056e+03
2.455000000000000000e+02,7.908543999999999130e+01,1.200270600000000076e+00,1.026311266666666597e+04
2.555000000000000000e+02,7.882255999999999574e+01,1.188266500000000114e+00,1.109289999999999964e+04
2.655000000000000000e+02,7.986514999999999986e+01,1.101466300000000009e+00,1.195476666666666642e+04
2.755000000000000000e+02,8.004771999999999821e+01,1.247748599999999985e+00,1.284888000000000102e+04
2.855000000000000000e+02,8.235957000000000505e+01,7.713176999999999950e-01,1.377518000000000211e+04
2.955000000000000000e+02,8.218784000000000844e+01,8.790280000000001426e-01,1.473357000000000153e+04
3.055000000000000000e+02,8.180384999999998286e+01,8.638736000000000193e-01,1.572414666666666380e+04
3.155000000000000000e+02,8.184000000000000341e+01,6.070246999999999726e-01,1.674701999999999680e+04
3.255000000000000000e+02,8.263186000000000320e+01,6.608663000000000176e-01,1.780224666666666599e+04
3.355000000000000000e+02,8.189057999999999993e+01,7.030003000000000224e-01,1.888990666666666220e+04
3.455000000000000000e+02,8.304872000000000298e+01,5.515174999999998828e-01,2.000985333333333620e+04
3.555000000000000000e+02,8.264256999999999209e+01,5.417636999999999592e-01,2.116197000000000116e+04
3.655000000000000000e+02,8.275569999999999027e+01,4.949722999999999762e-01,2.234638000000000102e+04
3.755000000000000000e+02,8.379857000000001221e+01,3.993471999999999578e-01,2.356314333333333343e+04
3.855000000000000000e+02,8.366598999999999364e+01,4.590941000000000050e-01,2.481222333333333518e+04
3.955000000000000000e+02,8.331255000000000166e+01,4.977837999999999985e-01,2.609367000000000189e+04
4.055000000000000000e+02,8.302814000000000760e+01,3.963040999999999925e-01,2.740770666666666511e+04
4.155000000000000000e+02,8.310857999999998924e+01,3.999625000000000541e-01,2.875416333333333750e+04
4.255000000000000000e+02,8.382186000000000092e+01,3.469769000000000325e-01,3.013334666666666817e+04
4.355000000000000000e+02,8.364342000000000610e+01,3.686233999999999900e-01,3.154528000000000611e+04
4.455000000000000000e+02,8.321812999999998794e+01,3.366162000000000321e-01,3.298961333333333459e+04
4.555000000000000000e+02,8.483029000000001929e+01,2.852427000000000157e-01,3.446638333333333139e+04
4.655000000000000000e+02,8.458541999999998495e+01,2.819398999999999655e-01,3.597569333333332906e+04
4.755000000000000000e+02,8.347929000000002020e+01,3.245086000000000359e-01,3.751762666666667064e+04
4.855000000000000000e+02,8.464298999999998330e+01,3.508487000000000688e-01,3.909199666666666599e+04
4.955000000000000000e+02,8.457098999999999478e+01,3.263547999999999449e-01,4.069881666666666570e+04
5.055000000000000000e+02,8.430371999999999844e+01,2.803285999999999833e-01,4.233815666666666220e+04
5.155000000000000000e+02,8.490126999999999668e+01,2.554334999999999800e-01,4.401023666666667123e+04
5.255000000000000000e+02,8.535542000000000940e+01,2.743939999999999713e-01,4.571506333333333168e+04
5.355000000000000000e+02,8.518856999999999857e+01,2.771118000000000192e-01,4.745244666666667035e+04
5.455000000000000000e+02,8.592243000000000563e+01,2.447085999999999983e-01,4.922248000000000320e+04
5.555000000000000000e+02,8.456127000000000749e+01,2.192562000000000122e-01,5.102543999999999505e+04
5.655000000000000000e+02,8.605299999999999727e+01,2.583108000000000071e-01,5.286138333333333867e+04
5.755000000000000000e+02,8.453085999999998990e+01,2.220514000000000099e-01,5.472981333333333168e+04
5.855000000000000000e+02,8.579357999999999151e+01,2.193152999999999631e-01,5.663099000000000524e+04
5.955000000000000000e+02,8.582484000000000890e+01,2.145973999999999937e-01,5.856488000000000466e+04
6.055000000000000000e+02,8.634214000000000055e+01,2.278471999999999720e-01,6.053140999999999622e+04
6.155000000000000000e+02,8.412957000000000107e+01,1.911790999999999907e-01,6.253056999999999243e+04
6.255000000000000000e+02,8.492399000000000342e+01,1.654314000000000062e-01,6.456242666666665900e+04
6.355000000000000000e+02,8.599800000000000466e+01,1.688405000000000045e-01,6.662688999999998487e+04
6.455000000000000000e+02,8.570556000000001973e+01,2.177705000000000057e-01,6.872431333333333896e+04
6.555000000000000000e+02,8.560072999999998444e+01,2.084512999999999783e-01,7.085463999999999942e+04
6.655000000000000000e+02,8.491915000000001612e+01,1.385762000000000105e-01,7.301761000000000058e+04
6.755000000000000000e+02,8.517414999999999736e+01,1.630425999999999820e-01,7.521313000000000466e+04
6.855000000000000000e+02,8.545713999999999544e+01,1.582448999999999939e-01,7.744115000000000873e+04
6.955000000000000000e+02,8.418113999999999919e+01,1.227783000000000069e-01,7.970174000000001979e+04
7.055000000000000000e+02,8.418671000000000504e+01,1.437337000000000198e-01,8.199499666666667326e+04
7.155000000000000000e+02,8.608185000000000286e+01,1.695477999999999985e-01,8.432094666666668491e+04
7.255000000000000000e+02,8.583756999999998527e+01,1.655194999999999861e-01,8.667972666666665464e+04
7.355000000000000000e+02,8.591357000000000710e+01,1.650507999999999975e-01,8.907126333333333605e+04
7.455000000000000000e+02,8.593184999999999718e+01,1.911023000000000027e-01,9.149550000000000000e+04
7.555000000000000000e+02,8.617328999999999439e+01,1.693339999999999845e-01,9.395266333333333023e+04
7.655000000000000000e+02,8.645114999999999839e+01,1.427213999999999983e-01,9.644272999999999593e+04
7.755000000000000000e+02,8.508070999999999628e+01,1.513289999999999913e-01,9.896555999999999767e+04
7.855000000000000000e+02,8.575714000000002102e+01,1.647569000000000117e-01,1.015211666666666715e+05
7.955000000000000000e+02,8.583700000000000330e+01,1.542292999999999858e-01,1.041097333333333372e+05
8.055000000000000000e+02,8.562044000000000210e+01,1.382296999999999831e-01,1.067313333333333285e+05
8.155000000000000000e+02,8.531814999999998861e+01,1.307634000000000019e-01,1.093860666666666802e+05
8.255000000000000000e+02,8.534684000000001447e+01,1.653464000000000322e-01,1.120737333333333227e+05
8.355000000000000000e+02,8.688100999999998919e+01,1.742387000000000241e-01,1.147946333333333314e+05
8.455000000000000000e+02,8.618142000000000280e+01,1.708715999999999846e-01,1.175483666666666686e+05
8.555000000000000000e+02,8.632015000000001237e+01,1.614987999999999979e-01,1.203349666666666744e+05
8.655000000000000000e+02,8.666985999999999990e+01,2.032235000000000014e-01,1.231546333333333314e+05
8.755000000000000000e+02,8.552412999999998533e+01,1.432767999999999819e-01,1.260073000000000029e+05
8.855000000000000000e+02,8.614512999999999465e+01,1.643545999999999896e-01,1.288928000000000029e+05
8.955000000000000000e+02,8.587313000000000329e+01,1.551730000000000054e-01,1.318114333333332906e+05
9.055000000000000000e+02,8.612498999999999683e+01,1.556516000000000011e-01,1.347627999999999884e+05
9.155000000000000000e+02,8.560613999999999635e+01,1.399371999999999561e-01,1.377474000000000233e+05
9.255000000000000000e+02,8.566913999999999874e+01,1.422414000000000178e-01,1.407647999999999884e+05
9.355000000000000000e+02,8.546815000000000850e+01,1.451464000000000087e-01,1.438152333333333372e+05
9.455000000000000000e+02,8.554699999999999704e+01,1.395070999999999672e-01,1.468987333333333372e+05
9.555000000000000000e+02,8.567259000000001379e+01,1.508018000000000136e-01,1.500153999999999942e+05
9.655000000000000000e+02,8.555814999999999770e+01,1.471645000000000036e-01,1.531651000000000058e+05
9.755000000000000000e+02,8.494514000000000919e+01,1.353650000000000131e-01,1.563482333333333372e+05
9.855000000000000000e+02,8.562954999999999472e+01,1.347075000000000355e-01,1.595642333333333372e+05
9.955000000000000000e+02,8.585056999999999050e+01,1.427599999999999980e-01,1.628134000000000233e+05
1.005500000000000000e+03,8.550200999999999851e+01,1.386210999999999971e-01,1.660956000000000058e+05
1.015500000000000000e+03,8.451299000000000206e+01,1.302880000000000149e-01,1.694110000000000000e+05
1.025500000000000000e+03,8.542685000000000173e+01,1.199806000000000206e-01,1.727591666666666861e+05
1.035500000000000000e+03,8.549084999999999468e+01,1.254360999999999948e-01,1.761404666666666744e+05
1.045500000000000000e+03,8.443371999999999389e+01,1.123548000000000047e-01,1.795552000000000116e+05
1.055500000000000000e+03,8.471698000000000661e+01,1.217788000000000065e-01,1.830032999999999884e+05
1.065500000000000000e+03,8.456426999999999339e+01,1.133761999999999964e-01,1.864843333333333139e+05
1.075500000000000000e+03,8.519201000000001045e+01,1.136327000000000031e-01,1.899983666666666395e+05
1.085500000000000000e+03,8.613415000000000532e+01,1.165183999999999942e-01,1.935456333333333605e+05
1.095500000000000000e+03,8.402699999999998681e+01,1.121181999999999873e-01,1.971258999999999942e+05
1.105500000000000000e+03,8.437001000000000772e+01,1.118448999999999832e-01,2.007392999999999884e+05
1.115500000000000000e+03,8.581983999999999924e+01,1.210045000000000009e-01,2.043858333333333430e+05
1.125500000000000000e+03,8.556556999999999391e+01,1.148657000000000011e-01,2.080657999999999884e+05
1.135500000000000000e+03,8.643486999999998943e+01,1.178754000000000052e-01,2.117787999999999884e+05
1.145500000000000000e+03,8.463627999999998508e+01,1.171519000000000033e-01,2.155250333333333547e+05
1.155500000000000000e+03,8.653728999999998450e+01,1.125730999999999815e-01,2.193045666666666511e+05
1.165500000000000000e+03,8.604385999999999513e+01,1.128118999999999927e-01,2.231175000000000000e+05
1.175500000000000000e+03,8.503114000000000772e+01,1.102447000000000010e-01,2.269635000000000000e+05
1.185500000000000000e+03,8.594198999999998989e+01,1.156362999999999974e-01,2.308427333333333081e+05
1.195500000000000000e+03,8.590599999999999170e+01,1.111588000000000021e-01,2.347551666666666570e+05
1.205500000000000000e+03,8.613400000000000034e+01,1.127178000000000069e-01,2.387008666666666395e+05
1.215500000000000000e+03,8.620441999999999894e+01,1.140134999999999899e-01,2.426798333333333430e+05
1.225500000000000000e+03,8.716916000000000508e+01,1.107996999999999871e-01,2.466918666666666395e+05
1.235500000000000000e+03,8.679885000000000161e+01,1.099963000000000052e-01,2.507374333333332906e+05
1.245500000000000000e+03,8.760527999999999338e+01,1.129310000000000036e-01,2.548163666666666977e+05
1.255500000000000000e+03,8.716728000000000520e+01,1.092756000000000005e-01,2.589284333333333489e+05
1.265500000000000000e+03,8.700971999999998729e+01,1.154387999999999942e-01,2.630740000000000000e+05
1.275500000000000000e+03,8.693930000000000291e+01,1.104405999999999999e-01,2.672529333333333489e+05
1.285500000000000000e+03,8.662957999999999004e+01,1.087391000000000052e-01,2.714652333333333372e+05
1.295500000000000000e+03,8.657270999999998651e+01,1.087325000000000097e-01,2.757107999999999884e+05
1.305500000000000000e+03,8.657456000000000529e+01,1.109793999999999919e-01,2.799897333333332790e+05
1.315500000000000000e+03,8.776444000000000756e+01,1.110672000000000048e-01,2.843018666666666977e+05
1.325500000000000000e+03,8.682057000000000357e+01,1.096222999999999920e-01,2.886471333333333605e+05
1.335500000000000000e+03,8.695541999999998950e+01,1.081128000000000089e-01,2.930262999999999884e+05
1.345500000000000000e+03,8.691085999999999956e+01,1.076756000000000102e-01,2.974388666666666395e+05
1.355500000000000000e+03,8.761042000000000485e+01,1.075347999999999998e-01,3.018845666666667094e+05
1.365500000000000000e+03,8.683257000000000403e+01,1.082402999999999976e-01,3.063632666666667210e+05
1.375500000000000000e+03,8.651113999999999749e+01,1.082926000000000027e-01,3.108754000000000233e+05
1.385500000000000000e+03,8.771870000000001255e+01,1.077226999999999907e-01,3.154210333333333256e+05
1.395500000000000000e+03,8.714142000000001076e+01,1.076006999999999936e-01,3.199998666666666395e+05
1.405500000000000000e+03,8.721329000000000065e+01,1.063652000000000070e-01,3.246126333333334187e+05
1.415500000000000000e+03,8.752056000000000324e+01,1.066346999999999989e-01,3.292587999999999884e+05
1.425500000000000000e+03,8.780287000000001285e+01,1.066164000000000139e-01,3.339380999999999767e+05
1.435500000000000000e+03,8.775500999999999863e+01,1.060335000000000027e-01,3.386507999999999884e+05
1.445500000000000000e+03,8.801014999999999588e+01,1.054411999999999849e-01,3.433968666666666977e+05
1.455500000000000000e+03,8.807728000000000179e+01,1.065618999999999872e-01,3.481765666666665929e+05
1.465500000000000000e+03,8.817143000000000086e+01,1.055499999999999911e-01,3.529897999999999884e+05
1.475500000000000000e+03,8.807085999999999615e+01,1.048821000000000059e-01,3.578365000000000000e+05
1.485500000000000000e+03,8.802171000000001300e+01,1.057533999999999974e-01,3.627164000000000233e+05
1.495500000000000000e+03,8.722201000000001159e+01,1.057145999999999919e-01,3.676297999999999884e+05
1.505500000000000000e+03,8.750985999999998910e+01,1.050432999999999922e-01,3.725766333333334187e+05
1.515500000000000000e+03,8.778556999999999277e+01,1.054235999999999923e-01,3.775569000000000233e+05
1.525500000000000000e+03,8.787785999999999831e+01,1.062366000000000144e-01,3.825710000000000000e+05
1.535500000000000000e+03,8.788013000000000829e+01,1.058368999999999838e-01,3.876182666666666628e+05
1.545500000000000000e+03,8.814628999999999337e+01,1.049550999999999956e-01,3.926988333333333139e+05
1.555500000000000000e+03,8.795784999999999343e+01,1.042367000000000016e-01,3.978129000000000233e+05
1.565500000000000000e+03,8.805672000000001276e+01,1.046704999999999997e-01,4.029605000000000000e+05
1.575500000000000000e+03,8.801514000000000237e+01,1.047441999999999956e-01,4.081415000000000000e+05
1.585500000000000000e+03,8.817458000000002016e+01,1.042740999999999946e-01,4.133559333333333489e+05
1.595500000000000000e+03,8.814827999999998553e+01,1.042040000000000050e-01,4.186038333333333721e+05
1.605500000000000000e+03,8.823086000000000695e+01,1.045425999999999994e-01,4.238850333333333256e+05
1.615500000000000000e+03,8.832401000000000124e+01,1.041043999999999858e-01,4.291997999999999884e+05
1.625500000000000000e+03,8.851771999999998286e+01,1.042928000000000049e-01,4.345482666666667210e+05
1.635500000000000000e+03,8.825714999999999577e+01,1.039430999999999966e-01,4.399305999999999767e+05
1.645500000000000000e+03,8.828915000000000646e+01,1.040529999999999927e-01,4.453465000000000000e+05
1.655500000000000000e+03,8.833355999999999142e+01,1.035374000000000017e-01,4.507964000000000233e+05
1.665500000000000000e+03,8.819813999999999510e+01,1.036851999999999913e-01,4.562798333333333139e+05
1.675500000000000000e+03,8.833299000000002366e+01,1.034573000000000020e-01,4.617967999999999884e+05
1.685500000000000000e+03,8.844843000000000188e+01,1.035347999999999963e-01,4.673474333333334071e+05
1.695500000000000000e+03,8.841285999999999490e+01,1.037219000000000058e-01,4.729317000000000116e+05
1.705500000000000000e+03,8.826498999999999739e+01,1.034630000000000133e-01,4.785495666666665929e+05
1.715500000000000000e+03,8.842443000000000097e+01,1.031077000000000243e-01,4.842013333333333139e+05
1.725500000000000000e+03,8.835857999999998924e+01,1.035916999999999949e-01,4.898867999999999884e+05
1.735500000000000000e+03,8.828356999999999744e+01,1.041206999999999966e-01,4.956056666666666861e+05
1.745500000000000000e+03,8.847558000000000789e+01,1.033004999999999896e-01,5.013579666666666744e+05
1.755500000000000000e+03,8.820255999999999119e+01,1.033427000000000096e-01,5.071438333333333139e+05
1.765500000000000000e+03,8.838173000000000457e+01,1.033140000000000169e-01,5.129636666666666861e+05
1.775500000000000000e+03,8.832543000000001143e+01,1.029850999999999822e-01,5.188172333333332790e+05
1.785500000000000000e+03,8.804242000000000701e+01,1.034199999999999980e-01,5.247041666666666279e+05
1.795500000000000000e+03,8.844829000000000008e+01,1.026364000000000026e-01,5.306253333333332557e+05
1.805500000000000000e+03,8.824429000000000656e+01,1.023080999999999852e-01,5.365800999999999767e+05
1.815500000000000000e+03,8.846828999999999610e+01,1.022603000000000123e-01,5.425680999999998603e+05
1.825500000000000000e+03,8.824929999999999097e+01,1.024708000000000008e-01,5.485899000000000233e+05
1.835500000000000000e+03,8.824257000000000062e+01,1.029901000000000011e-01,5.546455999999999767e+05
1.845500000000000000e+03,8.823571999999998638e+01,1.025448999999999805e-01,5.607348333333333721e+05
1.855500000000000000e+03,8.839969999999998151e+01,1.032390000000000113e-01,5.668574333333333489e+05
1.865500000000000000e+03,8.840271999999998798e+01,1.041230999999999962e-01,5.730136333333333023e+05
1.875500000000000000e+03,8.851615999999999929e+01,1.027433000000000096e-01,5.792040333333332092e+05
1.885500000000000000e+03,8.845014999999999361e+01,1.023344999999999949e-01,5.854283999999999069e+05
1.895500000000000000e+03,8.849399999999999977e+01,1.021185999999999899e-01,5.916864000000000233e+05
1.905500000000000000e+03,8.802371999999999730e+01,1.031344999999999901e-01,5.979785333333333256e+05
1.915500000000000000e+03,8.790070000000000050e+01,1.031611999999999946e-01,6.043045666666666511e+05
1.925500000000000000e+03,8.845472000000000889e+01,1.029539999999999900e-01,6.106641333333334187e+05
1.935500000000000000e+03,8.851573000000000491e+01,1.027261999999999897e-01,6.170575999999998603e+05
1.945500000000000000e+03,8.822257999999999356e+01,1.036987999999999799e-01,6.234848333333333721e+05
1.955500000000000000e+03,8.844785999999999149e+01,1.027592999999999979e-01,6.299454333333333489e+05
1.965500000000000000e+03,8.837299999999999045e+01,1.026019999999999988e-01,6.364393333333332557e+05
1.975500000000000000e+03,8.832142000000000337e+01,1.032566999999999791e-01,6.429664999999998836e+05
1.985500000000000000e+03,8.847328999999999155e+01,1.024280000000000052e-01,6.495271333333334187e+05
1.995500000000000000e+03,8.815441999999998757e+01,1.030505999999999922e-01,6.561212666666666046e+05
2.005500000000000000e+03,8.847385999999998774e+01,1.025895000000000001e-01,6.627489000000000233e+05
2.015500000000000000e+03,8.868743999999999517e+01,1.025935000000000041e-01,6.694094666666665580e+05
2.025500000000000000e+03,8.862316000000001281e+01,1.023922999999999917e-01,6.761036999999999534e+05
2.035500000000000000e+03,8.846373000000001241e+01,1.018040999999999946e-01,6.828311999999999534e+05
2.045500000000000000e+03,8.855629999999999313e+01,1.021445000000000131e-01,6.895921999999999534e+05
2.055500000000000000e+03,8.852600000000001046e+01,1.020680000000000059e-01,6.963865666666666511e+05
2.065500000000000000e+03,8.869599999999999795e+01,1.020456000000000002e-01,7.032145000000001164e+05
2.075500000000000000e+03,8.872528999999998689e+01,1.025049999999999989e-01,7.100760333333333256e+05
2.085500000000000000e+03,8.863557000000000130e+01,1.022580999999999907e-01,7.169714000000000233e+05
2.095500000000000000e+03,8.881644000000000005e+01,1.019075999999999871e-01,7.239002333333333954e+05
2.105500000000000000e+03,8.862158000000000868e+01,1.022972999999999938e-01,7.308628333333333721e+05
2.115500000000000000e+03,8.863888000000000034e+01,1.019785000000000136e-01,7.378592666666667210e+05
2.125500000000000000e+03,8.876557999999999993e+01,1.019132999999999845e-01,7.448895999999999767e+05
2.135500000000000000e+03,8.884427000000000874e+01,1.018889999999999796e-01,7.519536999999999534e+05
2.145500000000000000e+03,8.883914999999998940e+01,1.014869000000000049e-01,7.590515333333333256e+05
2.155500000000000000e+03,8.853756999999998811e+01,1.021841999999999889e-01,7.661829999999998836e+05
2.165500000000000000e+03,8.870958000000000254e+01,1.022340999999999944e-01,7.733483333333333721e+05
2.175500000000000000e+03,8.877042000000001565e+01,1.014147999999999994e-01,7.805474333333333489e+05
2.185500000000000000e+03,8.851757000000000630e+01,1.015151999999999860e-01,7.877799333333333489e+05
2.195500000000000000e+03,8.882584999999998843e+01,1.011589400000000027e-01,7.950460333333333256e+05
2.205500000000000000e+03,8.853356999999999744e+01,1.013217700000000054e-01,8.023458666666665813e+05
2.215500000000000000e+03,8.874443999999998312e+01,1.014637000000000039e-01,8.096796000000000931e+05
2.225500000000000000e+03,8.870886000000000138e+01,1.011428900000000131e-01,8.170475333333333256e+05
2.235500000000000000e+03,8.873141999999999996e+01,1.011177200000000082e-01,8.244493333333333721e+05
2.245500000000000000e+03,8.864856999999999232e+01,1.010256599999999894e-01,8.318845666666666511e+05
2.255500000000000000e+03,8.877871000000000379e+01,1.005907600000000013e-01,8.393535999999999767e+05
2.265500000000000000e+03,8.852913999999999817e+01,1.011724000000000095e-01,8.468564000000000233e+05
2.275500000000000000e+03,8.867716000000000065e+01,1.009003299999999825e-01,8.543926666666666279e+05
2.285500000000000000e+03,8.870700999999999681e+01,1.007363399999999798e-01,8.619623000000000466e+05
2.295500000000000000e+03,8.875957999999999970e+01,1.005868199999999935e-01,8.695658333333332557e+05
2.305500000000000000e+03,8.880573000000001116e+01,1.004789199999999993e-01,8.772030666666666511e+05
2.315500000000000000e+03,8.882527999999999224e+01,1.005772400000000122e-01,8.848741999999999534e+05
2.325500000000000000e+03,8.859586000000000183e+01,1.009136999999999951e-01,8.925788666666665813e+05
2.335500000000000000e+03,8.872000000000001307e+01,1.005347099999999855e-01,9.003172666666666046e+05
2.345500000000000000e+03,8.855371999999998422e+01,1.008418000000000092e-01,9.080893000000000466e+05
2.355500000000000000e+03,8.866157000000001176e+01,1.009210299999999949e-01,9.158950666666666511e+05
2.365500000000000000e+03,8.861612999999999829e+01,1.003526700000000049e-01,9.237351333333334187e+05
2.375500000000000000e+03,8.865272000000000219e+01,9.995809999999999418e-02,9.316089666666665580e+05
2.385500000000000000e+03,8.854057000000000244e+01,1.003535500000000136e-01,9.395164999999997672e+05
2.395500000000000000e+03,8.853528000000000020e+01,1.004605700000000129e-01,9.474577666666666046e+05
2.405500000000000000e+03,8.852942999999999074e+01,1.003958900000000015e-01,9.554330000000000000e+05
2.415500000000000000e+03,8.846842000000000894e+01,1.004531899999999978e-01,9.634420000000000000e+05
2.425500000000000000e+03,8.865272000000001640e+01,1.003793699999999955e-01,9.714846999999999534e+05
2.435500000000000000e+03,8.869572000000002276e+01,1.003605400000000120e-01,9.795610333333334420e+05
2.445500000000000000e+03,8.866011999999999205e+01,9.988924999999999887e-02,9.876710000000000000e+05
2.455500000000000000e+03,8.876057999999999026e+01,1.003023499999999846e-01,9.958145666666667676e+05
2.465500000000000000e+03,8.877197999999999922e+01,1.004772899999999830e-01,1.003991800000000047e+06
2.475500000000000000e+03,8.876215000000000543e+01,1.001202499999999940e-01,1.012204000000000000e+06
2.485500000000000000e+03,8.873757999999999413e+01,1.002203299999999964e-01,1.020448333333333256e+06
2.495500000000000000e+03,8.879757000000000744e+01,9.992848000000001396e-02,1.028727333333333372e+06
2.505500000000000000e+03,8.880742999999999654e+01,1.000165600000000043e-01,1.037040666666666628e+06
2.515500000000000000e+03,8.890357999999999095e+01,9.975300000000000833e-02,1.045386666666666628e+06
2.525500000000000000e+03,8.880258000000000607e+01,1.002588499999999827e-01,1.053767000000000000e+06
2.535500000000000000e+03,8.874957000000000562e+01,9.995400999999999592e-02,1.062180333333333489e+06
2.545500000000000000e+03,8.861100000000000421e+01,9.995181999999999678e-02,1.070628666666666511e+06
2.555500000000000000e+03,8.885528000000000759e+01,1.001677199999999879e-01,1.079110333333333256e+06
2.565500000000000000e+03,8.876828000000000429e+01,1.002668100000000118e-01,1.087625000000000233e+06
2.575500000000000000e+03,8.890314000000000760e+01,9.995930000000000093e-02,1.096175000000000233e+06
2.585500000000000000e+03,8.871856999999999971e+01,9.952365999999998603e-02,1.104757666666666744e+06
2.595500000000000000e+03,8.879026999999999248e+01,9.982660000000000144e-02,1.113375333333333256e+06
2.605500000000000000e+03,8.878299000000001229e+01,9.985805000000000375e-02,1.122025333333333489e+06
2.615500000000000000e+03,8.879757999999999640e+01,9.961526000000001102e-02,1.130709666666666511e+06
2.625500000000000000e+03,8.880085999999998592e+01,9.951119999999999410e-02,1.139426333333333489e+06
2.635500000000000000e+03,8.890843999999999880e+01,9.974552999999999892e-02,1.148180333333333489e+06
2.645500000000000000e+03,8.881414999999999793e+01,9.995257999999999921e-02,1.156966333333333489e+06
2.655500000000000000e+03,8.880558000000000618e+01,9.946759000000000850e-02,1.165786999999999767e+06
2.665500000000000000e+03,8.882185000000001196e+01,9.943881000000001635e-02,1.174640333333333489e+06
2.675500000000000000e+03,8.880414999999999281e+01,9.973887000000000724e-02,1.183527333333333256e+06
2.685500000000000000e+03,8.884942999999999813e+01,9.942912000000000972e-02,1.192449000000000233e+06
2.695500000000000000e+03,8.876971000000000345e+01,9.950272999999999757e-02,1.201405000000000000e+06
2.705500000000000000e+03,8.885170999999999708e+01,9.961781000000000108e-02,1.210393666666666511e+06
2.715500000000000000e+03,8.874055999999998789e+01,9.972101999999999355e-02,1.219416333333333256e+06
2.725500000000000000e+03,8.889587000000000216e+01,9.928725999999998830e-02,1.228474333333333489e+06
2.735500000000000000e+03,8.882971000000000572e+01,9.941431000000000573e-02,1.237565000000000000e+06
2.745500000000000000e+03,8.893271000000001436e+01,9.959519000000001399e-02,1.246692000000000000e+06
2.755500000000000000e+03,8.886314999999999031e+01,9.907615000000000172e-02,1.255850333333333489e+06
2.765500000000000000e+03,8.878756000000001336e+01,9.948332000000001396e-02,1.265043666666666511e+06
2.775500000000000000e+03,8.883014999999998906e+01,9.880342000000000291e-02,1.274270333333333256e+06
2.785500000000000000e+03,8.888784999999998604e+01,9.915750999999999038e-02,1.283531666666666511e+06
2.795500000000000000e+03,8.877957999999999572e+01,9.935834000000000332e-02,1.292826999999999767e+06
2.805500000000000000e+03,8.880970999999999549e+01,9.895073999999999537e-02,1.302158000000000000e+06
2.815500000000000000e+03,8.894671999999999912e+01,9.948788000000000076e-02,1.311518666666666744e+06
2.825500000000000000e+03,8.882628000000001123e+01,9.880968000000001084e-02,1.320915000000000233e+06
2.835500000000000000e+03,8.891600000000001103e+01,9.898374000000000061e-02,1.330346000000000000e+06
2.845500000000000000e+03,8.881557999999999709e+01,9.894922000000000439e-02,1.339810333333333489e+06
2.855500000000000000e+03,8.880899999999999750e+01,9.863302000000000180e-02,1.349310333333333489e+06
2.865500000000000000e+03,8.889972000000000207e+01,9.885396999999999934e-02,1.358841666666666511e+06
2.875500000000000000e+03,8.883129000000000985e+01,9.889375999999999722e-02,1.368408333333333489e+06
2.885500000000000000e+03,8.882542999999998301e+01,9.852199000000000373e-02,1.378009333333333256e+06
2.895500000000000000e+03,8.884243000000000734e+01,9.860850000000001558e-02,1.387644333333333489e+06
2.905500000000000000e+03,8.880257000000001710e+01,9.887445000000000261e-02,1.397312666666666511e+06
2.915500000000000000e+03,8.884371000000000151e+01,9.847494999999999166e-02,1.407014333333333489e+06
2.925500000000000000e+03,8.882572000000000401e+01,9.873976000000000974e-02,1.416750333333333489e+06
2.935500000000000000e+03,8.883916000000000679e+01,9.830758000000000552e-02,1.426520000000000000e+06
2.945500000000000000e+03,8.880570000000000164e+01,9.851997999999999311e-02,1.436324000000000233e+06
2.955500000000000000e+03,8.882315000000001248e+01,9.900403000000000675e-02,1.446161000000000000e+06
2.965500000000000000e+03,8.880227999999999611e+01,9.865912000000000293e-02,1.456031666666666744e+06
2.975500000000000000e+03,8.883329000000000519e+01,9.873084000000000027e-02,1.465936666666666744e+06
2.985500000000000000e+03,8.886202000000000112e+01,9.825604999999999756e-02,1.475875000000000000e+06
2.995500000000000000e+03,8.878972000000001685e+01,9.843774999999999054e-02,1.485848666666666744e+06
3.005500000000000000e+03,8.873085000000000377e+01,9.804740000000000677e-02,1.495854333333333489e+06
3.015500000000000000e+03,8.878072000000000230e+01,9.838959999999999373e-02,1.505896000000000000e+06
3.025500000000000000e+03,8.875227999999999895e+01,9.839736000000000316e-02,1.515970000000000000e+06
3.035500000000000000e+03,8.885228000000000748e+01,9.862531999999998855e-02,1.526077333333333256e+06
3.045500000000000000e+03,8.865114000000001226e+01,9.842014000000001706e-02,1.536219666666666744e+06
3.055500000000000000e+03,8.880915000000000248e+01,9.810319000000000678e-02,1.546396000000000000e+06
3.065500000000000000e+03,8.868299999999997851e+01,9.801563999999998722e-02,1.556606000000000000e+06
3.075500000000000000e+03,8.867102000000001283e+01,9.885826000000000335e-02,1.566848666666666511e+06
3.085500000000000000e+03,8.882428999999999064e+01,9.816845000000000432e-02,1.577127666666666744e+06
3.095500000000000000e+03,8.880715000000000714e+01,9.819649999999999213e-02,1.587438666666666744e+06
3.105500000000000000e+03,8.884400000000000830e+01,9.789512999999999687e-02,1.597784666666666511e+06
3.115500000000000000e+03,8.879229000000000838e+01,9.794169999999999265e-02,1.608164000000000000e+06
3.125500000000000000e+03,8.875843000000000416e+01,9.786854000000000386e-02,1.618577333333333256e+06
3.135500000000000000e+03,8.879556999999998368e+01,9.810689000000001603e-02,1.629025000000000000e+06
3.145500000000000000e+03,8.878344999999998777e+01,9.820666000000000118e-02,1.639507666666666744e+06
3.155500000000000000e+03,8.875700000000000500e+01,9.786082999999998200e-02,1.650023000000000000e+06
3.165500000000000000e+03,8.874372999999999934e+01,9.764269000000000420e-02,1.660573333333333489e+06
3.175500000000000000e+03,8.873385999999999285e+01,9.802451999999998999e-02,1.671156666666666511e+06
3.185500000000000000e+03,8.878472000000000719e+01,9.778528999999999693e-02,1.681772666666666511e+06
3.195500000000000000e+03,8.871443000000002144e+01,9.783809000000000256e-02,1.692424666666666511e+06
3.205500000000000000e+03,8.881515999999999167e+01,9.769068999999999670e-02,1.703109333333333256e+06
3.215500000000000000e+03,8.880771000000000015e+01,9.777277999999998970e-02,1.713830333333333256e+06
3.225500000000000000e+03,8.875114999999998133e+01,9.787221999999999589e-02,1.724584000000000000e+06
3.235500000000000000e+03,8.883585999999999672e+01,9.751334999999998476e-02,1.735372333333333256e+06
3.245500000000000000e+03,8.873968999999999596e+01,9.798791999999997837e-02,1.746193333333333256e+06
3.255500000000000000e+03,8.888571000000000311e+01,9.795242999999999312e-02,1.757049333333333256e+06
3.265500000000000000e+03,8.876071999999999207e+01,9.771270999999998041e-02,1.767940333333333256e+06
3.275500000000000000e+03,8.874757000000001028e+01,9.785847000000000295e-02,1.778862333333333256e+06
3.285500000000000000e+03,8.880527999999999622e+01,9.774446999999999997e-02,1.789821666666666744e+06
3.295500000000000000e+03,8.889542000000000144e+01,9.762701999999998104e-02,1.800813666666666511e+06
3.305500000000000000e+03,8.874187000000000580e+01,9.780039999999999567e-02,1.811839666666666511e+06
3.315500000000000000e+03,8.866400999999999044e+01,9.770261999999999003e-02,1.822898666666666744e+06
3.325500000000000000e+03,8.865898999999998864e+01,9.768430999999999642e-02,1.833992333333333256e+06
3.335500000000000000e+03,8.871486000000000161e+01,9.766320000000001944e-02,1.845121000000000000e+06
3.345500000000000000e+03,8.871856999999999971e+01,9.763750999999998292e-02,1.856282666666666744e+06
3.355500000000000000e+03,8.890028999999999826e+01,9.728132000000000446e-02,1.867478333333333256e+06
3.365500000000000000e+03,8.873886000000000251e+01,9.776873999999999287e-02,1.878709333333333256e+06
3.375500000000000000e+03,8.886027999999998883e+01,9.747852999999997992e-02,1.889973999999999534e+06
3.385500000000000000e+03,8.874485000000001378e+01,9.764984000000000164e-02,1.901273666666666744e+06
3.395500000000000000e+03,8.880600000000001160e+01,9.739162999999999293e-02,1.912606000000000000e+06
3.405500000000000000e+03,8.861329000000000633e+01,9.783695000000000586e-02,1.923973333333333256e+06
3.415500000000000000e+03,8.863343000000000416e+01,9.738740999999999370e-02,1.935374333333333256e+06
3.425500000000000000e+03,8.866013999999999839e+01,9.764257000000001185e-02,1.946811000000000000e+06
3.435500000000000000e+03,8.861285000000000878e+01,9.733407000000000864e-02,1.958279333333333489e+06
3.445500000000000000e+03,8.869971999999999923e+01,9.766060000000001406e-02,1.969783000000000000e+06
3.455500000000000000e+03,8.865372999999999593e+01,9.791384999999999672e-02,1.981321666666666511e+06
3.465500000000000000e+03,8.870414999999999850e+01,9.785063999999998874e-02,1.992891666666666744e+06
3.475500000000000000e+03,8.873614999999999498e+01,9.737967999999999624e-02,2.004497000000000466e+06
3.485500000000000000e+03,8.867328000000000543e+01,9.739836000000001714e-02,2.016136666666666744e+06
3.495500000000000000e+03,8.880883999999998935e+01,9.772153999999999563e-02,2.027811000000000000e+06
3.505500000000000000e+03,8.865658000000000527e+01,9.734671999999999770e-02,2.039517333333333489e+06
3.515500000000000000e+03,8.877843000000000018e+01,9.741773000000000793e-02,2.051258666666666744e+06
3.525500000000000000e+03,8.874456000000000699e+01,9.722787000000000790e-02,2.063033333333333256e+06
3.535500000000000000e+03,8.867628999999999451e+01,9.741434000000000204e-02,2.074842000000000000e+06
3.545500000000000000e+03,8.874143999999999721e+01,9.718569000000000513e-02,2.086684333333333489e+06
3.555500000000000000e+03,8.872299999999998477e+01,9.733664999999999679e-02,2.098562000000000000e+06
3.565500000000000000e+03,8.870000999999999181e+01,9.744246999999998937e-02,2.110473333333333023e+06
3.575500000000000000e+03,8.875327999999998951e+01,9.717197999999999114e-02,2.122419666666666977e+06
3.585500000000000000e+03,8.872742999999999824e+01,9.739101000000000008e-02,2.134397333333333023e+06
3.595500000000000000e+03,8.876028999999999769e+01,9.720892000000000421e-02,2.146411333333333489e+06
3.605500000000000000e+03,8.872886000000001161e+01,9.728752000000000233e-02,2.158459333333333023e+06
3.615500000000000000e+03,8.889128999999999792e+01,9.702402000000001636e-02,2.170540000000000466e+06
3.625500000000000000e+03,8.879086999999999819e+01,9.692781999999999787e-02,2.182655333333333023e+06
3.635500000000000000e+03,8.877714000000000283e+01,9.698566000000000131e-02,2.194804333333333023e+06
3.645500000000000000e+03,8.876442000000000121e+01,9.696191000000001226e-02,2.206988666666666977e+06
3.655500000000000000e+03,8.884712999999997862e+01,9.676039000000000168e-02,2.219206000000000000e+06
3.665500000000000000e+03,8.873742999999998915e+01,9.706330999999999987e-02,2.231457999999999534e+06
3.675500000000000000e+03,8.879742000000000246e+01,9.681491999999999876e-02,2.243742999999999534e+06
3.685500000000000000e+03,8.881471999999999412e+01,9.688605999999998220e-02,2.256063000000000000e+06
3.695500000000000000e+03,8.886785000000000423e+01,9.653562000000001642e-02,2.268416666666666977e+06
3.705500000000000000e+03,8.878171999999999287e+01,9.675989999999998203e-02,2.280803666666666977e+06
3.715500000000000000e+03,8.890601000000000909e+01,9.687397999999999842e-02,2.293226000000000000e+06
3.725500000000000000e+03,8.881513999999999953e+01,9.662598999999998106e-02,2.305682333333333489e+06
3.735500000000000000e+03,8.886315000000000452e+01,9.668591999999998077e-02,2.318172333333333023e+06
3.745500000000000000e+03,8.890541999999999234e+01,9.664272000000000140e-02,2.330696666666666977e+06
3.755500000000000000e+03,8.885342000000001406e+01,9.673469999999999291e-02,2.343255333333333489e+06
3.765500000000000000e+03,8.871372999999999820e+01,9.659043000000000490e-02,2.355849000000000000e+06
3.775500000000000000e+03,8.877813000000000443e+01,9.644026999999999461e-02,2.368476666666666977e+06
3.785500000000000000e+03,8.888899999999999579e+01,9.649984999999999813e-02,2.381135666666666977e+06
3.795500000000000000e+03,8.880913000000001034e+01,9.668061000000000016e-02,2.393831666666666977e+06
3.805500000000000000e+03,8.878670999999999935e+01,9.631087000000000675e-02,2.406561333333333023e+06
3.815500000000000000e+03,8.886400000000000432e+01,9.667754000000000625e-02,2.419323666666666977e+06
3.825500000000000000e+03,8.881972000000000378e+01,9.657940000000000969e-02,2.432122000000000000e+06
3.835500000000000000e+03,8.884855999999999199e+01,9.657849000000001682e-02,2.444952666666666977e+06
3.845500000000000000e+03,8.873959000000000685e+01,9.652099000000000095e-02,2.457818666666666977e+06
3.855500000000000000e+03,8.881799999999999784e+01,9.632656000000000551e-02,2.470718333333333023e+06
3.865500000000000000e+03,8.872529000000000110e+01,9.651446000000001024e-02,2.483653000000000000e+06
3.875500000000000000e+03,8.885499999999998977e+01,9.673149000000000330e-02,2.496618666666666511e+06
3.885500000000000000e+03,8.883301000000001579e+01,9.661651000000000267e-02,2.509620333333333489e+06
3.895500000000000000e+03,8.884900000000000375e+01,9.666051000000000504e-02,2.522653333333333023e+06
3.905500000000000000e+03,8.892213999999999885e+01,9.677619000000001193e-02,2.535723666666666511e+06
3.915500000000000000e+03,8.886086000000000240e+01,9.616877999999999538e-02,2.548825000000000000e+06
3.925500000000000000e+03,8.899944000000000699e+01,9.637935999999999725e-02,2.561960333333333023e+06
3.935500000000000000e+03,8.894928000000000168e+01,9.666291000000000466e-02,2.575132666666666977e+06
3.945500000000000000e+03,8.891187000000000751e+01,9.611951999999998608e-02,2.588336333333333023e+06
3.955500000000000000e+03,8.893415000000000248e+01,9.648660000000000569e-02,2.601575333333333023e+06
3.965500000000000000e+03,8.891357000000000710e+01,9.632158999999999860e-02,2.614845333333333489e+06
3.975500000000000000e+03,8.894572000000000855e+01,9.656812000000000729e-02,2.628151666666666977e+06
3.985500000000000000e+03,8.888870000000000005e+01,9.618187999999999738e-02,2.641491333333333489e+06
3.995500000000000000e+03,8.902527000000000612e+01,9.631007999999999236e-02,2.654864666666666977e+06
4.005500000000000000e+03,8.892802000000000362e+01,9.625119000000001424e-02,2.668271999999999534e+06
4.015500000000000000e+03,8.891499999999999204e+01,9.613624000000001169e-02,2.681714000000000000e+06
4.025500000000000000e+03,8.888401000000001773e+01,9.620645999999999365e-02,2.695190666666666977e+06
4.035500000000000000e+03,8.893240999999999019e+01,9.613632000000001121e-02,2.708700666666666977e+06
4.045500000000000000e+03,8.897057000000000926e+01,9.632736999999999550e-02,2.722244333333333023e+06
4.055500000000000000e+03,8.896385999999999683e+01,9.663539000000000156e-02,2.735822000000000000e+06
4.065500000000000000e+03,8.892257999999999640e+01,9.616269999999998985e-02,2.749434000000000000e+06
4.075500000000000000e+03,8.897143000000001223e+01,9.606180000000000274e-02,2.763080666666666977e+06
4.085500000000000000e+03,8.880956000000000472e+01,9.610447000000001128e-02,2.776760000000000466e+06
4.095500000000000000e+03,8.899872000000000583e+01,9.613627999999999063e-02,2.790474333333333023e+06
4.105500000000000000e+03,8.888956000000000301e+01,9.608690999999999760e-02,2.804221333333333023e+06
4.115500000000000000e+03,8.885242999999999824e+01,9.625236000000000902e-02,2.818005333333333489e+06
4.125500000000000000e+03,8.896314000000000988e+01,9.607334000000000707e-02,2.831821333333333023e+06
4.135500000000000000e+03,8.891628000000000043e+01,9.595233999999999708e-02,2.845672333333333489e+06
4.145500000000000000e+03,8.898470999999999265e+01,9.620035999999999865e-02,2.859557000000000466e+06
4.155500000000000000e+03,8.892386999999999375e+01,9.619120000000000448e-02,2.873475000000000466e+06
4.165500000000000000e+03,8.897229000000000099e+01,9.621248999999999774e-02,2.887428333333333489e+06
4.175500000000000000e+03,8.891928000000000054e+01,9.612116000000001104e-02,2.901415666666666977e+06
4.185500000000000000e+03,8.884772000000000958e+01,9.637515999999998750e-02,2.915435666666666977e+06
4.195500000000000000e+03,8.883642000000000394e+01,9.618179000000000312e-02,2.929491333333333489e+06
4.205500000000000000e+03,8.894728999999999530e+01,9.604106999999999228e-02,2.943581000000000000e+06
4.215500000000000000e+03,8.896544000000000096e+01,9.612073999999999618e-02,2.957704999999999534e+06
4.225500000000000000e+03,8.898812999999999818e+01,9.635835000000000927e-02,2.971862333333333023e+06
4.235500000000000000e+03,8.895941999999999439e+01,9.593490999999999824e-02,2.986054333333333489e+06
4.245500000000000000e+03,8.899170999999998344e+01,9.618477000000000277e-02,3.000280666666666977e+06
4.255500000000000000e+03,8.899272000000000560e+01,9.634781000000000595e-02,3.014539333333333489e+06
4.265500000000000000e+03,8.901300000000000523e+01,9.655240000000001044e-02,3.028833666666666511e+06
4.275500000000000000e+03,8.890628999999999849e+01,9.622800000000000797e-02,3.043161333333333023e+06
4.285500000000000000e+03,8.907872000000000412e+01,9.638894000000000628e-02,3.057523333333333489e+06
4.295500000000000000e+03,8.897028000000000247e+01,9.634386999999999812e-02,3.071918666666666511e+06
4.305500000000000000e+03,8.898929000000001110e+01,9.637292000000000081e-02,3.086347666666666977e+06
4.315500000000000000e+03,8.900799999999999557e+01,9.649546999999998598e-02,3.100813000000000000e+06
4.325500000000000000e+03,8.902285000000000537e+01,9.635111999999999843e-02,3.115310666666666977e+06
4.335500000000000000e+03,8.898442000000000007e+01,9.646212999999999316e-02,3.129842000000000000e+06
4.345500000000000000e+03,8.903041999999999234e+01,9.640672999999999604e-02,3.144408999999999534e+06
4.355500000000000000e+03,8.894915000000000305e+01,9.646955000000001501e-02,3.159009666666666977e+06
4.365500000000000000e+03,8.898058000000000334e+01,9.676595999999998421e-02,3.173643000000000000e+06
4.375500000000000000e+03,8.905670999999999538e+01,9.638683000000000667e-02,3.188312000000000000e+06
4.385500000000000000e+03,8.895557000000000869e+01,9.626712000000001157e-02,3.203014666666666977e+06
4.395500000000000000e+03,8.893286999999999409e+01,9.656684000000001489e-02,3.217751000000000000e+06
4.405500000000000000e+03,8.902042000000000144e+01,9.638017999999999585e-02,3.232522000000000000e+06
4.415500000000000000e+03,8.901313000000000386e+01,9.619007000000001639e-02,3.247327000000000000e+06
4.425500000000000000e+03,8.902684999999999604e+01,9.649513000000001228e-02,3.262165000000000000e+06
4.435500000000000000e+03,8.900088000000000932e+01,9.659851999999999328e-02,3.277038333333333023e+06
4.445500000000000000e+03,8.902000000000001023e+01,9.635810000000000208e-02,3.291944333333333023e+06
4.455500000000000000e+03,8.898685000000000400e+01,9.643685000000000451e-02,3.306885000000000000e+06
4.465500000000000000e+03,8.897843000000000302e+01,9.639667000000000374e-02,3.321859333333333023e+06
4.475500000000000000e+03,8.899113999999998725e+01,9.639939999999999620e-02,3.336868333333333023e+06
4.485500000000000000e+03,8.897516000000000247e+01,9.651417999999999109e-02,3.351910666666666977e+06
4.495500000000000000e+03,8.900542000000000087e+01,9.623634000000000355e-02,3.366986666666666977e+06
4.505500000000000000e+03,8.894956999999999425e+01,9.633630000000001359e-02,3.382097000000000000e+06
4.515500000000000000e+03,8.900957999999999970e+01,9.650006999999999335e-02,3.397241333333333489e+06
4.525500000000000000e+03,8.898900000000000432e+01,9.659890000000000143e-02,3.412420000000000000e+06
4.535500000000000000e+03,8.899483999999999639e+01,9.617200000000000748e-02,3.427632333333333489e+06
4.545500000000000000e+03,8.894385000000001185e+01,9.639268999999998921e-02,3.442879333333333489e+06
4.555500000000000000e+03,8.898170999999999253e+01,9.651205999999999674e-02,3.458160666666666977e+06
4.565500000000000000e+03,8.897997999999998342e+01,9.622170999999998808e-02,3.473475000000000000e+06
4.575500000000000000e+03,8.896842999999998369e+01,9.647554999999999326e-02,3.488823333333333023e+06
4.585500000000000000e+03,8.899571000000000254e+01,9.626537999999999762e-02,3.504207666666666977e+06
4.595500000000000000e+03,8.895743000000000222e+01,9.630995000000000528e-02,3.519625333333333489e+06
4.605500000000000000e+03,8.895900000000000318e+01,9.638162000000000118e-02,3.535075333333333023e+06
4.615500000000000000e+03,8.895855999999999142e+01,9.624285999999999952e-02,3.550561666666666511e+06
4.625500000000000000e+03,8.898198999999999614e+01,9.628412000000000082e-02,3.566080333333333489e+06
4.635500000000000000e+03,8.893800000000000239e+01,9.635722999999998817e-02,3.581634000000000000e+06
4.645500000000000000e+03,8.896699999999999875e+01,9.629770000000001384e-02,3.597221666666666511e+06
4.655500000000000000e+03,8.896115000000000350e+01,9.613874999999999504e-02,3.612842666666666511e+06
4.665500000000000000e+03,8.896684999999999377e+01,9.616469999999999185e-02,3.628497000000000000e+06
4.675500000000000000e+03,8.895955999999999619e+01,9.626284999999999703e-02,3.644188000000000000e+06
4.685500000000000000e+03,8.896157999999999788e+01,9.637918000000000873e-02,3.659911333333333023e+06
4.695500000000000000e+03,8.900298999999999694e+01,9.625160000000000660e-02,3.675669000000000000e+06
4.705500000000000000e+03,8.897015000000001805e+01,9.631045000000000578e-02,3.691462000000000000e+06
4.715500000000000000e+03,8.899558000000000391e+01,9.644642999999999966e-02,3.707287000000000000e+06
4.725500000000000000e+03,8.898487000000000080e+01,9.630194999999999728e-02,3.723146333333333023e+06
4.735500000000000000e+03,8.900184000000000140e+01,9.609756999999999327e-02,3.739040666666666511e+06
4.745500000000000000e+03,8.903083999999999776e+01,9.628781000000000145e-02,3.754969666666666511e+06
4.755500000000000000e+03,8.900930999999999926e+01,9.630042000000001157e-02,3.770931000000000931e+06
4.765500000000000000e+03,8.897986000000000217e+01,9.618614000000000330e-02,3.786926666666666977e+06
4.775500000000000000e+03,8.898044000000000153e+01,9.619183000000000594e-02,3.802957000000000000e+06
4.785500000000000000e+03,8.895399999999999352e+01,9.617160999999999071e-02,3.819021666666666977e+06
4.795500000000000000e+03,8.895000999999999181e+01,9.643357999999999097e-02,3.835119333333333489e+06
4.805500000000000000e+03,8.896401000000000181e+01,9.620937999999999712e-02,3.851252333333333489e+06
4.815500000000000000e+03,8.899384000000000583e+01,9.611437000000000452e-02,3.867419666666666511e+06
4.825500000000000000e+03,8.896130000000000848e+01,9.608176000000000216e-02,3.883618666666666511e+06
4.835500000000000000e+03,8.900172000000000594e+01,9.621376999999999013e-02,3.899853666666666511e+06
4.845500000000000000e+03,8.899115000000000464e+01,9.625678000000000012e-02,3.916121666666666977e+06
4.855500000000000000e+03,8.899200000000000443e+01,9.607658999999998950e-02,3.932425000000000000e+06
4.865500000000000000e+03,8.900043999999999755e+01,9.624750999999999446e-02,3.948761333333333489e+06
4.875500000000000000e+03,8.898427999999999827e+01,9.614392000000000771e-02,3.965131333333333023e+06
4.885500000000000000e+03,8.899099999999999966e+01,9.619494999999998741e-02,3.981536999999999069e+06
4.895500000000000000e+03,8.901801000000000386e+01,9.621594999999999454e-02,3.997976666666666511e+06
4.905500000000000000e+03,8.900929000000000713e+01,9.611371000000000497e-02,4.014448333333333489e+06
4.915500000000000000e+03,8.894642999999999233e+01,9.623450999999999533e-02,4.030955000000000000e+06
4.925500000000000000e+03,8.893057000000000301e+01,9.642639999999999545e-02,4.047496000000000000e+06
4.935500000000000000e+03,8.900043000000000859e+01,9.608842000000002159e-02,4.064072000000000000e+06
4.945500000000000000e+03,8.899230000000000018e+01,9.632651999999999881e-02,4.080681333333333489e+06
4.955500000000000000e+03,8.897371000000001118e+01,9.615260000000000473e-02,4.097323999999999069e+06
4.965500000000000000e+03,8.899485999999998853e+01,9.646393000000000328e-02,4.114003333333333489e+06
4.975500000000000000e+03,8.898614000000000601e+01,9.635834000000000066e-02,4.130714000000000000e+06
4.985500000000000000e+03,8.898756999999999096e+01,9.626142000000001420e-02,4.147461333333333489e+06
4.995500000000000000e+03,8.899886999999999659e+01,9.633504999999999152e-02,4.164241000000000931e+06
