5.500000000000000000e+00,6.656300000000000239e+01,2.225504999999999995e+02,9.152149966666666359e+00
1.550000000000000000e+01,6.445298999999999978e+01,3.076145000000000351e+01,5.436066333333333489e+01
2.550000000000000000e+01,6.695456000000000074e+01,1.749257000000000062e+01,1.361404600000000187e+02
3.550000000000000000e+01,6.698884999999998513e+01,1.275903800000000032e+01,2.520153333333333308e+02
4.550000000000000000e+01,6.473955999999999733e+01,8.507498000000000005e+00,4.001272999999999911e+02
5.550000000000000000e+01,6.226228999999999303e+01,3.920181999999999611e+00,5.796820666666666284e+02
6.550000000000000000e+01,6.320229000000000497e+01,3.478867000000000154e+00,7.904623333333333903e+02
7.550000000000000000e+01,6.322627999999999560e+01,3.127266000000000545e+00,1.032334800000000087e+03
8.550000000000000000e+01,6.733428000000000679e+01,3.127917000000000058e+00,1.305233999999999924e+03
9.550000000000000000e+01,6.605400000000000205e+01,2.580931999999999782e+00,1.609425999999999931e+03
1.055000000000000000e+02,6.740385000000000559e+01,2.130040199999999828e+00,1.944861999999999853e+03
1.155000000000000000e+02,7.242643999999999949e+01,2.374723399999999707e+00,2.311289999999999964e+03
1.255000000000000000e+02,7.585341999999999985e+01,2.415221999999999980e+00,2.708724333333333107e+03
1.355000000000000000e+02,7.111200999999998373e+01,2.004011599999999671e+00,3.137158999999999651e+03
1.455000000000000000e+02,7.235986999999998659e+01,1.911347000000000351e+00,3.596457666666666682e+03
1.555000000000000000e+02,7.355743000000001075e+01,2.008799799999999802e+00,4.086467333333333045e+03
1.655000000000000000e+02,7.316345000000001164e+01,1.686327100000000190e+00,4.607252333333332899e+03
1.755000000000000000e+02,7.443627000000000749e+01,1.636269599999999880e+00,5.158639333333332615e+03
1.855000000000000000e+02,7.408144000000000062e+01,1.598735099999999854e+00,5.740756999999999607e+03
1.955000000000000000e+02,7.371085999999999672e+01,1.367481300000000122e+00,6.353843666666667559e+03
2.055000000000000000e+02,7.043557000000001267e+01,1.366281599999999763e+00,6.997880000000000109e+03
2.155000000000000000e+02,7.172069000000001893e+01,9.400541999999999510e-01,7.672743333333333794e+03
2.255000000000000000e+02,7.368413000000001034e+01,7.480660000000000087e-01,8.378587999999999738e+03
2.355000000000000000e+02,7.341684000000000765e+01,6.032515999999999989e-01,9.115270333333333838e+03
2.455000000000000000e+02,7.326243999999999801e+01,7.092701999999999618e-01,9.882804666666666890e+03
2.555000000000000000e+02,7.087214000000000169e+01,5.353415000000000257e-01,1.068111000000000240e+04
2.655000000000000000e+02,7.129313999999999396e+01,6.366157999999999539e-01,1.151036333333333459e+04
2.755000000000000000e+02,7.608671000000001072e+01,7.149915000000000020e-01,1.237056999999999789e+04
2.855000000000000000e+02,7.041411999999999694e+01,5.189285999999999621e-01,1.326137000000000080e+04
2.955000000000000000e+02,7.718928000000001077e+01,4.195880999999999084e-01,1.418281333333333350e+04
3.055000000000000000e+02,7.015828999999999382e+01,6.601999999999998980e-01,1.513494333333333452e+04
3.155000000000000000e+02,7.026713000000000875e+01,5.442175999999999680e-01,1.611795333333333292e+04
3.255000000000000000e+02,7.308284999999999343e+01,5.108026999999999429e-01,1.713190333333333547e+04
3.355000000000000000e+02,7.304513999999998930e+01,3.650201999999999614e-01,1.817679999999999927e+04
3.455000000000000000e+02,7.428312999999999988e+01,3.383072999999999775e-01,1.925239666666666744e+04
3.555000000000000000e+02,7.652385999999999910e+01,3.467741999999999769e-01,2.035879999999999927e+04
3.655000000000000000e+02,7.267770999999999049e+01,3.882763000000000186e-01,2.149607666666666773e+04
3.755000000000000000e+02,6.960357000000001904e+01,3.326462000000000030e-01,2.266424000000000160e+04
3.855000000000000000e+02,7.491842000000001178e+01,3.598847999999999492e-01,2.386323666666666759e+04
3.955000000000000000e+02,7.808313999999998600e+01,2.660513999999999935e-01,2.509323333333332994e+04
4.055000000000000000e+02,7.769758000000000209e+01,4.391222000000000181e-01,2.635415666666666584e+04
4.155000000000000000e+02,7.602914000000001238e+01,3.228157999999999861e-01,2.764615333333333911e+04
4.255000000000000000e+02,7.556586000000000070e+01,3.138150000000000106e-01,2.896920000000000073e+04
4.355000000000000000e+02,7.311856999999999118e+01,3.197632000000000252e-01,3.032330999999999767e+04
4.455000000000000000e+02,7.582471999999998502e+01,2.770040999999999753e-01,3.170854000000000087e+04
4.555000000000000000e+02,7.669144000000000005e+01,1.604270999999999892e-01,3.312474333333333198e+04
4.655000000000000000e+02,7.720157000000000380e+01,2.521753000000000466e-01,3.457201333333333605e+04
4.755000000000000000e+02,7.814314000000000249e+01,2.010944000000000342e-01,3.605044333333333634e+04
4.855000000000000000e+02,8.003915000000000646e+01,1.759044000000000163e-01,3.755987333333333663e+04
4.955000000000000000e+02,7.657057000000000357e+01,2.121134000000000075e-01,3.910036333333332732e+04
5.055000000000000000e+02,7.832271000000000072e+01,2.113466999999999985e-01,4.067193999999999505e+04
5.155000000000000000e+02,7.903758000000000550e+01,1.663264999999999882e-01,4.227484333333333052e+04
5.255000000000000000e+02,7.670127999999999702e+01,2.321972999999999954e-01,4.390907666666667501e+04
5.355000000000000000e+02,7.892857000000000767e+01,2.021830000000000016e-01,4.557452666666666482e+04
5.455000000000000000e+02,7.761343000000000814e+01,1.953441999999999956e-01,4.727108333333333576e+04
5.555000000000000000e+02,8.035042000000001394e+01,1.549101999999999979e-01,4.899886000000000058e+04
5.655000000000000000e+02,8.131056999999999846e+01,1.637307000000000068e-01,5.075784333333333052e+04
5.755000000000000000e+02,8.066501000000000943e+01,1.588033000000000083e-01,5.254803999999999360e+04
5.855000000000000000e+02,8.056441999999999837e+01,1.610885999999999707e-01,5.436934000000000378e+04
5.955000000000000000e+02,8.276442999999999017e+01,1.321902999999999828e-01,5.622181333333333168e+04
6.055000000000000000e+02,8.189884999999999593e+01,1.316267000000000131e-01,5.810559666666667908e+04
6.155000000000000000e+02,8.381313999999998998e+01,1.330513999999999863e-01,6.002073666666667123e+04
6.255000000000000000e+02,8.343784999999999741e+01,1.318024000000000140e-01,6.196713999999999942e+04
6.355000000000000000e+02,8.298027999999999338e+01,1.306075999999999904e-01,6.394491333333333023e+04
6.455000000000000000e+02,8.313472000000000151e+01,1.291043999999999803e-01,6.595404333333333489e+04
6.555000000000000000e+02,8.355700000000001637e+01,1.279265999999999737e-01,6.799445333333333838e+04
6.655000000000000000e+02,8.372742999999999824e+01,1.280527999999999944e-01,7.006604000000000815e+04
6.755000000000000000e+02,8.518014999999999759e+01,1.277788999999999731e-01,7.216886666666666861e+04
6.855000000000000000e+02,8.344725999999999999e+01,1.269668999999999937e-01,7.430313999999999942e+04
6.955000000000000000e+02,8.533700000000000330e+01,1.267519000000000007e-01,7.646873666666666395e+04
7.055000000000000000e+02,8.442416000000000054e+01,1.257075999999999749e-01,7.866547000000000116e+04
7.155000000000000000e+02,8.420427000000002238e+01,1.239759000000000000e-01,8.089348333333332266e+04
7.255000000000000000e+02,8.456928999999998098e+01,1.256651999999999769e-01,8.315299666666665871e+04
7.355000000000000000e+02,8.303657000000001176e+01,1.257814999999999905e-01,8.544402666666665755e+04
7.455000000000000000e+02,8.476872000000000185e+01,1.230504999999999932e-01,8.776650333333332674e+04
7.555000000000000000e+02,8.456201000000001500e+01,1.241848000000000118e-01,9.012018999999998778e+04
7.655000000000000000e+02,8.444742999999999711e+01,1.236773999999999790e-01,9.250527999999999884e+04
7.755000000000000000e+02,8.467342000000000724e+01,1.211074000000000039e-01,9.492183333333334303e+04
7.855000000000000000e+02,8.261186000000000718e+01,1.213330999999999993e-01,9.736986000000001513e+04
7.955000000000000000e+02,8.404327999999999577e+01,1.213140999999999803e-01,9.984941333333335933e+04
8.055000000000000000e+02,8.447315000000000396e+01,1.208864999999999801e-01,1.023604333333333343e+05
8.155000000000000000e+02,8.435428999999999178e+01,1.191304999999999864e-01,1.049032333333333227e+05
8.255000000000000000e+02,8.475114999999999554e+01,1.202599000000000029e-01,1.074778000000000029e+05
8.355000000000000000e+02,8.442284999999998263e+01,1.182460000000000316e-01,1.100839666666666744e+05
8.455000000000000000e+02,8.321885999999999228e+01,1.181768000000000124e-01,1.127216999999999971e+05
8.555000000000000000e+02,8.499757000000001028e+01,1.172500000000000070e-01,1.153908999999999942e+05
8.655000000000000000e+02,8.417985999999999081e+01,1.183375000000000121e-01,1.180914333333333489e+05
8.755000000000000000e+02,8.439215000000000089e+01,1.192109999999999975e-01,1.208233666666666686e+05
8.855000000000000000e+02,8.365072000000000685e+01,1.169667000000000068e-01,1.235868666666666541e+05
8.955000000000000000e+02,8.334799999999999898e+01,1.179947999999999969e-01,1.263817333333333518e+05
9.055000000000000000e+02,8.404828999999999439e+01,1.172847999999999946e-01,1.292081333333333459e+05
9.155000000000000000e+02,8.389085000000000036e+01,1.167791999999999997e-01,1.320659666666666453e+05
9.255000000000000000e+02,8.367942999999999643e+01,1.161477000000000065e-01,1.349557333333333372e+05
9.355000000000000000e+02,8.349685999999999808e+01,1.166837000000000152e-01,1.378771000000000058e+05
9.455000000000000000e+02,8.459372000000000469e+01,1.161753999999999981e-01,1.408302666666666628e+05
9.555000000000000000e+02,8.329472000000001231e+01,1.141808000000000128e-01,1.438149333333333198e+05
9.655000000000000000e+02,8.344800000000000750e+01,1.165203000000000211e-01,1.468314333333333198e+05
9.755000000000000000e+02,8.354513000000000034e+01,1.149640999999999857e-01,1.498796666666666861e+05
9.855000000000000000e+02,8.395185999999998216e+01,1.149046999999999985e-01,1.529598999999999942e+05
9.955000000000000000e+02,8.429813999999998941e+01,1.144422000000000078e-01,1.560717333333333372e+05
1.005500000000000000e+03,8.400913999999998794e+01,1.138719000000000259e-01,1.592150666666666802e+05
1.015500000000000000e+03,8.336384999999999934e+01,1.139704999999999746e-01,1.623899666666666453e+05
1.025500000000000000e+03,8.357115000000001714e+01,1.133418999999999954e-01,1.655965666666666802e+05
1.035500000000000000e+03,8.476485999999999876e+01,1.146786999999999945e-01,1.688347666666666628e+05
1.045500000000000000e+03,8.439900000000000091e+01,1.145144999999999913e-01,1.721048666666666977e+05
1.055500000000000000e+03,8.357272000000000389e+01,1.136698000000000014e-01,1.754063333333333430e+05
1.065500000000000000e+03,8.535414999999998997e+01,1.130431000000000213e-01,1.787396333333333605e+05
1.075500000000000000e+03,8.386414000000000613e+01,1.140549999999999897e-01,1.821047666666666628e+05
1.085500000000000000e+03,8.488872000000000639e+01,1.141332999999999931e-01,1.855016666666666570e+05
1.095500000000000000e+03,8.465713999999999828e+01,1.143331999999999959e-01,1.889305000000000000e+05
1.105500000000000000e+03,8.537127999999999872e+01,1.118742000000000070e-01,1.923910666666666511e+05
1.115500000000000000e+03,8.482170000000000698e+01,1.134964000000000112e-01,1.958833999999999942e+05
1.125500000000000000e+03,8.531242999999999199e+01,1.143329999999999902e-01,1.994076000000000058e+05
1.135500000000000000e+03,8.622616000000000724e+01,1.134825999999999890e-01,2.029635666666666511e+05
1.145500000000000000e+03,8.486057000000000983e+01,1.124765000000000070e-01,2.065512666666666628e+05
1.155500000000000000e+03,8.533101999999999521e+01,1.118491000000000068e-01,2.101708666666666395e+05
1.165500000000000000e+03,8.626927999999999486e+01,1.148834999999999995e-01,2.138222333333333372e+05
1.175500000000000000e+03,8.521457999999999799e+01,1.126424999999999788e-01,2.175052666666666919e+05
1.185500000000000000e+03,8.585113999999998668e+01,1.148223000000000021e-01,2.212200666666667094e+05
1.195500000000000000e+03,8.574327999999999861e+01,1.118123000000000034e-01,2.249667999999999884e+05
1.205500000000000000e+03,8.653928999999999405e+01,1.116901999999999895e-01,2.287455333333333547e+05
1.215500000000000000e+03,8.598072000000000514e+01,1.118686000000000125e-01,2.325558666666666977e+05
1.225500000000000000e+03,8.651841000000000292e+01,1.119942000000000021e-01,2.363980666666667094e+05
1.235500000000000000e+03,8.702156999999999698e+01,1.111250000000000016e-01,2.402719000000000524e+05
1.245500000000000000e+03,8.620842000000001804e+01,1.109364000000000045e-01,2.441777000000000407e+05
1.255500000000000000e+03,8.641799000000000319e+01,1.120742999999999878e-01,2.481153000000000466e+05
1.265500000000000000e+03,8.702287000000001171e+01,1.107844999999999941e-01,2.520849666666667035e+05
1.275500000000000000e+03,8.634943000000001234e+01,1.112041000000000279e-01,2.560866666666666570e+05
1.285500000000000000e+03,8.600242000000000075e+01,1.104242000000000001e-01,2.601202000000000116e+05
1.295500000000000000e+03,8.615356999999998777e+01,1.105682000000000054e-01,2.641856666666666279e+05
1.305500000000000000e+03,8.718314999999999770e+01,1.110533999999999966e-01,2.682828333333333721e+05
1.315500000000000000e+03,8.629630000000000223e+01,1.103946000000000094e-01,2.724122333333332790e+05
1.325500000000000000e+03,8.701358000000000459e+01,1.108282999999999907e-01,2.765739000000000233e+05
1.335500000000000000e+03,8.678315000000000623e+01,1.102168000000000037e-01,2.807679333333333489e+05
1.345500000000000000e+03,8.687700999999999851e+01,1.102804000000000145e-01,2.849940333333333256e+05
1.355500000000000000e+03,8.697599999999999909e+01,1.097872999999999905e-01,2.892520999999999767e+05
1.365500000000000000e+03,8.739829000000000292e+01,1.100890999999999814e-01,2.935419333333332906e+05
1.375500000000000000e+03,8.640986999999999796e+01,1.095502000000000004e-01,2.978634000000000233e+05
1.385500000000000000e+03,8.720485999999999649e+01,1.092689999999999911e-01,3.022168333333333139e+05
1.395500000000000000e+03,8.648128999999998712e+01,1.142192999999999958e-01,3.066023666666665813e+05
1.405500000000000000e+03,8.745857000000000880e+01,1.092954000000000009e-01,3.110198000000000466e+05
1.415500000000000000e+03,8.783142999999999745e+01,1.089444000000000107e-01,3.154696333333333605e+05
1.425500000000000000e+03,8.690155999999998926e+01,1.092405999999999794e-01,3.199517000000000698e+05
1.435500000000000000e+03,8.687298000000001252e+01,1.129311999999999816e-01,3.244662333333333372e+05
1.445500000000000000e+03,8.683156999999999925e+01,1.084867999999999943e-01,3.290129000000000233e+05
1.455500000000000000e+03,8.746585999999999217e+01,1.085090000000000082e-01,3.335916666666666279e+05
1.465500000000000000e+03,8.712243000000000848e+01,1.080710000000000004e-01,3.382025999999999767e+05
1.475500000000000000e+03,8.713900000000001000e+01,1.082110000000000155e-01,3.428457000000000116e+05
1.485500000000000000e+03,8.719714000000000453e+01,1.098583999999999949e-01,3.475208666666666977e+05
1.495500000000000000e+03,8.670583999999999492e+01,1.101929000000000103e-01,3.522281000000000349e+05
1.505500000000000000e+03,8.708771000000000129e+01,1.079360000000000042e-01,3.569678333333333721e+05
1.515500000000000000e+03,8.701714999999998668e+01,1.076601000000000086e-01,3.617400000000000000e+05
1.525500000000000000e+03,8.724727000000000032e+01,1.078858000000000039e-01,3.665442000000000116e+05
1.535500000000000000e+03,8.777473000000000525e+01,1.073233999999999994e-01,3.713803000000000466e+05
1.545500000000000000e+03,8.734601000000000681e+01,1.079485000000000028e-01,3.762486333333333605e+05
1.555500000000000000e+03,8.769828000000001111e+01,1.072675000000000017e-01,3.811491333333333605e+05
1.565500000000000000e+03,8.755100000000000193e+01,1.075200000000000183e-01,3.860817000000000116e+05
1.575500000000000000e+03,8.785213000000000250e+01,1.073331000000000007e-01,3.910465000000000000e+05
1.585500000000000000e+03,8.751358000000000459e+01,1.073383999999999866e-01,3.960433000000000466e+05
1.595500000000000000e+03,8.762340000000000373e+01,1.069943000000000144e-01,4.010721666666666279e+05
1.605500000000000000e+03,8.742672000000000310e+01,1.072409000000000140e-01,4.061334000000000233e+05
1.615500000000000000e+03,8.751184999999999548e+01,1.072936000000000167e-01,4.112264000000000233e+05
1.625500000000000000e+03,8.771358000000000743e+01,1.071112999999999926e-01,4.163517666666666628e+05
1.635500000000000000e+03,8.772042999999999324e+01,1.071179000000000159e-01,4.215092999999999884e+05
1.645500000000000000e+03,8.755998999999999910e+01,1.078450999999999993e-01,4.266989666666666744e+05
1.655500000000000000e+03,8.789170999999998912e+01,1.066152999999999962e-01,4.319207666666667210e+05
1.665500000000000000e+03,8.760186000000000206e+01,1.065525000000000083e-01,4.371747999999999884e+05
1.675500000000000000e+03,8.757286999999999466e+01,1.066277999999999809e-01,4.424610999999999767e+05
1.685500000000000000e+03,8.804671000000000447e+01,1.061703999999999981e-01,4.477794000000000233e+05
1.695500000000000000e+03,8.780272999999999683e+01,1.063952999999999982e-01,4.531296666666666861e+05
1.705500000000000000e+03,8.781971000000001482e+01,1.060353000000000129e-01,4.585127000000000116e+05
1.715500000000000000e+03,8.748214000000000112e+01,1.062982999999999983e-01,4.639278666666666977e+05
1.725500000000000000e+03,8.773041000000000622e+01,1.055716000000000154e-01,4.693748666666665813e+05
1.735500000000000000e+03,8.782414999999998884e+01,1.053934999999999872e-01,4.748542666666666046e+05
1.745500000000000000e+03,8.784084000000000003e+01,1.062825000000000158e-01,4.803654333333332906e+05
1.755500000000000000e+03,8.798656000000001143e+01,1.053813000000000111e-01,4.859090999999999767e+05
1.765500000000000000e+03,8.774470999999999776e+01,1.048573000000000005e-01,4.914853333333333139e+05
1.775500000000000000e+03,8.765599000000000274e+01,1.049805000000000044e-01,4.970938333333333139e+05
1.785500000000000000e+03,8.809313999999997691e+01,1.057934999999999848e-01,5.027344000000000233e+05
1.795500000000000000e+03,8.802656999999999243e+01,1.047177999999999998e-01,5.084074333333332906e+05
1.805500000000000000e+03,8.784428999999998666e+01,1.047636999999999874e-01,5.141128666666666977e+05
1.815500000000000000e+03,8.807256999999999891e+01,1.049027999999999905e-01,5.198503999999999069e+05
1.825500000000000000e+03,8.823686000000000718e+01,1.045857999999999927e-01,5.256200666666667676e+05
1.835500000000000000e+03,8.801658000000000470e+01,1.052167000000000102e-01,5.314220000000000000e+05
1.845500000000000000e+03,8.807571999999998980e+01,1.040780999999999928e-01,5.372559666666666744e+05
1.855500000000000000e+03,8.794785999999999149e+01,1.045435000000000114e-01,5.431221666666666279e+05
1.865500000000000000e+03,8.808472000000000435e+01,1.039103000000000110e-01,5.490205999999999767e+05
1.875500000000000000e+03,8.823257999999999868e+01,1.049072000000000060e-01,5.549513666666665813e+05
1.885500000000000000e+03,8.806543999999999528e+01,1.039538000000000129e-01,5.609142666666668374e+05
1.895500000000000000e+03,8.821056999999998993e+01,1.040948999999999902e-01,5.669093666666665813e+05
1.905500000000000000e+03,8.845429000000000030e+01,1.039951999999999821e-01,5.729365666666666511e+05
1.915500000000000000e+03,8.811141999999999541e+01,1.041603000000000112e-01,5.789963333333333721e+05
1.925500000000000000e+03,8.811986000000000274e+01,1.044124999999999914e-01,5.850885333333334420e+05
1.935500000000000000e+03,8.833642000000000394e+01,1.036181000000000046e-01,5.912129333333333489e+05
1.945500000000000000e+03,8.834214000000000055e+01,1.040746000000000171e-01,5.973698333333332557e+05
1.955500000000000000e+03,8.827114000000000260e+01,1.041952000000000017e-01,6.035585333333334420e+05
1.965500000000000000e+03,8.845929999999999893e+01,1.032507000000000008e-01,6.097794666666666744e+05
1.975500000000000000e+03,8.840628000000000952e+01,1.042060999999999960e-01,6.160324333333332324e+05
1.985500000000000000e+03,8.823514000000000124e+01,1.036569999999999991e-01,6.223175666666666511e+05
1.995500000000000000e+03,8.835643000000000313e+01,1.033508999999999955e-01,6.286350000000000000e+05
2.005500000000000000e+03,8.829442999999999131e+01,1.033799999999999997e-01,6.349843333333333721e+05
2.015500000000000000e+03,8.824213999999999203e+01,1.035382999999999998e-01,6.413658333333333721e+05
2.025500000000000000e+03,8.832099999999999795e+01,1.032576999999999801e-01,6.477795666666666511e+05
2.035500000000000000e+03,8.826527999999998997e+01,1.035251999999999839e-01,6.542252666666667210e+05
2.045500000000000000e+03,8.851842999999999506e+01,1.028050000000000075e-01,6.607032333333332790e+05
2.055500000000000000e+03,8.833585000000000775e+01,1.023432999999999843e-01,6.672134333333333489e+05
2.065500000000000000e+03,8.850872000000001094e+01,1.025203999999999976e-01,6.737557666666667210e+05
2.075500000000000000e+03,8.843844000000001415e+01,1.023746999999999990e-01,6.803303666666666977e+05
2.085500000000000000e+03,8.825115000000000975e+01,1.032286999999999927e-01,6.869374333333333489e+05
2.095500000000000000e+03,8.829073000000001059e+01,1.030815000000000065e-01,6.935770333333332092e+05
2.105500000000000000e+03,8.830170999999999992e+01,1.027238000000000040e-01,7.002492333333332790e+05
2.115500000000000000e+03,8.848628999999999678e+01,1.025797000000000098e-01,7.069535666666667676e+05
2.125500000000000000e+03,8.855415000000000703e+01,1.029209000000000096e-01,7.136900000000000000e+05
2.135500000000000000e+03,8.861299999999998533e+01,1.029063000000000061e-01,7.204588666666666977e+05
2.145500000000000000e+03,8.843600999999999601e+01,1.023805000000000132e-01,7.272600666666667676e+05
2.155500000000000000e+03,8.888398999999999717e+01,1.026368999999999893e-01,7.340937000000000698e+05
2.165500000000000000e+03,8.877557000000000187e+01,1.018996999999999958e-01,7.409597333333332790e+05
2.175500000000000000e+03,8.850815999999998951e+01,1.022248000000000046e-01,7.478581666666667443e+05
2.185500000000000000e+03,8.854787000000000319e+01,1.025501000000000051e-01,7.547891333333331859e+05
2.195500000000000000e+03,8.883057000000000869e+01,1.019354999999999983e-01,7.617525999999998603e+05
2.205500000000000000e+03,8.882713999999999999e+01,1.021817000000000003e-01,7.687481999999999534e+05
2.215500000000000000e+03,8.875084999999999980e+01,1.022809000000000079e-01,7.757761999999999534e+05
2.225500000000000000e+03,8.866970999999999492e+01,1.021099000000000034e-01,7.828367666666666046e+05
2.235500000000000000e+03,8.864400000000000546e+01,1.018898000000000026e-01,7.899300999999998603e+05
2.245500000000000000e+03,8.858342999999999279e+01,1.019647999999999943e-01,7.970557333333332790e+05
2.255500000000000000e+03,8.859484999999997967e+01,1.019439000000000040e-01,8.042138333333332557e+05
2.265500000000000000e+03,8.836742999999999881e+01,1.020836999999999994e-01,8.114044666666666744e+05
2.275500000000000000e+03,8.873828999999999212e+01,1.018340000000000078e-01,8.186273333333332557e+05
2.285500000000000000e+03,8.850541000000001191e+01,1.019555000000000045e-01,8.258827333333332790e+05
2.295500000000000000e+03,8.852870000000000061e+01,1.015634600000000082e-01,8.331705333333333256e+05
2.305500000000000000e+03,8.854129000000000360e+01,1.015730999999999995e-01,8.404905333333334420e+05
2.315500000000000000e+03,8.853186000000000888e+01,1.017167999999999822e-01,8.478428333333332557e+05
2.325500000000000000e+03,8.852486000000000388e+01,1.013120100000000079e-01,8.552273000000000466e+05
2.335500000000000000e+03,8.859972000000000492e+01,1.015012999999999888e-01,8.626437666666668374e+05
2.345500000000000000e+03,8.840858000000000061e+01,1.016884000000000121e-01,8.700925000000000000e+05
2.355500000000000000e+03,8.860000999999999749e+01,1.012571599999999988e-01,8.775736333333331859e+05
2.365500000000000000e+03,8.864286000000001309e+01,1.016364799999999874e-01,8.850870333333334420e+05
2.375500000000000000e+03,8.853016999999999825e+01,1.014789399999999897e-01,8.926326333333331859e+05
2.385500000000000000e+03,8.846413999999998623e+01,1.013832999999999956e-01,9.002106666666667443e+05
2.395500000000000000e+03,8.849927999999999884e+01,1.010563099999999964e-01,9.078211333333334187e+05
2.405500000000000000e+03,8.870015000000000782e+01,1.012246099999999788e-01,9.154638666666668141e+05
2.415500000000000000e+03,8.869356999999999402e+01,1.013810999999999740e-01,9.231389333333333489e+05
2.425500000000000000e+03,8.864341999999999189e+01,1.012964599999999910e-01,9.308465000000000000e+05
2.435500000000000000e+03,8.862672000000000594e+01,1.009432600000000069e-01,9.385865666666666511e+05
2.445500000000000000e+03,8.870285000000001219e+01,1.009480999999999851e-01,9.463590666666666511e+05
2.455500000000000000e+03,8.890999999999999659e+01,1.007382699999999909e-01,9.541638333333333721e+05
2.465500000000000000e+03,8.894671999999999912e+01,1.009498999999999952e-01,9.620010333333334420e+05
2.475500000000000000e+03,8.880486999999999398e+01,1.006626699999999958e-01,9.698705000000000000e+05
2.485500000000000000e+03,8.875156999999998675e+01,1.008600699999999961e-01,9.777726333333331859e+05
2.495500000000000000e+03,8.867855999999999028e+01,1.008284299999999967e-01,9.857071666666666279e+05
2.505500000000000000e+03,8.886172999999999433e+01,1.009726400000000163e-01,9.936740999999999767e+05
2.515500000000000000e+03,8.889243999999999346e+01,1.005400199999999938e-01,1.001673399999999790e+06
2.525500000000000000e+03,8.891227000000000658e+01,1.007502000000000120e-01,1.009705333333333372e+06
2.535500000000000000e+03,8.878486000000000899e+01,1.005344100000000046e-01,1.017769333333333256e+06
2.545500000000000000e+03,8.882314999999999827e+01,1.008302299999999929e-01,1.025866666666666628e+06
2.555500000000000000e+03,8.875100999999999374e+01,1.004903700000000094e-01,1.033995000000000000e+06
2.565500000000000000e+03,8.880328000000000088e+01,1.004587399999999908e-01,1.042157000000000000e+06
2.575500000000000000e+03,8.865071000000000367e+01,1.009228100000000017e-01,1.050352333333333256e+06
2.585500000000000000e+03,8.866812999999999079e+01,1.006934699999999933e-01,1.058577333333333489e+06
2.595500000000000000e+03,8.873685000000000400e+01,1.004770300000000088e-01,1.066837000000000000e+06
2.605500000000000000e+03,8.867199000000000808e+01,1.005275799999999914e-01,1.075127999999999767e+06
2.615500000000000000e+03,8.854914999999999736e+01,1.010222099999999734e-01,1.083452000000000000e+06
2.625500000000000000e+03,8.870372000000000412e+01,1.004727199999999876e-01,1.091808333333333256e+06
2.635500000000000000e+03,8.880456999999999823e+01,1.009142299999999937e-01,1.100196000000000000e+06
2.645500000000000000e+03,8.856498999999999455e+01,1.006153400000000114e-01,1.108618333333333256e+06
2.655500000000000000e+03,8.863757000000001085e+01,1.007478000000000123e-01,1.117072333333333256e+06
2.665500000000000000e+03,8.872986000000000217e+01,1.010262999999999856e-01,1.125558666666666744e+06
2.675500000000000000e+03,8.890414000000001238e+01,1.007739899999999800e-01,1.134076666666666511e+06
2.685500000000000000e+03,8.878499999999999659e+01,1.002683600000000147e-01,1.142627333333333256e+06
2.695500000000000000e+03,8.871871999999999048e+01,1.004369599999999918e-01,1.151210666666666511e+06
2.705500000000000000e+03,8.882214000000000453e+01,1.000913600000000042e-01,1.159827000000000000e+06
2.715500000000000000e+03,8.889871999999999730e+01,1.000506999999999785e-01,1.168475999999999767e+06
2.725500000000000000e+03,8.868026999999999305e+01,1.002575199999999889e-01,1.177158666666666744e+06
2.735500000000000000e+03,8.873184000000000538e+01,1.000479199999999985e-01,1.185870333333333489e+06
2.745500000000000000e+03,8.850970000000000937e+01,9.967401000000000733e-02,1.194617666666666744e+06
2.755500000000000000e+03,8.883257000000000403e+01,1.002767699999999873e-01,1.203397333333333256e+06
2.765500000000000000e+03,8.866301000000001409e+01,9.979751000000000594e-02,1.212208333333333489e+06
2.775500000000000000e+03,8.860528999999999655e+01,1.004390500000000158e-01,1.221052333333333489e+06
2.785500000000000000e+03,8.859386000000002070e+01,1.002200399999999963e-01,1.229929333333333489e+06
2.795500000000000000e+03,8.877857000000000198e+01,9.964017000000000013e-02,1.238836999999999767e+06
2.805500000000000000e+03,8.873914999999999509e+01,9.931878999999999014e-02,1.247778666666666744e+06
2.815500000000000000e+03,8.874557000000001494e+01,9.973148999999999209e-02,1.256752333333333489e+06
2.825500000000000000e+03,8.855899999999999750e+01,9.960493000000000818e-02,1.265758666666666511e+06
2.835500000000000000e+03,8.865398999999999319e+01,9.988966000000001899e-02,1.274797000000000000e+06
2.845500000000000000e+03,8.882956000000000074e+01,9.905874000000000623e-02,1.283867333333333256e+06
2.855500000000000000e+03,8.873170999999999253e+01,9.969163000000000330e-02,1.292971666666666744e+06
2.865500000000000000e+03,8.868886000000000536e+01,9.950429000000000912e-02,1.302108333333333489e+06
2.875500000000000000e+03,8.869343000000000643e+01,9.922473999999999184e-02,1.311276000000000000e+06
2.885500000000000000e+03,8.873528000000000304e+01,9.955584000000000655e-02,1.320477000000000000e+06
2.895500000000000000e+03,8.874200000000000443e+01,9.898210999999998427e-02,1.329711333333333489e+06
2.905500000000000000e+03,8.880930000000000746e+01,9.935135999999999967e-02,1.338977999999999767e+06
2.915500000000000000e+03,8.880800000000000693e+01,9.952863000000000682e-02,1.348277333333333489e+06
2.925500000000000000e+03,8.882672999999999774e+01,9.907385999999999970e-02,1.357607333333333489e+06
2.935500000000000000e+03,8.879413999999999874e+01,1.002005100000000065e-01,1.366971000000000000e+06
2.945500000000000000e+03,8.879585000000000150e+01,9.952509000000001049e-02,1.376366666666666744e+06
2.955500000000000000e+03,8.884201000000000192e+01,9.874851999999999241e-02,1.385795666666666744e+06
2.965500000000000000e+03,8.873286999999999125e+01,9.947261000000000297e-02,1.395257000000000000e+06
2.975500000000000000e+03,8.867470000000000141e+01,9.968205999999998901e-02,1.404751000000000000e+06
2.985500000000000000e+03,8.886715000000000941e+01,9.905883000000001437e-02,1.414276666666666511e+06
2.995500000000000000e+03,8.890585000000000093e+01,9.884549000000000807e-02,1.423835666666666511e+06
3.005500000000000000e+03,8.881473000000001150e+01,9.951890999999998821e-02,1.433427666666666744e+06
3.015500000000000000e+03,8.890270999999999901e+01,9.901625000000000010e-02,1.443051000000000000e+06
3.025500000000000000e+03,8.884857000000000937e+01,9.895310999999999690e-02,1.452707000000000000e+06
3.035500000000000000e+03,8.884442000000001372e+01,9.896553999999999074e-02,1.462396000000000000e+06
3.045500000000000000e+03,8.879013999999999385e+01,9.864162999999999404e-02,1.472117333333333489e+06
3.055500000000000000e+03,8.867298999999999864e+01,9.888017000000000334e-02,1.481872000000000233e+06
3.065500000000000000e+03,8.880986000000000047e+01,9.920931999999998974e-02,1.491658000000000000e+06
3.075500000000000000e+03,8.885715000000000430e+01,9.936730000000001950e-02,1.501477000000000233e+06
3.085500000000000000e+03,8.880899999999999750e+01,9.893772000000000677e-02,1.511329000000000000e+06
3.095500000000000000e+03,8.886857999999999436e+01,9.884864000000001538e-02,1.521212666666666744e+06
3.105500000000000000e+03,8.883513000000000659e+01,9.916858999999998703e-02,1.531128333333333489e+06
3.115500000000000000e+03,8.882042999999998756e+01,9.891868000000000882e-02,1.541077333333333489e+06
3.125500000000000000e+03,8.886813999999999680e+01,9.904983000000000537e-02,1.551057000000000000e+06
3.135500000000000000e+03,8.883699000000001433e+01,9.856381999999999644e-02,1.561071000000000000e+06
3.145500000000000000e+03,8.882272000000000389e+01,9.927675999999999168e-02,1.571117333333333256e+06
3.155500000000000000e+03,8.876372000000000639e+01,9.899983999999999174e-02,1.581194999999999767e+06
3.165500000000000000e+03,8.884499999999999886e+01,9.865007000000000636e-02,1.591308000000000000e+06
3.175500000000000000e+03,8.888227999999999440e+01,9.890967000000000509e-02,1.601451666666666511e+06
3.185500000000000000e+03,8.879386999999999830e+01,9.901464000000000099e-02,1.611627333333333489e+06
3.195500000000000000e+03,8.892985999999999081e+01,9.857499999999999596e-02,1.621838000000000000e+06
3.205500000000000000e+03,8.880643000000000598e+01,9.885342999999999214e-02,1.632078999999999767e+06
3.215500000000000000e+03,8.878557000000000698e+01,9.882003000000000315e-02,1.642353666666666511e+06
3.225500000000000000e+03,8.886415999999999826e+01,9.878596000000000599e-02,1.652660000000000000e+06
3.235500000000000000e+03,8.883430000000001314e+01,9.874500999999999418e-02,1.663000000000000000e+06
3.245500000000000000e+03,8.890341999999999700e+01,9.860233999999998278e-02,1.673372333333333489e+06
3.255500000000000000e+03,8.887314000000000647e+01,9.850491999999999582e-02,1.683777000000000000e+06
3.265500000000000000e+03,8.884986999999999568e+01,9.889466999999999008e-02,1.694214333333333489e+06
3.275500000000000000e+03,8.884085000000000321e+01,9.854294000000000942e-02,1.704684000000000000e+06
3.285500000000000000e+03,8.888701000000000363e+01,9.876912999999999665e-02,1.715187000000000000e+06
3.295500000000000000e+03,8.887570999999999799e+01,9.820415999999999868e-02,1.725722666666666744e+06
3.305500000000000000e+03,8.888427000000000078e+01,9.845510999999998458e-02,1.736289666666666744e+06
3.315500000000000000e+03,8.882629000000000019e+01,9.865901000000000531e-02,1.746890666666666511e+06
3.325500000000000000e+03,8.891285999999999490e+01,9.828098999999998475e-02,1.757523666666666744e+06
3.335500000000000000e+03,8.895071000000000083e+01,9.854750999999999095e-02,1.768189666666666511e+06
3.345500000000000000e+03,8.890813999999998885e+01,9.820881000000000749e-02,1.778888666666666744e+06
3.355500000000000000e+03,8.893100000000001160e+01,9.833885000000000542e-02,1.789621000000000000e+06
3.365500000000000000e+03,8.883614000000001454e+01,9.857689000000000035e-02,1.800384333333333256e+06
3.375500000000000000e+03,8.888527999999999452e+01,9.822866999999999016e-02,1.811180333333333256e+06
3.385500000000000000e+03,8.883556999999998993e+01,9.837184999999999679e-02,1.822010000000000000e+06
3.395500000000000000e+03,8.891285999999999490e+01,9.827540000000001275e-02,1.832871000000000000e+06
3.405500000000000000e+03,8.886384999999999934e+01,9.841185999999998990e-02,1.843764333333333256e+06
3.415500000000000000e+03,8.897213999999999601e+01,9.843828999999999774e-02,1.854691333333333489e+06
3.425500000000000000e+03,8.893001000000001000e+01,9.822227000000000041e-02,1.865649666666666744e+06
3.435500000000000000e+03,8.884172000000000935e+01,9.822009000000000989e-02,1.876640333333333489e+06
3.445500000000000000e+03,8.891442999999999586e+01,9.800762999999999836e-02,1.887665000000000000e+06
3.455500000000000000e+03,8.889529000000000281e+01,9.833199000000000800e-02,1.898721666666666744e+06
3.465500000000000000e+03,8.891429000000000826e+01,9.817739999999999800e-02,1.909812333333333489e+06
3.475500000000000000e+03,8.890299999999999159e+01,9.848403000000000018e-02,1.920932333333333489e+06
3.485500000000000000e+03,8.885371999999999559e+01,9.862402000000000668e-02,1.932087333333333256e+06
3.495500000000000000e+03,8.887400999999999840e+01,9.847776999999999226e-02,1.943274333333333489e+06
3.505500000000000000e+03,8.886616000000000781e+01,9.832731000000000110e-02,1.954493999999999534e+06
3.515500000000000000e+03,8.888957000000000619e+01,9.813562000000000674e-02,1.965746333333333256e+06
3.525500000000000000e+03,8.883985000000001264e+01,9.822477000000000291e-02,1.977030333333333489e+06
3.535500000000000000e+03,8.886672000000000082e+01,9.829366999999999965e-02,1.988349333333333256e+06
3.545500000000000000e+03,8.887442999999998960e+01,9.840851999999999933e-02,1.999699333333333489e+06
3.555500000000000000e+03,8.891643000000000541e+01,9.836038999999999199e-02,2.011081999999999534e+06
3.565500000000000000e+03,8.890326999999999202e+01,9.835204000000001556e-02,2.022496999999999534e+06
3.575500000000000000e+03,8.886742999999999881e+01,9.822341999999999185e-02,2.033945666666666744e+06
3.585500000000000000e+03,8.887028999999999712e+01,9.848123999999999767e-02,2.045425333333333256e+06
3.595500000000000000e+03,8.887728999999998791e+01,9.848234999999999628e-02,2.056939666666666744e+06
3.605500000000000000e+03,8.892028000000001953e+01,9.807987999999999429e-02,2.068485333333333256e+06
3.615500000000000000e+03,8.891712999999998601e+01,9.823751999999999485e-02,2.080063999999999534e+06
3.625500000000000000e+03,8.887485999999998398e+01,9.829698000000000602e-02,2.091675000000000000e+06
3.635500000000000000e+03,8.894886999999999944e+01,9.818266999999999967e-02,2.103319333333333489e+06
3.645500000000000000e+03,8.878914999999999225e+01,9.825994999999999868e-02,2.114996333333333023e+06
3.655500000000000000e+03,8.886557000000000528e+01,9.824585999999999042e-02,2.126705000000000000e+06
3.665500000000000000e+03,8.888544000000000267e+01,9.800997999999999655e-02,2.138446666666666977e+06
3.675500000000000000e+03,8.883342999999999279e+01,9.815473999999999033e-02,2.150221333333333489e+06
3.685500000000000000e+03,8.894086999999998966e+01,9.810469000000000828e-02,2.162028333333333489e+06
3.695500000000000000e+03,8.890071000000000367e+01,9.793565999999999383e-02,2.173867666666666511e+06
3.705500000000000000e+03,8.894398999999999944e+01,9.782777000000000833e-02,2.185739666666666977e+06
3.715500000000000000e+03,8.890842000000000667e+01,9.793944999999999734e-02,2.197644000000000000e+06
3.725500000000000000e+03,8.897015000000000384e+01,9.795525999999998845e-02,2.209581333333333489e+06
3.735500000000000000e+03,8.891101000000000454e+01,9.804133000000000986e-02,2.221551000000000000e+06
3.745500000000000000e+03,8.888329000000000235e+01,9.780171999999999477e-02,2.233554666666666511e+06
3.755500000000000000e+03,8.886357999999999890e+01,9.776864999999999861e-02,2.245588999999999534e+06
3.765500000000000000e+03,8.884141999999999939e+01,9.791237999999999331e-02,2.257656333333333489e+06
3.775500000000000000e+03,8.882998999999999512e+01,9.712379999999999625e-02,2.269757000000000000e+06
3.785500000000000000e+03,8.884114999999999895e+01,9.747800000000000908e-02,2.281890666666666977e+06
3.795500000000000000e+03,8.891200000000000614e+01,9.746211000000001845e-02,2.294055666666666511e+06
3.805500000000000000e+03,8.893427999999998690e+01,9.781868999999999981e-02,2.306254000000000000e+06
3.815500000000000000e+03,8.893299000000000376e+01,9.734382999999999231e-02,2.318485000000000000e+06
3.825500000000000000e+03,8.886544999999998140e+01,9.766315999999999886e-02,2.330749333333333489e+06
3.835500000000000000e+03,8.872158000000000300e+01,9.765378000000000946e-02,2.343046000000000000e+06
3.845500000000000000e+03,8.893670999999999083e+01,9.782070000000001042e-02,2.355375333333333023e+06
3.855500000000000000e+03,8.886185999999999297e+01,9.748453999999999453e-02,2.367737333333333489e+06
3.865500000000000000e+03,8.895172999999999774e+01,9.756041999999999492e-02,2.380133000000000466e+06
3.875500000000000000e+03,8.876657000000000153e+01,9.749517000000000599e-02,2.392559666666666977e+06
3.885500000000000000e+03,8.888244000000000256e+01,9.771604999999999874e-02,2.405020000000000000e+06
3.895500000000000000e+03,8.888571000000000311e+01,9.764467999999999759e-02,2.417512333333333023e+06
3.905500000000000000e+03,8.880956999999999368e+01,9.747288999999999259e-02,2.430038666666666511e+06
3.915500000000000000e+03,8.889715999999999951e+01,9.769374000000000113e-02,2.442596333333333489e+06
3.925500000000000000e+03,8.871756999999999493e+01,9.771919999999999218e-02,2.455188333333333023e+06
3.935500000000000000e+03,8.896428000000000225e+01,9.755145999999999262e-02,2.467811333333333023e+06
3.945500000000000000e+03,8.886413999999999191e+01,9.725810999999999484e-02,2.480466999999999534e+06
3.955500000000000000e+03,8.885099999999999909e+01,9.774663999999999575e-02,2.493156333333333023e+06
3.965500000000000000e+03,8.888586000000000809e+01,9.738489000000000173e-02,2.505876333333333489e+06
3.975500000000000000e+03,8.887886000000000308e+01,9.768339999999998968e-02,2.518630000000000000e+06
3.985500000000000000e+03,8.894598999999999478e+01,9.757115000000000926e-02,2.531417333333333023e+06
3.995500000000000000e+03,8.879830000000001178e+01,9.758145000000000013e-02,2.544234000000000000e+06
4.005500000000000000e+03,8.888400000000000034e+01,9.776289000000000506e-02,2.557085333333333023e+06
4.015500000000000000e+03,8.881284999999999741e+01,9.767151000000000305e-02,2.569967666666666977e+06
4.025500000000000000e+03,8.885300000000000864e+01,9.752313999999999428e-02,2.582884666666666511e+06
4.035500000000000000e+03,8.880100000000000193e+01,9.774267000000000372e-02,2.595832666666666977e+06
4.045500000000000000e+03,8.884301000000000670e+01,9.741822999999999455e-02,2.608814333333333023e+06
4.055500000000000000e+03,8.871715000000000373e+01,9.739671999999999219e-02,2.621827666666666511e+06
4.065500000000000000e+03,8.878613999999998896e+01,9.755559999999999232e-02,2.634873333333333489e+06
4.075500000000000000e+03,8.892742999999998688e+01,9.734934999999998728e-02,2.647953000000000000e+06
4.085500000000000000e+03,8.881786000000001025e+01,9.720249999999999724e-02,2.661062666666666977e+06
4.095500000000000000e+03,8.873985999999999308e+01,9.753156999999999799e-02,2.674206666666666977e+06
4.105500000000000000e+03,8.883785000000000309e+01,9.729813000000001044e-02,2.687382666666666977e+06
4.115500000000000000e+03,8.873013999999999157e+01,9.748379000000000072e-02,2.700591000000000000e+06
4.125500000000000000e+03,8.890771000000000868e+01,9.737304999999998878e-02,2.713832666666666977e+06
4.135500000000000000e+03,8.883070999999999628e+01,9.730687999999999838e-02,2.727106000000000000e+06
4.145500000000000000e+03,8.882284999999998831e+01,9.730369999999999298e-02,2.740412666666666977e+06
4.155500000000000000e+03,8.882014000000000919e+01,9.747138999999999109e-02,2.753752333333333023e+06
4.165500000000000000e+03,8.889755999999999858e+01,9.727127999999998775e-02,2.767124000000000000e+06
4.175500000000000000e+03,8.876641999999999655e+01,9.761009000000001046e-02,2.780528666666666977e+06
4.185500000000000000e+03,8.881158000000000641e+01,9.737431000000000558e-02,2.793965666666666511e+06
4.195500000000000000e+03,8.883085000000001230e+01,9.737459000000001086e-02,2.807435333333333489e+06
4.205500000000000000e+03,8.874026999999999532e+01,9.729603000000000557e-02,2.820937666666666977e+06
4.215500000000000000e+03,8.877771000000001322e+01,9.759050000000001057e-02,2.834473666666666511e+06
4.225500000000000000e+03,8.880785000000000196e+01,9.744062000000000556e-02,2.848041000000000000e+06
4.235500000000000000e+03,8.882256999999999891e+01,9.723440999999999335e-02,2.861640666666666511e+06
4.245500000000000000e+03,8.889527999999999963e+01,9.762888000000000122e-02,2.875273666666666511e+06
4.255500000000000000e+03,8.883358000000001198e+01,9.754326000000000663e-02,2.888940000000000000e+06
4.265500000000000000e+03,8.880431000000000097e+01,9.725117999999999263e-02,2.902639000000000000e+06
4.275500000000000000e+03,8.884458000000002187e+01,9.723248999999999087e-02,2.916369666666666511e+06
4.285500000000000000e+03,8.890599000000001695e+01,9.739637999999999074e-02,2.930133666666666977e+06
4.295500000000000000e+03,8.877929000000000315e+01,9.753760000000000208e-02,2.943929666666666511e+06
4.305500000000000000e+03,8.871801000000000670e+01,9.710428000000000115e-02,2.957758000000000466e+06
4.315500000000000000e+03,8.888957999999999515e+01,9.760040000000000382e-02,2.971619666666666977e+06
4.325500000000000000e+03,8.867927999999999145e+01,9.740042000000001532e-02,2.985512666666666511e+06
4.335500000000000000e+03,8.877770999999998480e+01,9.765247000000000510e-02,2.999438333333333489e+06
4.345500000000000000e+03,8.865229000000000781e+01,9.746685999999998851e-02,3.013398000000000000e+06
4.355500000000000000e+03,8.883342000000000382e+01,9.766537000000000135e-02,3.027390333333333489e+06
4.365500000000000000e+03,8.878256000000000370e+01,9.755136999999999836e-02,3.041413000000000000e+06
4.375500000000000000e+03,8.878271000000000868e+01,9.766057999999999684e-02,3.055470000000000466e+06
4.385500000000000000e+03,8.884926999999998998e+01,9.782103999999999799e-02,3.069559999999999534e+06
4.395500000000000000e+03,8.876586000000000354e+01,9.755484000000000377e-02,3.083682000000000466e+06
4.405500000000000000e+03,8.883527999999999736e+01,9.749703000000001230e-02,3.097836666666666511e+06
4.415500000000000000e+03,8.881001000000000545e+01,9.771902999999999839e-02,3.112023333333333489e+06
4.425500000000000000e+03,8.876783999999997832e+01,9.739741999999999844e-02,3.126244333333333023e+06
4.435500000000000000e+03,8.874055999999998789e+01,9.745574999999999377e-02,3.140497666666666977e+06
4.445500000000000000e+03,8.877114000000000260e+01,9.743937999999999211e-02,3.154783000000000000e+06
4.455500000000000000e+03,8.881427999999999656e+01,9.769449000000000882e-02,3.169101333333333023e+06
4.465500000000000000e+03,8.876559000000000310e+01,9.764461999999998754e-02,3.183453333333333489e+06
4.475500000000000000e+03,8.885314999999999941e+01,9.776400999999999841e-02,3.197836333333333023e+06
4.485500000000000000e+03,8.876599999999999113e+01,9.769711000000000367e-02,3.212253333333333023e+06
4.495500000000000000e+03,8.872470999999998753e+01,9.761688999999999783e-02,3.226701999999999534e+06
4.505500000000000000e+03,8.882213999999999032e+01,9.769285000000001162e-02,3.241183666666666977e+06
4.515500000000000000e+03,8.875084999999998558e+01,9.752020000000001521e-02,3.255697999999999534e+06
4.525500000000000000e+03,8.879283999999999821e+01,9.770562999999998777e-02,3.270246000000000466e+06
4.535500000000000000e+03,8.880984999999999729e+01,9.774079000000000794e-02,3.284824333333333023e+06
4.545500000000000000e+03,8.873843000000000814e+01,9.775670999999999666e-02,3.299438333333333489e+06
4.555500000000000000e+03,8.889158000000000470e+01,9.767496000000000511e-02,3.314083666666666977e+06
4.565500000000000000e+03,8.878684999999998695e+01,9.758557999999999122e-02,3.328761333333333023e+06
4.575500000000000000e+03,8.881571000000000993e+01,9.763244000000000089e-02,3.343472666666666977e+06
4.585500000000000000e+03,8.887485000000000923e+01,9.767540999999999030e-02,3.358216000000000000e+06
4.595500000000000000e+03,8.879928999999999917e+01,9.742748999999999160e-02,3.372990333333333023e+06
4.605500000000000000e+03,8.883615000000000350e+01,9.756070000000001408e-02,3.387800333333333489e+06
4.615500000000000000e+03,8.883500000000000796e+01,9.755120000000001845e-02,3.402641000000000000e+06
4.625500000000000000e+03,8.884757999999999356e+01,9.753470000000000195e-02,3.417515000000000000e+06
4.635500000000000000e+03,8.875356999999999630e+01,9.756420999999999843e-02,3.432420333333333489e+06
4.645500000000000000e+03,8.877900000000001057e+01,9.771562999999998389e-02,3.447359333333333023e+06
4.655500000000000000e+03,8.878513000000000943e+01,9.745757000000000725e-02,3.462331666666666511e+06
4.665500000000000000e+03,8.873743999999999232e+01,9.748649999999998983e-02,3.477335000000000000e+06
4.675500000000000000e+03,8.885672000000000992e+01,9.746976999999999725e-02,3.492372000000000000e+06
4.685500000000000000e+03,8.875928999999999292e+01,9.768285000000001550e-02,3.507442666666666511e+06
4.695500000000000000e+03,8.879728000000000065e+01,9.737806999999999713e-02,3.522543666666666977e+06
4.705500000000000000e+03,8.879842000000000724e+01,9.724782000000001259e-02,3.537678000000000000e+06
4.715500000000000000e+03,8.879141999999998802e+01,9.740070999999998758e-02,3.552845666666666977e+06
4.725500000000000000e+03,8.881786000000001025e+01,9.756224999999998926e-02,3.568046000000000000e+06
4.735500000000000000e+03,8.882300000000000750e+01,9.710389999999999300e-02,3.583278333333333023e+06
4.745500000000000000e+03,8.880329000000000406e+01,9.735106000000000315e-02,3.598544333333333023e+06
4.755500000000000000e+03,8.878314999999999202e+01,9.731847000000000414e-02,3.613842333333333489e+06
4.765500000000000000e+03,8.885172000000000025e+01,9.733519999999998285e-02,3.629173666666666511e+06
4.775500000000000000e+03,8.889385000000001469e+01,9.721156999999999715e-02,3.644538666666666511e+06
4.785500000000000000e+03,8.872815000000001362e+01,9.727227000000000789e-02,3.659935000000000000e+06
4.795500000000000000e+03,8.889557999999999538e+01,9.716437999999999464e-02,3.675364666666666511e+06
4.805500000000000000e+03,8.884386999999999546e+01,9.722604000000001356e-02,3.690828333333333489e+06
4.815500000000000000e+03,8.874773000000001844e+01,9.704132000000000036e-02,3.706322666666666511e+06
4.825500000000000000e+03,8.880528999999998518e+01,9.713029999999998887e-02,3.721851333333333489e+06
4.835500000000000000e+03,8.881428000000001077e+01,9.711723000000001271e-02,3.737411333333333489e+06
4.845500000000000000e+03,8.883042000000000371e+01,9.712698999999999638e-02,3.753005333333333489e+06
4.855500000000000000e+03,8.886371999999998650e+01,9.705144000000001658e-02,3.768630333333333489e+06
4.865500000000000000e+03,8.891185000000000116e+01,9.699145000000000683e-02,3.784289999999999069e+06
4.875500000000000000e+03,8.881870000000000687e+01,9.703651000000000637e-02,3.799981000000000000e+06
4.885500000000000000e+03,8.881329000000000917e+01,9.678480999999999890e-02,3.815704666666666511e+06
4.895500000000000000e+03,8.888185999999998899e+01,9.686406000000000183e-02,3.831461333333333489e+06
4.905500000000000000e+03,8.884727000000000885e+01,9.699956000000001244e-02,3.847250666666666977e+06
4.915500000000000000e+03,8.880487000000000819e+01,9.685338999999999754e-02,3.863073333333333489e+06
4.925500000000000000e+03,8.884585999999998762e+01,9.686122999999999261e-02,3.878929000000000000e+06
4.935500000000000000e+03,8.886599000000001070e+01,9.694015999999999744e-02,3.894817333333333023e+06
4.945500000000000000e+03,8.888555999999999813e+01,9.663862999999998926e-02,3.910737333333333489e+06
4.955500000000000000e+03,8.894472000000000378e+01,9.676979000000000830e-02,3.926690666666666511e+06
4.965500000000000000e+03,8.881913000000000125e+01,9.674494000000000149e-02,3.942675666666666511e+06
4.975500000000000000e+03,8.885101000000000226e+01,9.686749000000001442e-02,3.958695000000000000e+06
4.985500000000000000e+03,8.888001999999998759e+01,9.671480000000000354e-02,3.974745999999999069e+06
4.995500000000000000e+03,8.891087000000001694e+01,9.670104999999998285e-02,3.990829999999999069e+06
