5.500000000000000000e+00,6.301242999999999483e+01,6.542692000000000974e+01,1.334685006666666673e+01
1.550000000000000000e+01,7.197614999999998986e+01,9.492813999999999197e+00,8.312609833333333142e+01
2.550000000000000000e+01,7.119987999999999317e+01,5.503200000000000536e+00,2.142991499999999974e+02
3.550000000000000000e+01,6.926127999999999929e+01,3.832548000000000066e+00,4.025415499999999724e+02
4.550000000000000000e+01,6.998242999999999370e+01,2.630494999999999806e+00,6.458250000000000455e+02
5.550000000000000000e+01,6.812099000000002036e+01,1.919555399999999690e+00,9.435565166666665391e+02
6.550000000000000000e+01,7.329114999999998759e+01,1.899241999999999875e+00,1.295179999999999836e+03
7.550000000000000000e+01,6.894827999999999690e+01,1.877523000000000053e+00,1.700487166666667008e+03
8.550000000000000000e+01,6.635743999999999687e+01,1.408115900000000087e+00,2.159377500000000055e+03
9.550000000000000000e+01,7.018044000000000437e+01,1.248911499999999952e+00,2.671764833333333627e+03
1.055000000000000000e+02,7.602572000000000685e+01,1.484250499999999917e+00,3.237710999999999785e+03
1.155000000000000000e+02,7.540315000000001078e+01,1.062638199999999866e+00,3.857159333333333961e+03
1.255000000000000000e+02,7.731501000000000090e+01,9.744805000000000827e-01,4.530269999999999527e+03
1.355000000000000000e+02,7.252286000000000854e+01,9.493557000000001356e-01,5.256959166666666533e+03
1.455000000000000000e+02,7.909556999999999505e+01,9.761974999999998293e-01,6.037196166666666613e+03
1.555000000000000000e+02,8.021357000000000426e+01,8.926393999999999718e-01,6.870952999999999520e+03
1.655000000000000000e+02,7.998343000000001268e+01,8.587068999999999397e-01,7.758225333333332856e+03
1.755000000000000000e+02,8.033700999999999226e+01,8.494867999999999864e-01,8.699177333333331262e+03
1.855000000000000000e+02,8.000772000000000617e+01,6.953510999999998887e-01,9.693583000000000538e+03
1.955000000000000000e+02,7.904899000000000342e+01,6.765925999999999885e-01,1.074139333333333343e+04
2.055000000000000000e+02,7.909214999999998952e+01,5.848697999999999952e-01,1.184271999999999753e+04
2.155000000000000000e+02,8.134601999999999578e+01,6.078385000000000593e-01,1.299763000000000102e+04
2.255000000000000000e+02,8.018613999999999464e+01,5.090921000000000474e-01,1.420620666666666511e+04
2.355000000000000000e+02,8.067727999999999611e+01,5.531865999999999728e-01,1.546851166666666359e+04
2.455000000000000000e+02,8.082013999999999498e+01,5.636669999999999181e-01,1.678479166666666424e+04
2.555000000000000000e+02,8.146130999999999744e+01,6.268264999999999532e-01,1.815499333333333561e+04
2.655000000000000000e+02,8.283284999999999343e+01,5.592659999999999298e-01,1.957905666666666366e+04
2.755000000000000000e+02,8.272115000000000862e+01,6.105869000000000435e-01,2.105719833333333372e+04
2.855000000000000000e+02,8.314070999999999856e+01,5.661994999999999667e-01,2.258925833333333139e+04
2.955000000000000000e+02,8.365542999999999552e+01,5.362945999999999547e-01,2.417531666666666570e+04
3.055000000000000000e+02,8.359199999999999875e+01,5.096970000000000667e-01,2.581544166666666570e+04
3.155000000000000000e+02,8.364472000000000662e+01,5.131624999999999659e-01,2.750955999999999767e+04
3.255000000000000000e+02,8.416242999999998631e+01,3.573256999999999683e-01,2.925755333333333328e+04
3.355000000000000000e+02,8.392357000000001221e+01,4.258358999999999339e-01,3.105943666666666832e+04
3.455000000000000000e+02,8.506127999999999645e+01,4.603198000000000012e-01,3.291527333333333081e+04
3.555000000000000000e+02,8.446728999999999132e+01,3.287326000000000414e-01,3.482518333333333430e+04
3.655000000000000000e+02,8.454955999999999960e+01,4.163945000000000007e-01,3.678905833333333430e+04
3.755000000000000000e+02,8.501957000000000164e+01,3.663391999999999760e-01,3.880684833333332790e+04
3.855000000000000000e+02,8.493101000000000056e+01,4.388753000000000237e-01,4.087871000000000640e+04
3.955000000000000000e+02,8.521657000000001858e+01,3.085369000000000028e-01,4.300461500000000524e+04
4.055000000000000000e+02,8.518757000000000801e+01,3.451464000000000198e-01,4.518477999999999156e+04
4.155000000000000000e+02,8.474429999999999552e+01,4.344512999999999847e-01,4.741906833333334362e+04
4.255000000000000000e+02,8.575428000000000850e+01,3.689636000000000582e-01,4.970762333333332936e+04
4.355000000000000000e+02,8.529985999999999535e+01,3.584590000000000276e-01,5.205052499999999418e+04
4.455000000000000000e+02,8.543429000000000428e+01,3.670151999999999859e-01,5.444752666666665755e+04
4.555000000000000000e+02,8.511500000000000909e+01,3.930683999999999845e-01,5.689861666666667588e+04
4.655000000000000000e+02,8.563930000000000575e+01,3.165723999999999760e-01,5.940382666666666046e+04
4.755000000000000000e+02,8.584071000000000140e+01,3.438295999999999575e-01,6.196318833333333896e+04
4.855000000000000000e+02,8.558113999999997645e+01,2.671540000000000026e-01,6.457682666666667501e+04
4.955000000000000000e+02,8.595998999999999057e+01,3.456313999999999775e-01,6.724493333333333430e+04
5.055000000000000000e+02,8.591156999999999755e+01,2.168196000000000012e-01,6.996730666666665638e+04
5.155000000000000000e+02,8.615085999999999444e+01,2.334259000000000195e-01,7.274398833333334187e+04
5.255000000000000000e+02,8.639171000000000333e+01,3.000272000000000494e-01,7.557494166666668025e+04
5.355000000000000000e+02,8.640043999999998903e+01,2.210777999999999910e-01,7.846005000000000291e+04
5.455000000000000000e+02,8.574786000000000286e+01,2.531144000000000172e-01,8.139942833333334420e+04
5.555000000000000000e+02,8.634855999999999199e+01,2.637914000000000092e-01,8.439300000000000000e+04
5.655000000000000000e+02,8.648057000000000016e+01,2.586990000000000123e-01,8.744084666666664998e+04
5.755000000000000000e+02,8.602243999999998891e+01,2.934292000000000011e-01,9.054298500000001513e+04
5.855000000000000000e+02,8.612415000000000020e+01,2.671586000000000238e-01,9.369954166666667152e+04
5.955000000000000000e+02,8.627156999999999698e+01,3.037752999999999703e-01,9.691048333333332266e+04
6.055000000000000000e+02,8.651757000000000630e+01,2.477630000000000388e-01,1.001757949999999983e+05
6.155000000000000000e+02,8.690314999999999657e+01,2.578273999999999844e-01,1.034951833333333198e+05
6.255000000000000000e+02,8.658599000000000956e+01,2.411149999999999682e-01,1.068688833333333459e+05
6.355000000000000000e+02,8.687000000000000455e+01,2.709950000000000414e-01,1.102972166666666453e+05
6.455000000000000000e+02,8.708356999999999459e+01,2.133546999999999527e-01,1.137802333333333518e+05
6.555000000000000000e+02,8.726129000000000246e+01,2.848543000000000047e-01,1.173179666666666744e+05
6.655000000000000000e+02,8.683801000000001125e+01,2.132292000000000076e-01,1.209102000000000262e+05
6.755000000000000000e+02,8.756757999999999242e+01,1.977483999999999909e-01,1.245568000000000175e+05
6.855000000000000000e+02,8.762072000000000571e+01,1.855089000000000321e-01,1.282575166666666773e+05
6.955000000000000000e+02,8.718798999999999921e+01,1.696935999999999722e-01,1.320126833333333489e+05
7.055000000000000000e+02,8.741413000000000011e+01,1.337499999999999800e-01,1.358221333333333605e+05
7.155000000000000000e+02,8.713157000000001062e+01,2.099451999999999985e-01,1.396859999999999709e+05
7.255000000000000000e+02,8.727600000000001046e+01,1.959101999999999788e-01,1.436044333333333198e+05
7.355000000000000000e+02,8.760541999999999518e+01,1.763814000000000215e-01,1.475776333333333605e+05
7.455000000000000000e+02,8.734270999999999674e+01,1.962489000000000039e-01,1.516055166666666628e+05
7.555000000000000000e+02,8.792813999999999908e+01,1.912815000000000210e-01,1.556880499999999884e+05
7.655000000000000000e+02,8.736444000000001608e+01,1.514050999999999869e-01,1.598248833333333605e+05
7.755000000000000000e+02,8.747486000000000672e+01,2.063582999999999945e-01,1.640161166666666977e+05
7.855000000000000000e+02,8.777285000000000537e+01,1.537012000000000100e-01,1.682618833333333605e+05
7.955000000000000000e+02,8.757413999999998566e+01,1.652846000000000315e-01,1.725622666666666919e+05
8.055000000000000000e+02,8.770228999999999075e+01,1.508539000000000130e-01,1.769171333333333605e+05
8.155000000000000000e+02,8.767342999999999620e+01,1.807238000000000178e-01,1.813267000000000116e+05
8.255000000000000000e+02,8.752241000000000781e+01,1.612414999999999821e-01,1.857909333333333198e+05
8.355000000000000000e+02,8.784099000000000501e+01,1.376345000000000207e-01,1.903096833333333198e+05
8.455000000000000000e+02,8.792714000000000851e+01,1.695070999999999661e-01,1.948831000000000058e+05
8.555000000000000000e+02,8.758827999999999747e+01,1.390380000000000227e-01,1.995112499999999709e+05
8.655000000000000000e+02,8.804485999999999990e+01,1.311853000000000047e-01,2.041940499999999884e+05
8.755000000000000000e+02,8.808941999999998984e+01,1.672037999999999858e-01,2.089316833333333489e+05
8.855000000000000000e+02,8.797328999999999155e+01,1.464767000000000152e-01,2.137240833333333430e+05
8.955000000000000000e+02,8.757300999999999647e+01,1.394311000000000023e-01,2.185711666666666570e+05
9.055000000000000000e+02,8.810643999999999210e+01,1.701350000000000084e-01,2.234730333333332965e+05
9.155000000000000000e+02,8.811886000000001218e+01,1.663851999999999831e-01,2.284296833333332906e+05
9.255000000000000000e+02,8.784486000000001127e+01,1.482528999999999930e-01,2.334410000000000000e+05
9.355000000000000000e+02,8.796570999999998719e+01,1.374880999999999742e-01,2.385070833333333430e+05
9.455000000000000000e+02,8.788300000000000978e+01,1.204878000000000060e-01,2.436280666666667094e+05
9.555000000000000000e+02,8.786328999999999212e+01,1.471845999999999988e-01,2.488036499999999651e+05
9.655000000000000000e+02,8.798886000000000251e+01,1.456030000000000102e-01,2.540340499999999884e+05
9.755000000000000000e+02,8.806458000000000652e+01,1.464086000000000276e-01,2.593190166666666919e+05
9.855000000000000000e+02,8.803128000000000952e+01,1.285511000000000015e-01,2.646585500000000466e+05
9.955000000000000000e+02,8.820772999999999797e+01,1.221141000000000032e-01,2.700525999999999767e+05
1.005500000000000000e+03,8.794058000000001130e+01,1.544872999999999941e-01,2.755013166666667094e+05
1.015500000000000000e+03,8.792801000000000045e+01,1.288693000000000199e-01,2.810048500000000349e+05
1.025500000000000000e+03,8.799127999999998906e+01,1.257950999999999930e-01,2.865631500000000233e+05
1.035500000000000000e+03,8.811159000000000674e+01,1.294225999999999988e-01,2.921762500000000582e+05
1.045500000000000000e+03,8.833230000000000359e+01,1.303574000000000122e-01,2.978442333333332790e+05
1.055500000000000000e+03,8.787270999999999788e+01,1.383051000000000141e-01,3.035667500000000000e+05
1.065500000000000000e+03,8.824513000000000318e+01,1.128348999999999880e-01,3.093438166666666511e+05
1.075500000000000000e+03,8.804072000000000742e+01,1.356834000000000373e-01,3.151755833333333721e+05
1.085500000000000000e+03,8.812129000000000190e+01,1.322840000000000127e-01,3.210623833333333605e+05
1.095500000000000000e+03,8.779443000000000552e+01,1.277455000000000118e-01,3.270040999999999767e+05
1.105500000000000000e+03,8.838555000000000916e+01,1.333393999999999691e-01,3.330008333333333721e+05
1.115500000000000000e+03,8.817784999999999229e+01,1.281727999999999756e-01,3.390520833333333721e+05
1.125500000000000000e+03,8.832999999999999829e+01,1.427183000000000201e-01,3.451581500000000233e+05
1.135500000000000000e+03,8.850513000000000829e+01,1.547711000000000225e-01,3.513190166666666628e+05
1.145500000000000000e+03,8.878614000000000317e+01,1.499326999999999743e-01,3.575350000000000000e+05
1.155500000000000000e+03,8.875458000000000425e+01,1.416077000000000030e-01,3.638059333333334071e+05
1.165500000000000000e+03,8.847856999999999061e+01,1.384987999999999775e-01,3.701316333333333605e+05
1.175500000000000000e+03,8.872485000000000355e+01,1.554438999999999960e-01,3.765121499999999651e+05
1.185500000000000000e+03,8.832586999999999477e+01,1.301482999999999945e-01,3.829475666666665929e+05
1.195500000000000000e+03,8.855140999999998996e+01,1.340812999999999866e-01,3.894382166666666744e+05
1.205500000000000000e+03,8.815271999999998798e+01,1.212792000000000037e-01,3.959840000000000000e+05
1.215500000000000000e+03,8.870788000000001716e+01,1.416952999999999685e-01,4.025845333333333256e+05
1.225500000000000000e+03,8.863142000000000564e+01,1.356852000000000058e-01,4.092399833333333372e+05
1.235500000000000000e+03,8.864229000000000269e+01,1.355535999999999963e-01,4.159504666666666744e+05
1.245500000000000000e+03,8.876014000000000692e+01,1.405088999999999921e-01,4.227159333333334071e+05
1.255500000000000000e+03,8.850744000000000256e+01,1.349911999999999779e-01,4.295365333333333256e+05
1.265500000000000000e+03,8.879828999999999439e+01,1.376641000000000115e-01,4.364120499999999884e+05
1.275500000000000000e+03,8.839243000000000450e+01,1.357428999999999997e-01,4.433422333333332790e+05
1.285500000000000000e+03,8.860727999999998872e+01,1.393789000000000278e-01,4.503273166666667094e+05
1.295500000000000000e+03,8.844530000000000314e+01,1.283259399999999995e-01,4.573675666666667094e+05
1.305500000000000000e+03,8.844998999999999967e+01,1.246461000000000097e-01,4.644628333333333139e+05
1.315500000000000000e+03,8.867642999999999631e+01,1.156401000000000234e-01,4.716131333333333023e+05
1.325500000000000000e+03,8.867987000000000819e+01,1.266395000000000159e-01,4.788183666666665813e+05
1.335500000000000000e+03,8.870257999999999754e+01,1.332027000000000072e-01,4.860786333333333023e+05
1.345500000000000000e+03,8.850856999999999175e+01,1.316211999999999938e-01,4.933938333333333139e+05
1.355500000000000000e+03,8.839829000000000292e+01,1.291538499999999867e-01,5.007641166666666977e+05
1.365500000000000000e+03,8.837601000000000795e+01,1.147708999999999813e-01,5.081892999999999302e+05
1.375500000000000000e+03,8.845470999999999151e+01,1.191307999999999812e-01,5.156694166666666279e+05
1.385500000000000000e+03,8.845186000000001059e+01,1.283382000000000134e-01,5.232045000000000000e+05
1.395500000000000000e+03,8.847012999999999749e+01,1.218152200000000018e-01,5.307946833333333489e+05
1.405500000000000000e+03,8.800242000000000075e+01,1.264523000000000175e-01,5.384399166666666279e+05
1.415500000000000000e+03,8.841285000000000593e+01,1.224232799999999954e-01,5.461400166666667210e+05
1.425500000000000000e+03,8.885742999999999370e+01,1.183127000000000068e-01,5.538952666666666046e+05
1.435500000000000000e+03,8.869786000000000570e+01,1.337664000000000075e-01,5.617058499999999767e+05
1.445500000000000000e+03,8.851028999999998348e+01,1.218720999999999971e-01,5.695714833333332790e+05
1.455500000000000000e+03,8.857856000000001018e+01,1.285217999999999916e-01,5.774922833333334420e+05
1.465500000000000000e+03,8.864227999999999952e+01,1.246765999999999985e-01,5.854683166666666511e+05
1.475500000000000000e+03,8.846614999999999895e+01,1.244619999999999893e-01,5.934994333333333489e+05
1.485500000000000000e+03,8.880941999999998870e+01,1.351200000000000179e-01,6.015855666666666511e+05
1.495500000000000000e+03,8.885713999999998691e+01,1.326008299999999751e-01,6.097264499999999534e+05
1.505500000000000000e+03,8.878186999999999784e+01,1.467453499999999966e-01,6.179221500000000233e+05
1.515500000000000000e+03,8.872445000000001869e+01,1.435977900000000029e-01,6.261732333333332790e+05
1.525500000000000000e+03,8.896254999999999313e+01,1.351669799999999921e-01,6.344795166666667210e+05
1.535500000000000000e+03,8.879256999999999778e+01,1.391459800000000024e-01,6.428409666666665580e+05
1.545500000000000000e+03,8.864271000000000811e+01,1.498238000000000070e-01,6.512578500000000931e+05
1.555500000000000000e+03,8.888499999999999091e+01,1.359306699999999757e-01,6.597299499999999534e+05
1.565500000000000000e+03,8.878685999999999012e+01,1.348319200000000218e-01,6.682571333333333023e+05
1.575500000000000000e+03,8.890000999999999465e+01,1.280164400000000091e-01,6.768393000000000466e+05
1.585500000000000000e+03,8.877085000000001003e+01,1.265008300000000085e-01,6.854767833333333256e+05
1.595500000000000000e+03,8.887771000000000754e+01,1.400385199999999997e-01,6.941693333333332557e+05
1.605500000000000000e+03,8.886714999999999520e+01,1.313256999999999897e-01,7.029171333333333023e+05
1.615500000000000000e+03,8.875184000000000140e+01,1.398360999999999910e-01,7.117200166666667210e+05
1.625500000000000000e+03,8.894541999999999859e+01,1.222273799999999966e-01,7.205779833333332790e+05
1.635500000000000000e+03,8.865328999999999837e+01,1.411109199999999730e-01,7.294910999999999767e+05
1.645500000000000000e+03,8.885112000000000876e+01,1.272203699999999993e-01,7.384593666666665813e+05
1.655500000000000000e+03,8.878058000000001471e+01,1.308780700000000130e-01,7.474827166666665580e+05
1.665500000000000000e+03,8.880043999999999471e+01,1.295252999999999821e-01,7.565611500000000233e+05
1.675500000000000000e+03,8.903985000000000127e+01,1.264036099999999996e-01,7.656946666666667443e+05
1.685500000000000000e+03,8.881370999999998617e+01,1.327318000000000109e-01,7.748836166666666977e+05
1.695500000000000000e+03,8.887872000000001549e+01,1.342993899999999630e-01,7.841278833333333023e+05
1.705500000000000000e+03,8.872314000000000078e+01,1.263555499999999832e-01,7.934274833333333954e+05
1.715500000000000000e+03,8.873714999999999975e+01,1.110220400000000024e-01,8.027825333333333256e+05
1.725500000000000000e+03,8.898698999999999160e+01,1.108520100000000008e-01,8.121927166666665580e+05
1.735500000000000000e+03,8.905258000000000607e+01,1.057657099999999850e-01,8.216579000000000233e+05
1.745500000000000000e+03,8.891899000000000797e+01,1.318274899999999916e-01,8.311785500000000466e+05
1.755500000000000000e+03,8.887999000000000649e+01,1.384211200000000086e-01,8.407542666666666046e+05
1.765500000000000000e+03,8.903358000000000061e+01,1.149023399999999917e-01,8.503854833333333954e+05
1.775500000000000000e+03,8.871742000000000417e+01,1.210208700000000165e-01,8.600720833333332557e+05
1.785500000000000000e+03,8.873672000000001958e+01,1.095823400000000003e-01,8.698140999999999767e+05
1.795500000000000000e+03,8.912358000000001823e+01,1.410125299999999970e-01,8.796117500000000000e+05
1.805500000000000000e+03,8.884470999999999208e+01,1.121313399999999960e-01,8.894648166666667676e+05
1.815500000000000000e+03,8.888687000000001603e+01,1.170356399999999963e-01,8.993733499999999767e+05
1.825500000000000000e+03,8.885040999999999656e+01,1.129983099999999768e-01,9.093370166666666046e+05
1.835500000000000000e+03,8.896142999999999290e+01,1.180521200000000104e-01,9.193561333333334187e+05
1.845500000000000000e+03,8.879743000000000563e+01,1.214126900000000175e-01,9.294304499999999534e+05
1.855500000000000000e+03,8.884000000000000341e+01,1.106248300000000073e-01,9.395600666666666511e+05
1.865500000000000000e+03,8.908628999999999110e+01,1.179012799999999972e-01,9.497450999999999767e+05
1.875500000000000000e+03,8.895257000000000858e+01,1.274210800000000199e-01,9.599854499999999534e+05
1.885500000000000000e+03,8.902185000000000059e+01,1.171513999999999889e-01,9.702811999999999534e+05
1.895500000000000000e+03,8.870501000000000147e+01,1.219755099999999953e-01,9.806321166666665813e+05
1.905500000000000000e+03,8.916985999999999990e+01,1.143641800000000097e-01,9.910385666666666511e+05
1.915500000000000000e+03,8.893814999999999316e+01,1.155711300000000080e-01,1.001500083333333256e+06
1.925500000000000000e+03,8.886114999999999498e+01,1.115753500000000037e-01,1.012017833333333372e+06
1.935500000000000000e+03,8.884755999999998721e+01,1.089710900000000066e-01,1.022590833333333256e+06
1.945500000000000000e+03,8.875399999999999068e+01,1.063613000000000197e-01,1.033217666666666628e+06
1.955500000000000000e+03,8.901014999999999588e+01,1.068392899999999895e-01,1.043901333333333372e+06
1.965500000000000000e+03,8.914155999999999835e+01,1.232608700000000085e-01,1.054638000000000000e+06
1.975500000000000000e+03,8.874370000000000402e+01,1.026649899999999976e-01,1.065430833333333489e+06
1.985500000000000000e+03,8.902084999999999582e+01,1.087502800000000047e-01,1.076278000000000000e+06
1.995500000000000000e+03,8.875772000000000617e+01,1.038776700000000053e-01,1.087180166666666511e+06
2.005500000000000000e+03,8.877072000000001140e+01,1.003795299999999946e-01,1.098138000000000233e+06
2.015500000000000000e+03,8.879399999999999693e+01,1.046635099999999874e-01,1.109150166666666511e+06
2.025500000000000000e+03,8.885371999999999559e+01,9.784110000000001417e-02,1.120218333333333256e+06
2.035500000000000000e+03,8.909758000000000777e+01,1.160850900000000019e-01,1.131340666666666511e+06
2.045500000000000000e+03,8.884072000000000457e+01,1.025932300000000075e-01,1.142519000000000000e+06
2.055500000000000000e+03,8.908415000000000816e+01,9.938790000000000124e-02,1.153752666666666744e+06
2.065500000000000000e+03,8.897529000000000110e+01,9.860497999999999486e-02,1.165041833333333489e+06
2.075500000000000000e+03,8.893970000000000198e+01,1.014838500000000004e-01,1.176384666666666744e+06
2.085500000000000000e+03,8.897857000000000482e+01,9.925580000000000513e-02,1.187784333333333489e+06
2.095500000000000000e+03,8.909314000000000533e+01,1.015912699999999835e-01,1.199238500000000000e+06
2.105500000000000000e+03,8.893857999999998754e+01,9.776195000000001412e-02,1.210747666666666511e+06
2.115500000000000000e+03,8.880571999999999377e+01,9.773595999999998285e-02,1.222311999999999767e+06
2.125500000000000000e+03,8.887486000000001241e+01,1.032678299999999910e-01,1.233931833333333256e+06
2.135500000000000000e+03,8.881856999999999402e+01,9.794659000000000004e-02,1.245606000000000000e+06
2.145500000000000000e+03,8.888685999999999865e+01,1.035388099999999811e-01,1.257336166666666511e+06
2.155500000000000000e+03,8.896372999999998399e+01,9.804384999999998795e-02,1.269121500000000000e+06
2.165500000000000000e+03,8.906800000000001205e+01,1.096962299999999918e-01,1.280961999999999767e+06
2.175500000000000000e+03,8.878315000000000623e+01,9.789580000000000504e-02,1.292858000000000000e+06
2.185500000000000000e+03,8.881113999999999464e+01,9.873981999999999204e-02,1.304809000000000000e+06
2.195500000000000000e+03,8.889556000000001745e+01,9.881444999999999812e-02,1.316816166666666511e+06
2.205500000000000000e+03,8.878657000000001176e+01,9.790417000000001257e-02,1.328877500000000000e+06
2.215500000000000000e+03,8.890072000000000685e+01,9.824682999999999333e-02,1.340993666666666511e+06
2.225500000000000000e+03,8.893627999999998224e+01,1.005597599999999980e-01,1.353166666666666744e+06
2.235500000000000000e+03,8.858445000000000391e+01,9.985119000000000633e-02,1.365393500000000000e+06
2.245500000000000000e+03,8.883669999999999334e+01,9.828524000000000982e-02,1.377675833333333256e+06
2.255500000000000000e+03,8.886185999999999297e+01,9.753106000000000275e-02,1.390014500000000000e+06
2.265500000000000000e+03,8.898627999999999361e+01,9.816018000000001353e-02,1.402407000000000000e+06
2.275500000000000000e+03,8.866471000000001368e+01,9.739944000000000379e-02,1.414856166666666511e+06
2.285500000000000000e+03,8.900901000000001773e+01,1.028486400000000051e-01,1.427360000000000000e+06
2.295500000000000000e+03,8.886269999999998959e+01,9.776531000000000804e-02,1.439919166666666744e+06
2.305500000000000000e+03,8.864600000000000080e+01,9.862441000000000957e-02,1.452533999999999767e+06
2.315500000000000000e+03,8.884999999999999432e+01,9.696083999999999259e-02,1.465203166666666511e+06
2.325500000000000000e+03,8.880015000000000214e+01,9.722455999999998766e-02,1.477928666666666511e+06
2.335500000000000000e+03,8.866013999999999839e+01,9.719619999999999649e-02,1.490709000000000000e+06
2.345500000000000000e+03,8.885972000000001003e+01,9.853272000000000419e-02,1.503544833333333489e+06
2.355500000000000000e+03,8.881700000000000728e+01,9.805419000000001328e-02,1.516435500000000000e+06
2.365500000000000000e+03,8.874457999999999913e+01,9.699739999999998363e-02,1.529382000000000233e+06
2.375500000000000000e+03,8.866744000000001336e+01,9.761018999999999946e-02,1.542384000000000000e+06
2.385500000000000000e+03,8.880984999999999729e+01,9.672530999999999490e-02,1.555441166666666511e+06
2.395500000000000000e+03,8.872257000000000460e+01,9.805138999999998828e-02,1.568553833333333489e+06
2.405500000000000000e+03,8.873984999999998990e+01,9.776052999999999826e-02,1.581720833333333489e+06
2.415500000000000000e+03,8.865743000000000507e+01,9.686272999999999411e-02,1.594944666666666511e+06
2.425500000000000000e+03,8.869028999999999030e+01,9.744761000000000395e-02,1.608222333333333489e+06
2.435500000000000000e+03,8.884114999999999895e+01,9.623603000000000018e-02,1.621555333333333256e+06
2.445500000000000000e+03,8.857227000000000317e+01,9.623892000000000557e-02,1.634943166666666511e+06
2.455500000000000000e+03,8.882057999999999254e+01,9.652694999999998637e-02,1.648387333333333489e+06
2.465500000000000000e+03,8.890842999999999563e+01,9.653123999999999039e-02,1.661885999999999767e+06
2.475500000000000000e+03,8.899886000000000763e+01,9.668322000000000027e-02,1.675439833333333489e+06
2.485500000000000000e+03,8.874329000000000178e+01,9.670104999999999673e-02,1.689048833333333256e+06
2.495500000000000000e+03,8.897873999999998773e+01,9.634502000000000344e-02,1.702713333333333489e+06
2.505500000000000000e+03,8.867658000000000129e+01,9.636854000000000253e-02,1.716433833333333256e+06
2.515500000000000000e+03,8.904344000000000392e+01,9.634005999999999126e-02,1.730210333333333256e+06
2.525500000000000000e+03,8.875857000000000596e+01,9.656892999999999727e-02,1.744040666666666744e+06
2.535500000000000000e+03,8.905714999999999293e+01,9.651293000000001066e-02,1.757926833333333256e+06
2.545500000000000000e+03,8.911328000000000316e+01,9.651541999999999066e-02,1.771868333333333256e+06
2.555500000000000000e+03,8.889200999999999908e+01,9.641405000000000114e-02,1.785866166666666511e+06
2.565500000000000000e+03,8.881700000000000728e+01,9.660849000000000519e-02,1.799917833333333256e+06
2.575500000000000000e+03,8.890058000000001925e+01,9.673779000000000405e-02,1.814026166666666744e+06
2.585500000000000000e+03,8.908800999999999704e+01,9.775485999999999898e-02,1.828189333333333256e+06
2.595500000000000000e+03,8.883414999999999395e+01,9.676773000000002400e-02,1.842407500000000000e+06
2.605500000000000000e+03,8.881584999999999752e+01,9.656800999999999580e-02,1.856681333333333256e+06
2.615500000000000000e+03,8.873927999999999372e+01,9.634798999999999447e-02,1.871010333333333489e+06
2.625500000000000000e+03,8.907685000000000741e+01,9.624635000000000828e-02,1.885394500000000000e+06
2.635500000000000000e+03,8.899743000000000848e+01,9.629638999999999560e-02,1.899835666666666744e+06
2.645500000000000000e+03,8.886312999999999818e+01,9.615973999999999355e-02,1.914331000000000000e+06
2.655500000000000000e+03,8.890029000000001247e+01,9.634258999999999185e-02,1.928881333333333256e+06
2.665500000000000000e+03,8.907471000000001027e+01,9.623171999999999282e-02,1.943488000000000000e+06
2.675500000000000000e+03,8.884114999999999895e+01,9.628436999999999413e-02,1.958150499999999534e+06
2.685500000000000000e+03,8.916227000000000658e+01,9.610451999999999884e-02,1.972867333333333256e+06
2.695500000000000000e+03,8.922956999999999539e+01,9.582923000000001523e-02,1.987640000000000000e+06
2.705500000000000000e+03,8.916556999999997402e+01,9.613447999999999438e-02,2.002467666666666744e+06
2.715500000000000000e+03,8.914957999999998606e+01,9.597002999999998396e-02,2.017349833333333256e+06
2.725500000000000000e+03,8.885099999999999909e+01,9.628658999999999135e-02,2.032288666666666511e+06
2.735500000000000000e+03,8.928486000000000899e+01,9.624857000000000551e-02,2.047282833333333489e+06
2.745500000000000000e+03,8.923814999999999031e+01,9.571103000000000249e-02,2.062331166666666744e+06
2.755500000000000000e+03,8.928700999999999510e+01,9.592574000000000933e-02,2.077436333333333256e+06
2.765500000000000000e+03,8.907744000000000995e+01,9.591975999999999281e-02,2.092596166666666744e+06
2.775500000000000000e+03,8.912158000000000868e+01,9.622413999999998580e-02,2.107811999999999534e+06
2.785500000000000000e+03,8.914772000000000673e+01,9.646607000000000098e-02,2.123082333333333023e+06
2.795500000000000000e+03,8.906327999999999179e+01,9.630607000000000750e-02,2.138408000000000000e+06
2.805500000000000000e+03,8.918858000000001596e+01,9.575414999999999621e-02,2.153789333333333023e+06
2.815500000000000000e+03,8.922742999999999824e+01,9.603409000000000251e-02,2.169225500000000000e+06
2.825500000000000000e+03,8.916913999999999874e+01,9.569152000000000213e-02,2.184718000000000000e+06
2.835500000000000000e+03,8.897930000000000916e+01,9.582770999999998263e-02,2.200266833333333489e+06
2.845500000000000000e+03,8.930629999999999313e+01,9.594564000000001258e-02,2.215870666666666977e+06
2.855500000000000000e+03,8.925897999999999399e+01,9.602412000000000447e-02,2.231529666666666977e+06
2.865500000000000000e+03,8.920471999999999468e+01,9.577030999999999739e-02,2.247243166666666977e+06
2.875500000000000000e+03,8.931515000000000271e+01,9.579043000000000974e-02,2.263014500000000000e+06
2.885500000000000000e+03,8.919486000000000558e+01,9.592469000000000690e-02,2.278839833333333023e+06
2.895500000000000000e+03,8.922242000000001383e+01,9.584960000000000702e-02,2.294720666666666511e+06
2.905500000000000000e+03,8.918255999999999517e+01,9.577514999999998946e-02,2.310657666666666511e+06
2.915500000000000000e+03,8.923870999999999754e+01,9.578526999999999181e-02,2.326649833333333489e+06
2.925500000000000000e+03,8.928857000000000710e+01,9.598886999999999003e-02,2.342697333333333023e+06
2.935500000000000000e+03,8.919899999999999807e+01,9.587712000000001011e-02,2.358800833333333489e+06
2.945500000000000000e+03,8.922415000000000873e+01,9.559884000000000437e-02,2.374959000000000000e+06
2.955500000000000000e+03,8.938314999999998633e+01,9.549758999999999332e-02,2.391173333333333023e+06
2.965500000000000000e+03,8.921214999999999407e+01,9.555542999999999676e-02,2.407442000000000000e+06
2.975500000000000000e+03,8.931327999999999179e+01,9.543830000000000369e-02,2.423766833333333489e+06
2.985500000000000000e+03,8.918800000000001660e+01,9.562764999999998072e-02,2.440148000000000000e+06
2.995500000000000000e+03,8.904872000000001719e+01,9.528905000000000014e-02,2.456583166666666977e+06
3.005500000000000000e+03,8.929627999999999588e+01,9.525754000000000166e-02,2.473074000000000466e+06
3.015500000000000000e+03,8.936929000000000656e+01,9.539910000000001444e-02,2.489620999999999534e+06
3.025500000000000000e+03,8.915214000000000283e+01,9.576241000000000614e-02,2.506222499999999534e+06
3.035500000000000000e+03,8.922314999999998975e+01,9.549182999999998589e-02,2.522880666666666977e+06
3.045500000000000000e+03,8.925444000000001665e+01,9.542374000000000689e-02,2.539593000000000466e+06
3.055500000000000000e+03,8.941385999999998546e+01,9.539027999999998009e-02,2.556361333333333023e+06
3.065500000000000000e+03,8.931514999999998849e+01,9.563464000000000687e-02,2.573185166666666977e+06
3.075500000000000000e+03,8.925213999999999714e+01,9.537415000000000476e-02,2.590065666666666977e+06
3.085500000000000000e+03,8.922942000000000462e+01,9.545224999999998849e-02,2.607000166666666511e+06
3.095500000000000000e+03,8.928657000000001176e+01,9.543025000000000813e-02,2.623991166666666977e+06
3.105500000000000000e+03,8.927684999999999604e+01,9.567024999999998447e-02,2.641037166666666511e+06
3.115500000000000000e+03,8.914670999999999879e+01,9.550751999999998465e-02,2.658137999999999534e+06
3.125500000000000000e+03,8.932041999999999859e+01,9.541832999999999565e-02,2.675296833333333023e+06
3.135500000000000000e+03,8.927042000000000144e+01,9.532144000000000728e-02,2.692509166666666511e+06
3.145500000000000000e+03,8.935443000000000779e+01,9.547759999999999581e-02,2.709777000000000466e+06
3.155500000000000000e+03,8.926241999999999166e+01,9.521538999999999697e-02,2.727101000000000000e+06
3.165500000000000000e+03,8.936930000000000973e+01,9.543859000000000370e-02,2.744480333333333023e+06
3.175500000000000000e+03,8.915529000000000792e+01,9.562314999999999010e-02,2.761913833333333023e+06
3.185500000000000000e+03,8.910857000000001449e+01,9.543124000000000051e-02,2.779404166666666977e+06
3.195500000000000000e+03,8.904029999999998779e+01,9.505265999999999715e-02,2.796949666666666977e+06
3.205500000000000000e+03,8.913885000000001924e+01,9.511903000000000719e-02,2.814550666666666511e+06
3.215500000000000000e+03,8.925029000000000678e+01,9.530289000000000121e-02,2.832207000000000000e+06
3.225500000000000000e+03,8.939585999999999899e+01,9.555319999999999092e-02,2.849920166666666977e+06
3.235500000000000000e+03,8.939900000000001512e+01,9.561854999999999660e-02,2.867687500000000000e+06
3.245500000000000000e+03,8.922128000000000725e+01,9.552122999999998476e-02,2.885510000000000000e+06
3.255500000000000000e+03,8.905969999999999231e+01,9.540657999999999084e-02,2.903389999999999534e+06
3.265500000000000000e+03,8.918786000000000058e+01,9.514316000000000439e-02,2.921324166666666511e+06
3.275500000000000000e+03,8.917184999999999206e+01,9.522741000000001232e-02,2.939313500000000000e+06
3.285500000000000000e+03,8.928184000000000253e+01,9.531567999999999985e-02,2.957358833333333023e+06
3.295500000000000000e+03,8.931669999999999732e+01,9.521789999999999421e-02,2.975458999999999534e+06
3.305500000000000000e+03,8.921814000000000533e+01,9.533413999999999777e-02,2.993615500000000000e+06
3.315500000000000000e+03,8.909743000000000279e+01,9.525282999999999667e-02,3.011826833333333023e+06
3.325500000000000000e+03,8.925684999999998581e+01,9.554725000000000024e-02,3.030094333333333023e+06
3.335500000000000000e+03,8.925243000000000393e+01,9.534163000000001054e-02,3.048417000000000000e+06
3.345500000000000000e+03,8.920486999999999966e+01,9.507912000000000308e-02,3.066796333333333023e+06
3.355500000000000000e+03,8.924627999999998451e+01,9.508339000000001762e-02,3.085230500000000466e+06
3.365500000000000000e+03,8.930014000000001317e+01,9.493117999999999002e-02,3.103720666666666977e+06
3.375500000000000000e+03,8.920426999999999396e+01,9.513731999999999744e-02,3.122266166666666511e+06
3.385500000000000000e+03,8.923984999999998990e+01,9.531113999999998865e-02,3.140866999999999534e+06
3.395500000000000000e+03,8.920956999999999937e+01,9.509067000000000214e-02,3.159523333333333023e+06
3.405500000000000000e+03,8.925527999999999906e+01,9.522018999999999622e-02,3.178237000000000466e+06
3.415500000000000000e+03,8.925370999999999810e+01,9.526158999999999322e-02,3.197004166666666977e+06
3.425500000000000000e+03,8.916513999999999385e+01,9.519322999999998980e-02,3.215828000000000000e+06
3.435500000000000000e+03,8.921014999999999873e+01,9.516162000000001620e-02,3.234706833333333023e+06
3.445500000000000000e+03,8.922572000000000969e+01,9.524176999999998949e-02,3.253642000000000000e+06
3.455500000000000000e+03,8.926113000000000852e+01,9.511119000000001211e-02,3.272632666666666977e+06
3.465500000000000000e+03,8.923485999999999763e+01,9.518286000000000802e-02,3.291678000000000000e+06
3.475500000000000000e+03,8.925913999999998794e+01,9.526306999999999137e-02,3.310779833333333023e+06
3.485500000000000000e+03,8.917127999999999588e+01,9.484383000000000397e-02,3.329936500000000000e+06
3.495500000000000000e+03,8.926785000000000991e+01,9.479509999999999326e-02,3.349148666666666977e+06
3.505500000000000000e+03,8.917028999999999428e+01,9.499816000000001204e-02,3.368416500000000000e+06
3.515500000000000000e+03,8.917470000000000141e+01,9.496438000000000101e-02,3.387739833333333023e+06
3.525500000000000000e+03,8.906942999999999699e+01,9.500126999999999877e-02,3.407118833333333489e+06
3.535500000000000000e+03,8.919941999999998927e+01,9.519783000000001105e-02,3.426552833333333023e+06
3.545500000000000000e+03,8.917085000000000150e+01,9.520982000000001444e-02,3.446042666666666511e+06
3.555500000000000000e+03,8.922302999999999429e+01,9.480513000000000134e-02,3.465587833333333489e+06
3.565500000000000000e+03,8.928785000000000593e+01,9.500049999999998773e-02,3.485189500000000000e+06
3.575500000000000000e+03,8.925530000000000541e+01,9.490943999999999769e-02,3.504845333333333023e+06
3.585500000000000000e+03,8.923629999999999995e+01,9.507846999999999826e-02,3.524557833333333489e+06
3.595500000000000000e+03,8.918299999999999272e+01,9.481209999999998250e-02,3.544325833333333489e+06
3.605500000000000000e+03,8.924130000000000962e+01,9.483962999999999421e-02,3.564148500000000000e+06
3.615500000000000000e+03,8.930228999999999928e+01,9.503396999999999539e-02,3.584027000000000000e+06
3.625500000000000000e+03,8.920814000000000021e+01,9.502761000000001235e-02,3.603961666666666511e+06
3.635500000000000000e+03,8.920669000000000892e+01,9.493907999999999514e-02,3.623951000000000000e+06
3.645500000000000000e+03,8.923143999999999210e+01,9.472234000000000209e-02,3.643997333333333489e+06
3.655500000000000000e+03,8.915943000000001462e+01,9.450940000000000729e-02,3.664098333333333023e+06
3.665500000000000000e+03,8.918816000000001054e+01,9.473700999999998262e-02,3.684254166666666511e+06
3.675500000000000000e+03,8.934143000000001678e+01,9.464391999999999250e-02,3.704466833333333023e+06
3.685500000000000000e+03,8.922400000000000375e+01,9.490010000000000112e-02,3.724734666666666511e+06
3.695500000000000000e+03,8.918187000000000353e+01,9.484302000000000010e-02,3.745058000000000000e+06
3.705500000000000000e+03,8.921914999999999907e+01,9.466477999999999005e-02,3.765436833333333489e+06
3.715500000000000000e+03,8.917369999999999663e+01,9.476216000000001194e-02,3.785872666666666511e+06
3.725500000000000000e+03,8.919971000000001027e+01,9.484286000000000105e-02,3.806363500000000000e+06
3.735500000000000000e+03,8.923243000000000791e+01,9.488771000000000011e-02,3.826909666666666511e+06
3.745500000000000000e+03,8.926628999999999792e+01,9.477517000000000580e-02,3.847511000000000000e+06
3.755500000000000000e+03,8.925942000000000576e+01,9.479521000000000475e-02,3.868169000000000000e+06
3.765500000000000000e+03,8.924627999999998451e+01,9.478083000000001035e-02,3.888882666666666511e+06
3.775500000000000000e+03,8.933458000000000254e+01,9.470037000000000593e-02,3.909652000000000000e+06
3.785500000000000000e+03,8.920198999999999501e+01,9.489170999999999023e-02,3.930476666666666511e+06
3.795500000000000000e+03,8.920027999999999224e+01,9.464606000000000408e-02,3.951357833333333023e+06
3.805500000000000000e+03,8.926185999999999865e+01,9.501484000000000318e-02,3.972294333333333489e+06
3.815500000000000000e+03,8.925028000000000361e+01,9.480958999999999914e-02,3.993286500000000000e+06
3.825500000000000000e+03,8.924000000000000909e+01,9.477986000000000744e-02,4.014333333333333023e+06
3.835500000000000000e+03,8.919656999999999414e+01,9.462765000000000759e-02,4.035437500000000000e+06
3.845500000000000000e+03,8.920158000000000698e+01,9.485681999999999447e-02,4.056597000000000931e+06
3.855500000000000000e+03,8.927056999999999221e+01,9.480208999999999164e-02,4.077810833333333489e+06
3.865500000000000000e+03,8.917412999999999101e+01,9.491508999999999363e-02,4.099081166666666977e+06
3.875500000000000000e+03,8.922687000000000523e+01,9.459091999999999500e-02,4.120405666666666977e+06
3.885500000000000000e+03,8.918614000000000885e+01,9.473754000000000897e-02,4.141786000000000000e+06
3.895500000000000000e+03,8.926913999999999305e+01,9.465481000000000589e-02,4.163221833333333489e+06
3.905500000000000000e+03,8.919171999999998945e+01,9.482087000000000154e-02,4.184713500000000000e+06
3.915500000000000000e+03,8.916843000000001496e+01,9.503162000000001108e-02,4.206259166666666977e+06
3.925500000000000000e+03,8.919743000000001132e+01,9.454905999999999033e-02,4.227861000000000931e+06
3.935500000000000000e+03,8.921958000000002187e+01,9.454806000000001709e-02,4.249517666666666977e+06
3.945500000000000000e+03,8.914556999999999221e+01,9.489751000000000436e-02,4.271230166666666046e+06
3.955500000000000000e+03,8.916929000000000372e+01,9.483180000000000776e-02,4.292997833333333954e+06
3.965500000000000000e+03,8.920157999999999276e+01,9.485685000000000644e-02,4.314820166666666977e+06
3.975500000000000000e+03,8.923242000000000473e+01,9.477544000000000246e-02,4.336698833333333023e+06
3.985500000000000000e+03,8.926458999999999833e+01,9.468682000000000487e-02,4.358632333333333954e+06
3.995500000000000000e+03,8.920043999999998618e+01,9.456829000000001317e-02,4.380622666666666977e+06
4.005500000000000000e+03,8.912386999999999659e+01,9.501149999999999873e-02,4.402667500000000931e+06
4.015500000000000000e+03,8.925070999999999799e+01,9.461160999999999877e-02,4.424767000000000000e+06
4.025500000000000000e+03,8.926185999999998444e+01,9.462877999999999568e-02,4.446923333333333954e+06
4.035500000000000000e+03,8.916026999999999703e+01,9.466274000000000910e-02,4.469134500000000931e+06
4.045500000000000000e+03,8.918713999999999942e+01,9.475690000000000501e-02,4.491401833333333954e+06
4.055500000000000000e+03,8.918613999999999464e+01,9.463245000000000684e-02,4.513724833333333954e+06
4.065500000000000000e+03,8.925628000000000384e+01,9.468669999999998477e-02,4.536103666666666046e+06
4.075500000000000000e+03,8.925399000000000171e+01,9.465232999999999286e-02,4.558536833333333954e+06
4.085500000000000000e+03,8.921558000000001698e+01,9.456019000000000230e-02,4.581027000000000000e+06
4.095500000000000000e+03,8.923201000000001670e+01,9.481670999999999849e-02,4.603571499999999069e+06
4.105500000000000000e+03,8.929115000000000180e+01,9.471680000000000377e-02,4.626172833333333954e+06
4.115500000000000000e+03,8.927128000000001862e+01,9.466468000000000105e-02,4.648829333333333023e+06
4.125500000000000000e+03,8.921643000000000256e+01,9.480644000000000571e-02,4.671540666666666046e+06
4.135500000000000000e+03,8.923201000000001670e+01,9.494965999999999129e-02,4.694307333333333954e+06
4.145500000000000000e+03,8.925285999999998410e+01,9.484376000000001306e-02,4.717130333333333954e+06
4.155500000000000000e+03,8.928129999999998745e+01,9.474665000000000170e-02,4.740008333333333023e+06
4.165500000000000000e+03,8.923999000000000592e+01,9.466768000000000405e-02,4.762942333333333954e+06
4.175500000000000000e+03,8.912300999999999362e+01,9.499741999999999909e-02,4.785931333333333023e+06
4.185500000000000000e+03,8.920185999999999638e+01,9.504794000000001131e-02,4.808977166666666046e+06
4.195500000000000000e+03,8.919514999999999816e+01,9.482047000000000392e-02,4.832077000000000000e+06
4.205500000000000000e+03,8.922571999999999548e+01,9.477339999999997988e-02,4.855233833333333954e+06
4.215500000000000000e+03,8.921685999999999694e+01,9.500374000000000319e-02,4.878445166666666046e+06
4.225500000000000000e+03,8.926500999999998953e+01,9.493223000000000633e-02,4.901713000000000931e+06
4.235500000000000000e+03,8.929716000000000520e+01,9.475967999999998503e-02,4.925035166666666046e+06
4.245500000000000000e+03,8.921470999999999663e+01,9.492489000000001176e-02,4.948414333333333954e+06
4.255500000000000000e+03,8.921313999999998146e+01,9.498140000000000749e-02,4.971847333333333954e+06
4.265500000000000000e+03,8.915757000000000687e+01,9.477010999999999075e-02,4.995336666666666046e+06
4.275500000000000000e+03,8.927898999999999319e+01,9.467763999999999347e-02,5.018882000000000000e+06
4.285500000000000000e+03,8.920287000000000432e+01,9.486698999999999826e-02,5.042482500000000000e+06
4.295500000000000000e+03,8.926773000000000025e+01,9.491378999999999788e-02,5.066139666666666046e+06
4.305500000000000000e+03,8.924657000000000551e+01,9.489929999999999199e-02,5.089850333333333954e+06
4.315500000000000000e+03,8.928528999999998916e+01,9.475704999999999545e-02,5.113616666666666046e+06
4.325500000000000000e+03,8.923843999999999710e+01,9.466578999999999966e-02,5.137439666666666046e+06
4.335500000000000000e+03,8.928327999999999065e+01,9.470099000000001266e-02,5.161317333333333954e+06
4.345500000000000000e+03,8.931958000000000197e+01,9.477396999999999905e-02,5.185251333333333023e+06
4.355500000000000000e+03,8.927984999999999616e+01,9.458922000000000163e-02,5.209240000000000000e+06
4.365500000000000000e+03,8.923043000000001257e+01,9.471493999999999747e-02,5.233284666666666046e+06
4.375500000000000000e+03,8.925584999999998104e+01,9.477625000000000632e-02,5.257384500000000000e+06
4.385500000000000000e+03,8.921584999999998900e+01,9.476597000000000492e-02,5.281539666666666977e+06
4.395500000000000000e+03,8.929055999999999926e+01,9.455135000000000622e-02,5.305751333333333954e+06
4.405500000000000000e+03,8.925399000000000171e+01,9.472388999999999115e-02,5.330018333333333023e+06
4.415500000000000000e+03,8.926099999999999568e+01,9.458273999999998460e-02,5.354340000000000000e+06
4.425500000000000000e+03,8.919213999999999487e+01,9.481368999999999214e-02,5.378717166666666046e+06
4.435500000000000000e+03,8.923171999999999571e+01,9.478182999999999747e-02,5.403150166666666046e+06
4.445500000000000000e+03,8.927244000000000312e+01,9.460953999999999198e-02,5.427638666666666046e+06
4.455500000000000000e+03,8.927513000000000432e+01,9.483141999999999960e-02,5.452183333333333954e+06
4.465500000000000000e+03,8.924285999999999319e+01,9.463418999999999304e-02,5.476783333333333954e+06
4.475500000000000000e+03,8.929670999999999026e+01,9.470941999999998862e-02,5.501438000000000000e+06
4.485500000000000000e+03,8.921373000000001241e+01,9.466965000000000796e-02,5.526148000000000000e+06
4.495500000000000000e+03,8.926457000000000619e+01,9.468901999999999874e-02,5.550914833333333954e+06
4.505500000000000000e+03,8.925012999999999863e+01,9.471276999999998780e-02,5.575736000000000000e+06
4.515500000000000000e+03,8.928013000000001398e+01,9.465924000000000560e-02,5.600612666666666977e+06
4.525500000000000000e+03,8.928341999999999246e+01,9.462617000000000944e-02,5.625545333333333954e+06
4.535500000000000000e+03,8.921484000000000947e+01,9.478620000000000101e-02,5.650533833333333954e+06
4.545500000000000000e+03,8.924473000000000411e+01,9.465740000000000265e-02,5.675577500000000931e+06
4.555500000000000000e+03,8.926485999999999876e+01,9.471221999999999974e-02,5.700676166666666046e+06
4.565500000000000000e+03,8.925942999999999472e+01,9.474616999999999067e-02,5.725830499999999069e+06
4.575500000000000000e+03,8.927913000000000920e+01,9.459602999999999762e-02,5.751041500000000000e+06
4.585500000000000000e+03,8.928497999999999024e+01,9.465004999999999946e-02,5.776307833333333954e+06
4.595500000000000000e+03,8.925672000000000139e+01,9.467250000000000665e-02,5.801629500000000931e+06
4.605500000000000000e+03,8.919986000000000104e+01,9.455638000000000931e-02,5.827006000000000000e+06
4.615500000000000000e+03,8.925285999999999831e+01,9.464094999999998759e-02,5.852439333333333023e+06
4.625500000000000000e+03,8.929914999999999736e+01,9.463749999999999940e-02,5.877926500000000000e+06
4.635500000000000000e+03,8.928141999999998291e+01,9.468583999999999334e-02,5.903470333333333023e+06
4.645500000000000000e+03,8.930229000000001349e+01,9.452636000000000371e-02,5.929069500000000000e+06
4.655500000000000000e+03,8.926415000000000077e+01,9.470024999999999971e-02,5.954723666666666977e+06
4.665500000000000000e+03,8.927469999999999573e+01,9.454315000000000635e-02,5.980434666666666046e+06
4.675500000000000000e+03,8.921169999999999334e+01,9.454098000000001056e-02,6.006200499999999069e+06
4.685500000000000000e+03,8.930969999999999231e+01,9.469128000000000267e-02,6.032022166666666046e+06
4.695500000000000000e+03,8.928284999999999627e+01,9.447081999999998314e-02,6.057899166666666977e+06
4.705500000000000000e+03,8.926687000000001149e+01,9.447302999999998563e-02,6.083832500000000000e+06
4.715500000000000000e+03,8.923913999999997770e+01,9.451231999999999689e-02,6.109820666666666977e+06
4.725500000000000000e+03,8.918599000000000387e+01,9.454507999999998968e-02,6.135863833333333954e+06
4.735500000000000000e+03,8.925586999999998739e+01,9.442127000000000159e-02,6.161964500000000000e+06
4.745500000000000000e+03,8.923315999999999804e+01,9.458574000000000148e-02,6.188118666666666977e+06
4.755500000000000000e+03,8.921972000000000946e+01,9.449346000000000134e-02,6.214329833333333023e+06
4.765500000000000000e+03,8.917999000000000365e+01,9.452209999999999779e-02,6.240596333333333023e+06
4.775500000000000000e+03,8.922171000000000163e+01,9.441407000000000271e-02,6.266918166666666046e+06
4.785500000000000000e+03,8.928657000000001176e+01,9.448052999999999313e-02,6.293294666666666046e+06
4.795500000000000000e+03,8.926185999999999865e+01,9.436152999999999902e-02,6.319727499999999069e+06
4.805500000000000000e+03,8.922600000000001330e+01,9.456379000000000867e-02,6.346216500000000931e+06
4.815500000000000000e+03,8.924114000000000146e+01,9.441961000000000104e-02,6.372760333333333954e+06
4.825500000000000000e+03,8.928828000000001452e+01,9.454476000000000546e-02,6.399361166666666046e+06
4.835500000000000000e+03,8.922499000000000535e+01,9.448850000000000304e-02,6.426016333333333954e+06
4.845500000000000000e+03,8.921026999999999418e+01,9.428243999999999514e-02,6.452727500000000000e+06
4.855500000000000000e+03,8.928215000000000146e+01,9.429877000000000398e-02,6.479494499999999069e+06
4.865500000000000000e+03,8.922729000000001065e+01,9.443661000000000416e-02,6.506317333333333023e+06
4.875500000000000000e+03,8.919271000000000527e+01,9.428401999999999616e-02,6.533195666666666046e+06
4.885500000000000000e+03,8.929771999999999821e+01,9.438792999999999489e-02,6.560130000000000000e+06
4.895500000000000000e+03,8.921029000000000053e+01,9.454271000000000202e-02,6.587119000000000000e+06
4.905500000000000000e+03,8.919928999999999064e+01,9.450316000000000272e-02,6.614163333333333954e+06
4.915500000000000000e+03,8.930627999999998679e+01,9.443624000000000462e-02,6.641263666666666046e+06
4.925500000000000000e+03,8.926029999999998665e+01,9.437492000000000103e-02,6.668420333333333023e+06
4.935500000000000000e+03,8.925413999999999248e+01,9.445583999999998537e-02,6.695631000000000000e+06
4.945500000000000000e+03,8.919727999999999213e+01,9.429864000000001689e-02,6.722897500000000000e+06
4.955500000000000000e+03,8.919687000000000410e+01,9.436562000000001116e-02,6.750221333333333954e+06
4.965500000000000000e+03,8.918729000000000440e+01,9.434809000000000945e-02,6.777598833333333954e+06
4.975500000000000000e+03,8.922100000000000364e+01,9.441439999999999555e-02,6.805033000000000000e+06
4.985500000000000000e+03,8.914182999999999879e+01,9.426503999999999439e-02,6.832522000000000000e+06
4.995500000000000000e+03,8.920099999999999341e+01,9.438960000000001793e-02,6.860067000000000000e+06
