5.500000000000000000e+00,7.896143999999999608e+01,4.582893800000000795e+01,2.948545633333333679e-02
1.550000000000000000e+01,8.436571000000000708e+01,5.542831999999999759e+00,1.693126100000000023e-01
2.550000000000000000e+01,8.440572000000000230e+01,3.444568000000000296e+00,4.298501333333333285e-01
3.550000000000000000e+01,8.747427000000000419e+01,2.400489000000000317e+00,8.099855666666668785e-01
4.550000000000000000e+01,8.940999999999999659e+01,1.672957999999999945e+00,1.312288333333333501e+00
5.550000000000000000e+01,8.977714000000000283e+01,1.195187199999999894e+00,1.936785666666666739e+00
6.550000000000000000e+01,8.803428000000000964e+01,9.856648000000000076e-01,2.687548000000000492e+00
7.550000000000000000e+01,8.934142999999998835e+01,7.341083999999999943e-01,3.570180666666666891e+00
8.550000000000000000e+01,8.848141999999999996e+01,7.528517000000001236e-01,4.580921666666666781e+00
9.550000000000000000e+01,8.929998000000000502e+01,6.454210000000000225e-01,5.717345666666666659e+00
1.055000000000000000e+02,8.969284999999999286e+01,6.194572999999999885e-01,6.980849666666666842e+00
1.155000000000000000e+02,8.930142999999999631e+01,5.711730000000000418e-01,8.371233000000000146e+00
1.255000000000000000e+02,8.944572000000000855e+01,5.328247999999999873e-01,9.883370333333333591e+00
1.355000000000000000e+02,9.028000000000000114e+01,4.955539999999999390e-01,1.151519666666666630e+01
1.455000000000000000e+02,9.039144999999999186e+01,4.816588999999999454e-01,1.327406666666666624e+01
1.555000000000000000e+02,9.001430000000000575e+01,4.644416999999999573e-01,1.518066666666666720e+01
1.655000000000000000e+02,9.041999999999998749e+01,4.538774000000000974e-01,1.723279000000000138e+01
1.755000000000000000e+02,9.053000000000000114e+01,4.328242999999999396e-01,1.942799666666666525e+01
1.855000000000000000e+02,9.111144000000000176e+01,4.301903000000000254e-01,2.175806333333333242e+01
1.955000000000000000e+02,9.143712999999999624e+01,4.219902000000000375e-01,2.421470000000000056e+01
2.055000000000000000e+02,9.134286000000000172e+01,4.151540999999999704e-01,2.679118000000000421e+01
2.155000000000000000e+02,9.167713999999999430e+01,4.088836999999999611e-01,2.948578666666666592e+01
2.255000000000000000e+02,9.169572000000000855e+01,3.962405000000000510e-01,3.229745666666666182e+01
2.355000000000000000e+02,9.148714999999999975e+01,3.915330999999999673e-01,3.524608666666667034e+01
2.455000000000000000e+02,9.183144999999998959e+01,3.750164999999999749e-01,3.832107666666667001e+01
2.555000000000000000e+02,9.158429999999999893e+01,3.727924999999999711e-01,4.151313666666666080e+01
2.655000000000000000e+02,9.168570999999998605e+01,3.644728999999999330e-01,4.482104000000000354e+01
2.755000000000000000e+02,9.173142999999997471e+01,3.574999999999999845e-01,4.824322999999999695e+01
2.855000000000000000e+02,9.183427999999999258e+01,3.523051999999999850e-01,5.178261999999999432e+01
2.955000000000000000e+02,9.181428999999999974e+01,3.408320000000000238e-01,5.544623333333332482e+01
3.055000000000000000e+02,9.175713999999999260e+01,3.405765000000000042e-01,5.924124333333334391e+01
3.155000000000000000e+02,9.177855999999999881e+01,3.422094999999999443e-01,6.317019666666667632e+01
3.255000000000000000e+02,9.178569999999999141e+01,3.324662999999999924e-01,6.723288333333331934e+01
3.355000000000000000e+02,9.181287000000000376e+01,3.285889999999999644e-01,7.142907666666665989e+01
3.455000000000000000e+02,9.175570999999999344e+01,3.311863999999999919e-01,7.575854666666666049e+01
3.555000000000000000e+02,9.184141999999999939e+01,3.269910999999999790e-01,8.021614666666667404e+01
3.655000000000000000e+02,9.191999000000001274e+01,3.344443000000000277e-01,8.480537000000001058e+01
3.755000000000000000e+02,9.181712999999999170e+01,3.288860000000000117e-01,8.953839666666667085e+01
3.855000000000000000e+02,9.189285999999999888e+01,3.215141000000000249e-01,9.441760666666665713e+01
3.955000000000000000e+02,9.175713999999999260e+01,3.274593000000000087e-01,9.943440666666667482e+01
4.055000000000000000e+02,9.179572000000000287e+01,3.208670999999999607e-01,1.045740733333333310e+02
4.155000000000000000e+02,9.176000000000000512e+01,3.210228999999999444e-01,1.098416666666666686e+02
4.255000000000000000e+02,9.185713999999998691e+01,3.228814999999999880e-01,1.152416999999999945e+02
4.355000000000000000e+02,9.182855999999999597e+01,3.196288999999999936e-01,1.207672666666666572e+02
4.455000000000000000e+02,9.184714999999999918e+01,3.138940000000000063e-01,1.264224666666666508e+02
4.555000000000000000e+02,9.186427000000000476e+01,3.219595999999999569e-01,1.322006666666666774e+02
4.655000000000000000e+02,9.183714000000000510e+01,3.181158000000000041e-01,1.380971333333333462e+02
4.755000000000000000e+02,9.184141999999999939e+01,3.228852999999999307e-01,1.441153333333333535e+02
4.855000000000000000e+02,9.192714999999999748e+01,3.149863999999999997e-01,1.502563333333333162e+02
4.955000000000000000e+02,9.188000000000000966e+01,3.156785000000000285e-01,1.565186000000000490e+02
5.055000000000000000e+02,9.181144000000000460e+01,3.141147000000000244e-01,1.629044666666666785e+02
5.155000000000000000e+02,9.184856999999999516e+01,3.212218000000000018e-01,1.694108666666666636e+02
5.255000000000000000e+02,9.184428999999998666e+01,3.169231000000000131e-01,1.760358333333333292e+02
5.355000000000000000e+02,9.189285000000000991e+01,3.143407999999999758e-01,1.827797999999999945e+02
5.455000000000000000e+02,9.182998000000000616e+01,3.134040000000000159e-01,1.896425333333333185e+02
5.555000000000000000e+02,9.179141999999998802e+01,3.171992000000000145e-01,1.966228333333333467e+02
5.655000000000000000e+02,9.184855999999999199e+01,3.102150000000000185e-01,2.037199333333333300e+02
5.755000000000000000e+02,9.178430000000000177e+01,3.135511999999999744e-01,2.109333666666667000e+02
5.855000000000000000e+02,9.179999999999999716e+01,3.150433999999999179e-01,2.182694333333333816e+02
5.955000000000000000e+02,9.175714999999999577e+01,3.162443000000000337e-01,2.257268666666666945e+02
6.055000000000000000e+02,9.185000000000000853e+01,3.222396000000000149e-01,2.333247666666666191e+02
6.155000000000000000e+02,9.182714999999998895e+01,3.213021999999999823e-01,2.410617666666666992e+02
6.255000000000000000e+02,9.174857000000000085e+01,3.177714999999999845e-01,2.489295999999999935e+02
6.355000000000000000e+02,9.175999999999999091e+01,3.196114999999999928e-01,2.569312666666666587e+02
6.455000000000000000e+02,9.178284000000000731e+01,3.187238000000000016e-01,2.650635333333333392e+02
6.555000000000000000e+02,9.173999999999999488e+01,3.203863000000000127e-01,2.733131000000000199e+02
6.655000000000000000e+02,9.169858000000000686e+01,3.151057000000000441e-01,2.816793333333333180e+02
6.755000000000000000e+02,9.171571999999999036e+01,3.152137000000000411e-01,2.901654333333333398e+02
6.855000000000000000e+02,9.173284000000001015e+01,3.098187000000000024e-01,2.987751999999999839e+02
6.955000000000000000e+02,9.170713999999999544e+01,3.127080999999999888e-01,3.075147999999999797e+02
7.055000000000000000e+02,9.172427000000001840e+01,3.105648000000000297e-01,3.163830333333333442e+02
7.155000000000000000e+02,9.170000000000000284e+01,3.103375999999999912e-01,3.253833333333333258e+02
7.255000000000000000e+02,9.172285000000000821e+01,3.156525000000000025e-01,3.345080333333332305e+02
7.355000000000000000e+02,9.169003000000000725e+01,3.113217999999999819e-01,3.437544999999999504e+02
7.455000000000000000e+02,9.169145000000000323e+01,3.011907999999999808e-01,3.531270333333333156e+02
7.555000000000000000e+02,9.164857999999999549e+01,3.090832000000000024e-01,3.626184000000000083e+02
7.655000000000000000e+02,9.159856999999999516e+01,3.032157999999999798e-01,3.722328666666666663e+02
7.755000000000000000e+02,9.163427999999998974e+01,3.084494999999999321e-01,3.819762666666667315e+02
7.855000000000000000e+02,9.158858000000000743e+01,3.016440000000000232e-01,3.918536666666666974e+02
7.955000000000000000e+02,9.156713999999999487e+01,3.034959000000000406e-01,4.018638999999999442e+02
8.055000000000000000e+02,9.153715000000001112e+01,3.031005000000000504e-01,4.120000333333333629e+02
8.155000000000000000e+02,9.150714999999999577e+01,3.023892000000000246e-01,4.222662666666666951e+02
8.255000000000000000e+02,9.152428000000000452e+01,3.005619000000000485e-01,4.326659666666666340e+02
8.355000000000000000e+02,9.146142999999997869e+01,3.033010999999999902e-01,4.431996333333332814e+02
8.455000000000000000e+02,9.147571000000000652e+01,3.034875000000000211e-01,4.538744666666666490e+02
8.555000000000000000e+02,9.140858000000000061e+01,3.015811999999999937e-01,4.646876333333332809e+02
8.655000000000000000e+02,9.139428999999999803e+01,2.986109000000000124e-01,4.756357999999999038e+02
8.755000000000000000e+02,9.142855999999999028e+01,3.012719000000000369e-01,4.867173999999999978e+02
8.855000000000000000e+02,9.139141999999999655e+01,3.027601000000000320e-01,4.979319666666666535e+02
8.955000000000000000e+02,9.133428999999998155e+01,3.014982999999999969e-01,5.092974000000000387e+02
9.055000000000000000e+02,9.135571999999999093e+01,2.996771000000000296e-01,5.208179999999999836e+02
9.155000000000000000e+02,9.130427999999999145e+01,3.015581999999999985e-01,5.324651333333332559e+02
9.255000000000000000e+02,9.130142000000000735e+01,2.987707999999999475e-01,5.442434666666666772e+02
9.355000000000000000e+02,9.132286999999999466e+01,2.982314000000000354e-01,5.561570333333334020e+02
9.455000000000000000e+02,9.128999999999999204e+01,2.972974000000000450e-01,5.682128666666667414e+02
9.555000000000000000e+02,9.130713000000000079e+01,2.976150999999999658e-01,5.803959666666665953e+02
9.655000000000000000e+02,9.126000000000000512e+01,2.940737999999999408e-01,5.927017333333333227e+02
9.755000000000000000e+02,9.122999000000000080e+01,2.980729999999999769e-01,6.051314666666667108e+02
9.855000000000000000e+02,9.123570999999999742e+01,2.949327000000000476e-01,6.176875999999999749e+02
9.955000000000000000e+02,9.122714000000000567e+01,2.937128999999999990e-01,6.303750333333333629e+02
1.005500000000000000e+03,9.119998999999999967e+01,2.936066999999999982e-01,6.431880999999999631e+02
1.015500000000000000e+03,9.118000000000000682e+01,2.932911999999999741e-01,6.561243333333333112e+02
1.025500000000000000e+03,9.119856000000001472e+01,2.898382999999999932e-01,6.691850333333333083e+02
1.035500000000000000e+03,9.115001000000000886e+01,2.886243999999999477e-01,6.823707666666666682e+02
1.045500000000000000e+03,9.117571000000000936e+01,2.902715999999999630e-01,6.956842333333332817e+02
1.055500000000000000e+03,9.117284999999999684e+01,2.928669000000000411e-01,7.091287666666667064e+02
1.065500000000000000e+03,9.112000000000000455e+01,2.897296999999999789e-01,7.226963666666666768e+02
1.075500000000000000e+03,9.111857000000000539e+01,2.879591000000000234e-01,7.363803333333332830e+02
1.085500000000000000e+03,9.112144000000000688e+01,2.906151000000000151e-01,7.501835333333333438e+02
1.095500000000000000e+03,9.113428000000001816e+01,2.905863000000000196e-01,7.641050333333333811e+02
1.105500000000000000e+03,9.111857999999999436e+01,2.870981000000000227e-01,7.781457000000000335e+02
1.115500000000000000e+03,9.109143000000000256e+01,2.864636999999999878e-01,7.923049333333333379e+02
1.125500000000000000e+03,9.113286000000000797e+01,2.877303999999999418e-01,8.065822333333333063e+02
1.135500000000000000e+03,9.108427000000000362e+01,2.895993000000000039e-01,8.209826333333332968e+02
1.145500000000000000e+03,9.109286000000000172e+01,2.870103000000000515e-01,8.355106666666666797e+02
1.155500000000000000e+03,9.111427999999999372e+01,2.862355000000000316e-01,8.501615666666666584e+02
1.165500000000000000e+03,9.109429999999998984e+01,2.876554999999999529e-01,8.649306333333333896e+02
1.175500000000000000e+03,9.109000000000000341e+01,2.857872000000000190e-01,8.798229333333332534e+02
1.185500000000000000e+03,9.109859000000000151e+01,2.879720000000000057e-01,8.948599333333334016e+02
1.195500000000000000e+03,9.108571999999999491e+01,2.843430000000000124e-01,9.100223333333333358e+02
1.205500000000000000e+03,9.109572000000000003e+01,2.818649000000000293e-01,9.253482666666666319e+02
1.215500000000000000e+03,9.108285999999999660e+01,2.833904999999999896e-01,9.408234666666664907e+02
1.225500000000000000e+03,9.107284000000001356e+01,2.863346999999999976e-01,9.564323000000000548e+02
1.235500000000000000e+03,9.107715000000000316e+01,2.821605999999999836e-01,9.721665999999999030e+02
1.245500000000000000e+03,9.107142000000000337e+01,2.812579000000000051e-01,9.880281999999999698e+02
1.255500000000000000e+03,9.106430000000000291e+01,2.806766000000000538e-01,1.004010499999999979e+03
1.265500000000000000e+03,9.107713000000001102e+01,2.814067999999999570e-01,1.020115566666666609e+03
1.275500000000000000e+03,9.106284999999999741e+01,2.783546000000000076e-01,1.036347333333333381e+03
1.285500000000000000e+03,9.105570000000000164e+01,2.821226000000000012e-01,1.052701999999999998e+03
1.295500000000000000e+03,9.104143000000000541e+01,2.786501000000000117e-01,1.069186666666666952e+03
1.305500000000000000e+03,9.102714000000000283e+01,2.786756000000000233e-01,1.085797333333333427e+03
1.315500000000000000e+03,9.102000000000001023e+01,2.783315000000000650e-01,1.102539999999999964e+03
1.325500000000000000e+03,9.099287000000001058e+01,2.766932999999999754e-01,1.119413333333333412e+03
1.335500000000000000e+03,9.101999999999999602e+01,2.787202000000000290e-01,1.136418333333333294e+03
1.345500000000000000e+03,9.100000000000001421e+01,2.791564999999999741e-01,1.153559333333333370e+03
1.355500000000000000e+03,9.097427999999999315e+01,2.761900999999999939e-01,1.170824999999999818e+03
1.365500000000000000e+03,9.097713999999999146e+01,2.769460000000000255e-01,1.188213666666666541e+03
1.375500000000000000e+03,9.098570000000000846e+01,2.767901999999999862e-01,1.205725333333333310e+03
1.385500000000000000e+03,9.095283000000000584e+01,2.777966999999999520e-01,1.223356000000000222e+03
1.395500000000000000e+03,9.095428000000001134e+01,2.800538000000000194e-01,1.241111999999999853e+03
1.405500000000000000e+03,9.096572000000000457e+01,2.762311999999999546e-01,1.259000333333333629e+03
1.415500000000000000e+03,9.093715000000000259e+01,2.785256000000000398e-01,1.277012666666666746e+03
1.425500000000000000e+03,9.093287000000000830e+01,2.769892999999999939e-01,1.295144333333333179e+03
1.435500000000000000e+03,9.093143000000000598e+01,2.767245999999999873e-01,1.313407333333333099e+03
1.445500000000000000e+03,9.093571000000000026e+01,2.775426000000000282e-01,1.331807333333333190e+03
1.455500000000000000e+03,9.089713999999999317e+01,2.793965999999999950e-01,1.350332666666666682e+03
1.465500000000000000e+03,9.091142999999999574e+01,2.771012999999999948e-01,1.368979333333333216e+03
1.475500000000000000e+03,9.092999000000000365e+01,2.763955000000000162e-01,1.387754000000000133e+03
1.485500000000000000e+03,9.090000000000000568e+01,2.770428000000000335e-01,1.406655666666666548e+03
1.495500000000000000e+03,9.089999000000000251e+01,2.781183999999999878e-01,1.425693333333333385e+03
1.505500000000000000e+03,9.093571000000000026e+01,2.770967999999999765e-01,1.444857999999999947e+03
1.515500000000000000e+03,9.093429999999997904e+01,2.788889999999999980e-01,1.464154999999999973e+03
1.525500000000000000e+03,9.090286000000000399e+01,2.779861999999999611e-01,1.483587333333333390e+03
1.535500000000000000e+03,9.090998000000000445e+01,2.766617000000000104e-01,1.503144666666666581e+03
1.545500000000000000e+03,9.091283999999998855e+01,2.791097000000000161e-01,1.522821666666666715e+03
1.555500000000000000e+03,9.091285000000000593e+01,2.773561999999999972e-01,1.542614000000000033e+03
1.565500000000000000e+03,9.087714000000001136e+01,2.777935000000000265e-01,1.562526000000000067e+03
1.575500000000000000e+03,9.088430000000001030e+01,2.762558000000000513e-01,1.582557000000000016e+03
1.585500000000000000e+03,9.087858000000001368e+01,2.783956000000000208e-01,1.602712999999999965e+03
1.595500000000000000e+03,9.085857000000001449e+01,2.762235000000000662e-01,1.623001333333333378e+03
1.605500000000000000e+03,9.087142999999998949e+01,2.773157999999999457e-01,1.643412333333333208e+03
1.615500000000000000e+03,9.088142999999999461e+01,2.751327000000000078e-01,1.663944999999999709e+03
1.625500000000000000e+03,9.086713999999999203e+01,2.759593999999999658e-01,1.684603333333333239e+03
1.635500000000000000e+03,9.083714000000000510e+01,2.764603000000000477e-01,1.705381666666666661e+03
1.645500000000000000e+03,9.085431000000001234e+01,2.756100999999999690e-01,1.726284000000000106e+03
1.655500000000000000e+03,9.085572999999999411e+01,2.754085000000000560e-01,1.747301666666666733e+03
1.665500000000000000e+03,9.085284999999998945e+01,2.753707999999999712e-01,1.768439666666666426e+03
1.675500000000000000e+03,9.083858000000000743e+01,2.754257999999999429e-01,1.789706666666666479e+03
1.685500000000000000e+03,9.085143999999999664e+01,2.756371999999999711e-01,1.811105666666666366e+03
1.695500000000000000e+03,9.086713000000000306e+01,2.751165999999999334e-01,1.832641666666666424e+03
1.705500000000000000e+03,9.085429000000002020e+01,2.764095000000000302e-01,1.854306666666666615e+03
1.715500000000000000e+03,9.085856000000001131e+01,2.767105000000000259e-01,1.876088333333333594e+03
1.725500000000000000e+03,9.087999999999999545e+01,2.749348999999999821e-01,1.897993333333333339e+03
1.735500000000000000e+03,9.085429999999999495e+01,2.752437999999999829e-01,1.920019000000000233e+03
1.745500000000000000e+03,9.086571000000000708e+01,2.760755999999999211e-01,1.942174666666667008e+03
1.755500000000000000e+03,9.086142999999999859e+01,2.748395999999999617e-01,1.964454000000000178e+03
1.765500000000000000e+03,9.085998999999999626e+01,2.746438999999999964e-01,1.986868999999999915e+03
1.775500000000000000e+03,9.084999999999999432e+01,2.749609000000000636e-01,2.009418666666666468e+03
1.785500000000000000e+03,9.086714999999999520e+01,2.750584999999999836e-01,2.032103999999999814e+03
1.795500000000000000e+03,9.084572000000000003e+01,2.723624000000000600e-01,2.054927000000000135e+03
1.805500000000000000e+03,9.084999000000000535e+01,2.738273999999999431e-01,2.077875666666666802e+03
1.815500000000000000e+03,9.085571000000000197e+01,2.739288000000000278e-01,2.100964999999999691e+03
1.825500000000000000e+03,9.083572000000000912e+01,2.719992999999999994e-01,2.124208333333333485e+03
1.835500000000000000e+03,9.084142999999998835e+01,2.739751000000000269e-01,2.147583000000000084e+03
1.845500000000000000e+03,9.084284999999999854e+01,2.732016999999999918e-01,2.171088333333333594e+03
1.855500000000000000e+03,9.085286000000000683e+01,2.729612000000000149e-01,2.194722333333333154e+03
1.865500000000000000e+03,9.083713000000000193e+01,2.733938999999999675e-01,2.218486666666666679e+03
1.875500000000000000e+03,9.082858000000000231e+01,2.730659000000000280e-01,2.242389333333333525e+03
1.885500000000000000e+03,9.083715000000000828e+01,2.729314000000000462e-01,2.266422666666666828e+03
1.895500000000000000e+03,9.082999999999999829e+01,2.723519000000000356e-01,2.290588666666666541e+03
1.905500000000000000e+03,9.083716999999998620e+01,2.728900000000000214e-01,2.314879333333333307e+03
1.915500000000000000e+03,9.081715999999998701e+01,2.729815000000000436e-01,2.339301000000000386e+03
1.925500000000000000e+03,9.083144999999998959e+01,2.726289000000000073e-01,2.363855999999999767e+03
1.935500000000000000e+03,9.080572000000000799e+01,2.719246000000000163e-01,2.388544666666666217e+03
1.945500000000000000e+03,9.080571999999999377e+01,2.720225000000000004e-01,2.413371999999999844e+03
1.955500000000000000e+03,9.081572999999998785e+01,2.727569999999999717e-01,2.438331000000000131e+03
1.965500000000000000e+03,9.079428000000000054e+01,2.728251999999999899e-01,2.463415333333333365e+03
1.975500000000000000e+03,9.079713000000000989e+01,2.725694000000000172e-01,2.488623000000000047e+03
1.985500000000000000e+03,9.078570999999999458e+01,2.729374999999999996e-01,2.513949333333333016e+03
1.995500000000000000e+03,9.077855000000000985e+01,2.713710000000000289e-01,2.539399000000000342e+03
2.005500000000000000e+03,9.078284000000000731e+01,2.720574000000000048e-01,2.564965999999999894e+03
2.015500000000000000e+03,9.077000000000001023e+01,2.712178000000000089e-01,2.590661999999999807e+03
2.025500000000000000e+03,9.076714000000001192e+01,2.716740999999999739e-01,2.616489666666666835e+03
2.035500000000000000e+03,9.076570000000000960e+01,2.709584999999999910e-01,2.642451666666666824e+03
2.045500000000000000e+03,9.075427999999999429e+01,2.714142999999999972e-01,2.668553666666666686e+03
2.055500000000000000e+03,9.075429999999998643e+01,2.708940999999999710e-01,2.694788999999999760e+03
2.065500000000000000e+03,9.073285999999998808e+01,2.707811999999999997e-01,2.721161666666666861e+03
2.075500000000000000e+03,9.073144000000000631e+01,2.711019000000000068e-01,2.747665666666666766e+03
2.085500000000000000e+03,9.073144000000000631e+01,2.707146000000000274e-01,2.774300333333333583e+03
2.095500000000000000e+03,9.072288000000000352e+01,2.702425999999999995e-01,2.801065666666666402e+03
2.105500000000000000e+03,9.072428999999999633e+01,2.706909000000000121e-01,2.827963333333333594e+03
2.115500000000000000e+03,9.072287000000000035e+01,2.713618000000000419e-01,2.855010333333333620e+03
2.125500000000000000e+03,9.071858000000000288e+01,2.710170000000000079e-01,2.882185333333333347e+03
2.135500000000000000e+03,9.070429000000000030e+01,2.709667999999999521e-01,2.909490333333332728e+03
2.145500000000000000e+03,9.070286000000000115e+01,2.711121000000000225e-01,2.936930666666667094e+03
2.155500000000000000e+03,9.069426999999998884e+01,2.695089999999999431e-01,2.964490666666666584e+03
2.165500000000000000e+03,9.070714999999998440e+01,2.698686000000000140e-01,2.992170666666666420e+03
2.175500000000000000e+03,9.068283999999998457e+01,2.704107000000000038e-01,3.019969000000000051e+03
2.185500000000000000e+03,9.069285000000000707e+01,2.699436000000000058e-01,3.047894000000000233e+03
2.195500000000000000e+03,9.070143999999999096e+01,2.701236000000000193e-01,3.075953333333333376e+03
2.205500000000000000e+03,9.068142000000000280e+01,2.694877000000000522e-01,3.104144666666666126e+03
2.215500000000000000e+03,9.067284999999999684e+01,2.688552999999999638e-01,3.132466333333332841e+03
2.225500000000000000e+03,9.067714000000000851e+01,2.695266000000000051e-01,3.160923999999999978e+03
2.235500000000000000e+03,9.066855999999999938e+01,2.690461000000000102e-01,3.189514000000000124e+03
2.245500000000000000e+03,9.067855000000000132e+01,2.693012999999999657e-01,3.218232666666666773e+03
2.255500000000000000e+03,9.065713999999999828e+01,2.684677000000000313e-01,3.247067666666666810e+03
2.265500000000000000e+03,9.066855999999999938e+01,2.678149999999999697e-01,3.276025000000000091e+03
2.275500000000000000e+03,9.066285000000000593e+01,2.692217999999999556e-01,3.305126333333332695e+03
2.285500000000000000e+03,9.066857000000000255e+01,2.675790000000000113e-01,3.334356333333334078e+03
2.295500000000000000e+03,9.066284000000000276e+01,2.684510999999999981e-01,3.363708666666666431e+03
2.305500000000000000e+03,9.066569000000001211e+01,2.684495000000000076e-01,3.393181666666666388e+03
2.315500000000000000e+03,9.065143000000000484e+01,2.673674000000000328e-01,3.422776333333332786e+03
2.325500000000000000e+03,9.065000000000000568e+01,2.680205999999999977e-01,3.452493666666666741e+03
2.335500000000000000e+03,9.065713999999999828e+01,2.676117999999999553e-01,3.482339333333333343e+03
2.345500000000000000e+03,9.064713000000000420e+01,2.674571000000000032e-01,3.512302333333333081e+03
2.355500000000000000e+03,9.063858000000000459e+01,2.677010000000000223e-01,3.542380999999999858e+03
2.365500000000000000e+03,9.066568999999999789e+01,2.666120999999999630e-01,3.572582333333333281e+03
2.375500000000000000e+03,9.064858000000000970e+01,2.668427999999999356e-01,3.602907666666666955e+03
2.385500000000000000e+03,9.064430000000000121e+01,2.681541000000000063e-01,3.633364999999999327e+03
2.395500000000000000e+03,9.064142000000001076e+01,2.665829000000000670e-01,3.663959333333333234e+03
2.405500000000000000e+03,9.066141999999999257e+01,2.659999000000000113e-01,3.694759333333332961e+03
2.415500000000000000e+03,9.064430000000000121e+01,2.656703999999999732e-01,3.725704333333332670e+03
2.425500000000000000e+03,9.065570999999999913e+01,2.665092000000000017e-01,3.756778999999999996e+03
2.435500000000000000e+03,9.065428999999998894e+01,2.654717999999999800e-01,3.787987333333333481e+03
2.445500000000000000e+03,9.065713999999999828e+01,2.665704999999999880e-01,3.819326000000000022e+03
2.455500000000000000e+03,9.065571000000001334e+01,2.658128999999999631e-01,3.850784333333333961e+03
2.465500000000000000e+03,9.064712999999998999e+01,2.639160999999999868e-01,3.882369333333333543e+03
2.475500000000000000e+03,9.065713999999999828e+01,2.646974000000000271e-01,3.914080666666666275e+03
2.485500000000000000e+03,9.064713000000000420e+01,2.639950999999999826e-01,3.945917666666667174e+03
2.495500000000000000e+03,9.063856000000001245e+01,2.644977000000000578e-01,3.977888666666665813e+03
2.505500000000000000e+03,9.066712000000001126e+01,2.638537000000000243e-01,4.009980333333332965e+03
2.515500000000000000e+03,9.064142999999999972e+01,2.634357999999999977e-01,4.042195666666667421e+03
2.525500000000000000e+03,9.064713000000000420e+01,2.633121999999999963e-01,4.074530666666667003e+03
2.535500000000000000e+03,9.065997999999999024e+01,2.640588000000000379e-01,4.106989333333333889e+03
2.545500000000000000e+03,9.064571000000000822e+01,2.626794000000000073e-01,4.139568666666667013e+03
2.555500000000000000e+03,9.062859000000000265e+01,2.638897000000000048e-01,4.172265000000000327e+03
2.565500000000000000e+03,9.065569999999999595e+01,2.641158000000000117e-01,4.205080333333333328e+03
2.575500000000000000e+03,9.064856999999999232e+01,2.630533999999999928e-01,4.238020666666665420e+03
2.585500000000000000e+03,9.065000000000000568e+01,2.633949999999999902e-01,4.271081666666666933e+03
2.595500000000000000e+03,9.065000999999999465e+01,2.633018999999999776e-01,4.304264666666667836e+03
2.605500000000000000e+03,9.066713000000000022e+01,2.622728000000000281e-01,4.337563666666666904e+03
2.615500000000000000e+03,9.065857000000001165e+01,2.625175000000000147e-01,4.370986333333332368e+03
2.625500000000000000e+03,9.064858000000000970e+01,2.627050000000000218e-01,4.404536999999998443e+03
2.635500000000000000e+03,9.063857000000000141e+01,2.624346000000000179e-01,4.438220999999999549e+03
2.645500000000000000e+03,9.063714999999999122e+01,2.631089999999999818e-01,4.472039333333334071e+03
2.655500000000000000e+03,9.063717000000001178e+01,2.622645000000000115e-01,4.505986666666666679e+03
2.665500000000000000e+03,9.064286000000001309e+01,2.620704999999999840e-01,4.540060999999999694e+03
2.675500000000000000e+03,9.063715999999999440e+01,2.619219999999999882e-01,4.574263333333333321e+03
2.685500000000000000e+03,9.063714999999999122e+01,2.617650999999999728e-01,4.608596000000000458e+03
2.695500000000000000e+03,9.063858000000000459e+01,2.627895000000000092e-01,4.643054000000000087e+03
2.705500000000000000e+03,9.063003000000000497e+01,2.615935999999999817e-01,4.677631333333333714e+03
2.715500000000000000e+03,9.063288000000000011e+01,2.623214999999999852e-01,4.712331666666666933e+03
2.725500000000000000e+03,9.062001999999998247e+01,2.615861999999999910e-01,4.747154666666666344e+03
2.735500000000000000e+03,9.061857999999999436e+01,2.611315000000000164e-01,4.782121666666666897e+03
2.745500000000000000e+03,9.061715999999998417e+01,2.607689999999999730e-01,4.817268666666665922e+03
2.755500000000000000e+03,9.061858999999999753e+01,2.617744999999999655e-01,4.852546333333332768e+03
2.765500000000000000e+03,9.062286999999999182e+01,2.611796000000000118e-01,4.887944000000000415e+03
2.775500000000000000e+03,9.061858999999999753e+01,2.609860999999999431e-01,4.923469333333332543e+03
2.785500000000000000e+03,9.061429000000001110e+01,2.605713000000000057e-01,4.959124333333333198e+03
2.795500000000000000e+03,9.060714999999999009e+01,2.599634000000000111e-01,4.994910333333333256e+03
2.805500000000000000e+03,9.061000999999998839e+01,2.609467000000000314e-01,5.030819999999999709e+03
2.815500000000000000e+03,9.060571999999999093e+01,2.608532000000000073e-01,5.066856666666666570e+03
2.825500000000000000e+03,9.060429000000000599e+01,2.603624999999999967e-01,5.103019999999999527e+03
2.835500000000000000e+03,9.059999999999999432e+01,2.617679000000000533e-01,5.139306666666666388e+03
2.845500000000000000e+03,9.059428000000001191e+01,2.602054999999999785e-01,5.175720666666666148e+03
2.855500000000000000e+03,9.060285999999999262e+01,2.609358999999999429e-01,5.212255333333332601e+03
2.865500000000000000e+03,9.059856999999999516e+01,2.605598000000000081e-01,5.248914333333332252e+03
2.875500000000000000e+03,9.059857000000000937e+01,2.601816000000000129e-01,5.285699333333333016e+03
2.885500000000000000e+03,9.058427000000000362e+01,2.605898999999999299e-01,5.322611666666666679e+03
2.895500000000000000e+03,9.059141999999999939e+01,2.609864000000000073e-01,5.359655999999999949e+03
2.905500000000000000e+03,9.058856000000000108e+01,2.611806999999999879e-01,5.396825999999999112e+03
2.915500000000000000e+03,9.058856000000000108e+01,2.611052999999999846e-01,5.434121999999999389e+03
2.925500000000000000e+03,9.059284999999998433e+01,2.607223000000000179e-01,5.471547333333333881e+03
2.935500000000000000e+03,9.058284000000000447e+01,2.609658999999999729e-01,5.509105666666666366e+03
2.945500000000000000e+03,9.057855000000000700e+01,2.608130999999999644e-01,5.546798999999999978e+03
2.955500000000000000e+03,9.058284000000000447e+01,2.615506000000000220e-01,5.584617999999999483e+03
2.965500000000000000e+03,9.057712999999999681e+01,2.608407999999999838e-01,5.622558666666665886e+03
2.975500000000000000e+03,9.057426999999999850e+01,2.604371999999999798e-01,5.660633666666666613e+03
2.985500000000000000e+03,9.057426999999999850e+01,2.595241999999999827e-01,5.698850666666667166e+03
2.995500000000000000e+03,9.057427000000001271e+01,2.602852999999999972e-01,5.737205000000000837e+03
3.005500000000000000e+03,9.056712999999999170e+01,2.607367999999999908e-01,5.775692666666666810e+03
3.015500000000000000e+03,9.056569999999999254e+01,2.601510999999999685e-01,5.814308666666665886e+03
3.025500000000000000e+03,9.056710999999998535e+01,2.594489000000000378e-01,5.853050999999999476e+03
3.035500000000000000e+03,9.055857000000000312e+01,2.605902000000000496e-01,5.891922333333333881e+03
3.045500000000000000e+03,9.054855000000000587e+01,2.596033000000000368e-01,5.930921000000000276e+03
3.055500000000000000e+03,9.054857999999998697e+01,2.597652000000000294e-01,5.970038333333332957e+03
3.065500000000000000e+03,9.054427999999998633e+01,2.597249000000000363e-01,6.009289333333332252e+03
3.075500000000000000e+03,9.055142000000000735e+01,2.603081999999999896e-01,6.048672000000000480e+03
3.085500000000000000e+03,9.054856999999999800e+01,2.603372000000000464e-01,6.088183999999999287e+03
3.095500000000000000e+03,9.053428999999999860e+01,2.593945999999999752e-01,6.127827333333332717e+03
3.105500000000000000e+03,9.053573000000000093e+01,2.597351999999999439e-01,6.167605333333332965e+03
3.115500000000000000e+03,9.052145000000000152e+01,2.599886000000000141e-01,6.207530666666667457e+03
3.125500000000000000e+03,9.052858000000000516e+01,2.598487000000000435e-01,6.247587333333333845e+03
3.135500000000000000e+03,9.052000999999999920e+01,2.602042000000000521e-01,6.287785333333333256e+03
3.145500000000000000e+03,9.051858999999998900e+01,2.594817999999999847e-01,6.328117666666666992e+03
3.155500000000000000e+03,9.051716000000000406e+01,2.596794999999999520e-01,6.368572000000000116e+03
3.165500000000000000e+03,9.051286999999999239e+01,2.596569999999999712e-01,6.409150333333333947e+03
3.175500000000000000e+03,9.051144000000002166e+01,2.607933000000000057e-01,6.449853333333332557e+03
3.185500000000000000e+03,9.051715999999998985e+01,2.589141000000000359e-01,6.490682333333333190e+03
3.195500000000000000e+03,9.052429999999999666e+01,2.598322000000000687e-01,6.531637999999999920e+03
3.205500000000000000e+03,9.051428999999998837e+01,2.596470000000000722e-01,6.572738000000000284e+03
3.215500000000000000e+03,9.050858000000000914e+01,2.590593999999999397e-01,6.613979999999998654e+03
3.225500000000000000e+03,9.050857999999999493e+01,2.599099999999999744e-01,6.655353999999999360e+03
3.235500000000000000e+03,9.051285999999998921e+01,2.595801000000000358e-01,6.696859333333331961e+03
3.245500000000000000e+03,9.050428999999999746e+01,2.586984999999999979e-01,6.738496666666667807e+03
3.255500000000000000e+03,9.050285999999999831e+01,2.590039999999999565e-01,6.780249333333333198e+03
3.265500000000000000e+03,9.050571999999999662e+01,2.590415999999999830e-01,6.822123666666666395e+03
3.275500000000000000e+03,9.050714999999999577e+01,2.590694000000000052e-01,6.864120333333332383e+03
3.285500000000000000e+03,9.049571000000000254e+01,2.596014000000000377e-01,6.906256666666666206e+03
3.295500000000000000e+03,9.050000000000001421e+01,2.586302999999999797e-01,6.948525666666665529e+03
3.305500000000000000e+03,9.050285999999999831e+01,2.587678000000000478e-01,6.990921333333331859e+03
3.315500000000000000e+03,9.050142999999999915e+01,2.591634000000000437e-01,7.033442333333334318e+03
3.325500000000000000e+03,9.050428999999999746e+01,2.584845000000000059e-01,7.076084666666666635e+03
3.335500000000000000e+03,9.049571000000000254e+01,2.586726000000000303e-01,7.118855666666667275e+03
3.345500000000000000e+03,9.049285000000000423e+01,2.583689000000000124e-01,7.161753666666666504e+03
3.355500000000000000e+03,9.049285000000000423e+01,2.582156999999999925e-01,7.204768666666665922e+03
3.365500000000000000e+03,9.049857000000000085e+01,2.582197999999999993e-01,7.247900666666666439e+03
3.375500000000000000e+03,9.049857000000000085e+01,2.584096999999999644e-01,7.291154333333333852e+03
3.385500000000000000e+03,9.049142000000000507e+01,2.584344000000000641e-01,7.334539999999999054e+03
3.395500000000000000e+03,9.050000000000000000e+01,2.586491000000000207e-01,7.378062333333333299e+03
3.405500000000000000e+03,9.049427999999998917e+01,2.582740999999999509e-01,7.421720999999999549e+03
3.415500000000000000e+03,9.049142000000000507e+01,2.585668999999999884e-01,7.465508666666666613e+03
3.425500000000000000e+03,9.048569999999999425e+01,2.578291000000000333e-01,7.509418000000000575e+03
3.435500000000000000e+03,9.049285000000000423e+01,2.586091999999999280e-01,7.553454333333333125e+03
3.445500000000000000e+03,9.048713000000000761e+01,2.582722000000000073e-01,7.597613666666667086e+03
3.455500000000000000e+03,9.047711999999999932e+01,2.579447999999999741e-01,7.641897666666666737e+03
3.465500000000000000e+03,9.048570000000000846e+01,2.580749999999999988e-01,7.686307999999999083e+03
3.475500000000000000e+03,9.048426999999999509e+01,2.576730999999999883e-01,7.730841333333332841e+03
3.485500000000000000e+03,9.048855999999997834e+01,2.580068999999999835e-01,7.775507666666667319e+03
3.495500000000000000e+03,9.048712999999999340e+01,2.577100999999999420e-01,7.820301999999998770e+03
3.505500000000000000e+03,9.047854999999999848e+01,2.571027000000000173e-01,7.865219000000000051e+03
3.515500000000000000e+03,9.048855999999997834e+01,2.579407000000000227e-01,7.910258333333334122e+03
3.525500000000000000e+03,9.048712999999999340e+01,2.575892000000000182e-01,7.955429333333333489e+03
3.535500000000000000e+03,9.048283999999998173e+01,2.580257999999999718e-01,8.000729666666667981e+03
3.545500000000000000e+03,9.049142000000000507e+01,2.576764999999999750e-01,8.046163666666667268e+03
3.555500000000000000e+03,9.048140999999999678e+01,2.575313999999999659e-01,8.091733333333334485e+03
3.565500000000000000e+03,9.048712999999999340e+01,2.574707999999999997e-01,8.137436999999999898e+03
3.575500000000000000e+03,9.048569999999998004e+01,2.579754000000000214e-01,8.183269333333332725e+03
3.585500000000000000e+03,9.048999000000000592e+01,2.573148999999999575e-01,8.229229666666667981e+03
3.595500000000000000e+03,9.050285999999999831e+01,2.572522000000000419e-01,8.275318333333332703e+03
3.605500000000000000e+03,9.049142000000000507e+01,2.571618999999999433e-01,8.321541333333332659e+03
3.615500000000000000e+03,9.050000000000000000e+01,2.571354000000000140e-01,8.367890999999999622e+03
3.625500000000000000e+03,9.049428000000000338e+01,2.569749000000000061e-01,8.414371999999999389e+03
3.635500000000000000e+03,9.049142000000000507e+01,2.570059000000000093e-01,8.460982666666666773e+03
3.645500000000000000e+03,9.050428999999999746e+01,2.567291999999999907e-01,8.507725666666667166e+03
3.655500000000000000e+03,9.050142999999999915e+01,2.572767999999999722e-01,8.554587666666668156e+03
3.665500000000000000e+03,9.049000000000000909e+01,2.569531000000000454e-01,8.601578333333334740e+03
3.675500000000000000e+03,9.049141999999999086e+01,2.571370000000000045e-01,8.648698666666665304e+03
3.685500000000000000e+03,9.048855999999999256e+01,2.571028000000000202e-01,8.695954000000001543e+03
3.695500000000000000e+03,9.048856999999999573e+01,2.577882000000000784e-01,8.743342666666667355e+03
3.705500000000000000e+03,9.049285000000000423e+01,2.566956000000000238e-01,8.790860666666665566e+03
3.715500000000000000e+03,9.048571000000001163e+01,2.572591000000000738e-01,8.838503999999998996e+03
3.725500000000000000e+03,9.047283000000000186e+01,2.572456000000000187e-01,8.886272000000000844e+03
3.735500000000000000e+03,9.048427000000000930e+01,2.568717999999999835e-01,8.934166999999999462e+03
3.745500000000000000e+03,9.047569000000000017e+01,2.570537999999999990e-01,8.982188333333333503e+03
3.755500000000000000e+03,9.047855000000001269e+01,2.573389000000000371e-01,9.030337666666668156e+03
3.765500000000000000e+03,9.047427000000000419e+01,2.569429000000000296e-01,9.078614666666666380e+03
3.775500000000000000e+03,9.047997999999998342e+01,2.572971000000000008e-01,9.127028333333335468e+03
3.785500000000000000e+03,9.047855000000001269e+01,2.569414999999999893e-01,9.175570666666666511e+03
3.795500000000000000e+03,9.047425999999998680e+01,2.574927999999999662e-01,9.224239999999999782e+03
3.805500000000000000e+03,9.046710999999999103e+01,2.572963999999999807e-01,9.273027000000000044e+03
3.815500000000000000e+03,9.046853999999999019e+01,2.569126999999999938e-01,9.321935333333331073e+03
3.825500000000000000e+03,9.046568000000000609e+01,2.572457000000000216e-01,9.370969666666667763e+03
3.835500000000000000e+03,9.046711999999999421e+01,2.571071999999999802e-01,9.420135333333333620e+03
3.845500000000000000e+03,9.046854999999999336e+01,2.579234000000000249e-01,9.469437999999998283e+03
3.855500000000000000e+03,9.046711000000000524e+01,2.568458999999999604e-01,9.518861333333332368e+03
3.865500000000000000e+03,9.045569000000000415e+01,2.569412999999999836e-01,9.568403666666667050e+03
3.875500000000000000e+03,9.046854000000000440e+01,2.569373000000000351e-01,9.618070333333333110e+03
3.885500000000000000e+03,9.046997000000000355e+01,2.563474999999999504e-01,9.667861999999997352e+03
3.895500000000000000e+03,9.045712000000000330e+01,2.574811000000000183e-01,9.717780000000000655e+03
3.905500000000000000e+03,9.045853999999999928e+01,2.567445000000000421e-01,9.767824666666667326e+03
3.915500000000000000e+03,9.045569000000000415e+01,2.564190000000000080e-01,9.818000333333333401e+03
3.925500000000000000e+03,9.045570000000000732e+01,2.570967999999999587e-01,9.868303333333333285e+03
3.935500000000000000e+03,9.045855000000000246e+01,2.571052999999999811e-01,9.918726000000000568e+03
3.945500000000000000e+03,9.045712000000000330e+01,2.565948000000000118e-01,9.969270999999998821e+03
3.955500000000000000e+03,9.045853999999999928e+01,2.572258000000000044e-01,1.001995699999999852e+04
3.965500000000000000e+03,9.045711000000001434e+01,2.576428000000000051e-01,1.007075733333333301e+04
3.975500000000000000e+03,9.045711000000000013e+01,2.576979999999999826e-01,1.012167933333333167e+04
3.985500000000000000e+03,9.045568000000000097e+01,2.572401999999999744e-01,1.017273999999999978e+04
3.995500000000000000e+03,9.045996999999999844e+01,2.561965000000000492e-01,1.022393000000000029e+04
4.005500000000000000e+03,9.045568000000000097e+01,2.573873999999999884e-01,1.027526333333333241e+04
4.015500000000000000e+03,9.045853999999999928e+01,2.574043999999999777e-01,1.032672333333333336e+04
4.025500000000000000e+03,9.045852999999999611e+01,2.561022000000000021e-01,1.037831000000000131e+04
4.035500000000000000e+03,9.045853999999999928e+01,2.569422000000000095e-01,1.043002000000000044e+04
4.045500000000000000e+03,9.045709999999999695e+01,2.566955999999999682e-01,1.048186666666666497e+04
4.055500000000000000e+03,9.045568000000000097e+01,2.565334000000000225e-01,1.053385333333333256e+04
4.065500000000000000e+03,9.045709999999999695e+01,2.568915999999999977e-01,1.058597666666666919e+04
4.075500000000000000e+03,9.045709999999999695e+01,2.567847000000000324e-01,1.063826333333333423e+04
4.085500000000000000e+03,9.045709999999999695e+01,2.563668000000000058e-01,1.069066333333333387e+04
4.095500000000000000e+03,9.045568000000000097e+01,2.568550000000000555e-01,1.074321333333333314e+04
4.105500000000000000e+03,9.045709999999999695e+01,2.566912000000000083e-01,1.079588000000000102e+04
4.115500000000000000e+03,9.045426000000000499e+01,2.568826999999999638e-01,1.084868000000000029e+04
4.125500000000000000e+03,9.045568000000000097e+01,2.563529000000000502e-01,1.090160333333333256e+04
4.135500000000000000e+03,9.045568000000000097e+01,2.568667999999999507e-01,1.095465333333333365e+04
4.145500000000000000e+03,9.045568000000000097e+01,2.562350999999999934e-01,1.100784666666666635e+04
4.155500000000000000e+03,9.045568000000000097e+01,2.567182999999999549e-01,1.106115666666666584e+04
4.165500000000000000e+03,9.045568000000000097e+01,2.563965999999999745e-01,1.111457333333333554e+04
4.175500000000000000e+03,9.045568000000000097e+01,2.564140000000000308e-01,1.116813333333333139e+04
4.185500000000000000e+03,9.045426000000000499e+01,2.565236000000000183e-01,1.122179333333333307e+04
4.195500000000000000e+03,9.044856000000001472e+01,2.563832999999999807e-01,1.127559000000000015e+04
4.205500000000000000e+03,9.045568000000000097e+01,2.568254999999999844e-01,1.132950333333333401e+04
4.215500000000000000e+03,9.045426000000000499e+01,2.565935000000000299e-01,1.138354333333333125e+04
4.225500000000000000e+03,9.045283999999999480e+01,2.567409999999999970e-01,1.143769666666666672e+04
4.235500000000000000e+03,9.045140999999999565e+01,2.565883999999999943e-01,1.149199666666666781e+04
4.245500000000000000e+03,9.044285999999999603e+01,2.559949999999999726e-01,1.154642666666666810e+04
4.255500000000000000e+03,9.044286999999999921e+01,2.561574999999999824e-01,1.160098333333333358e+04
4.265500000000000000e+03,9.044571999999999434e+01,2.562248999999999777e-01,1.165567333333333409e+04
4.275500000000000000e+03,9.044001000000000090e+01,2.560318999999999789e-01,1.171050000000000000e+04
4.285500000000000000e+03,9.044286999999999921e+01,2.562090000000000201e-01,1.176545333333333292e+04
4.295500000000000000e+03,9.043575000000001296e+01,2.564881999999999995e-01,1.182055666666666730e+04
4.305500000000000000e+03,9.043431999999999960e+01,2.562581000000000442e-01,1.187580333333333328e+04
4.315500000000000000e+03,9.043431999999998538e+01,2.562152999999999792e-01,1.193118000000000211e+04
4.325500000000000000e+03,9.043715999999999156e+01,2.566540999999999961e-01,1.198669333333333270e+04
4.335500000000000000e+03,9.043145999999998708e+01,2.563251999999999198e-01,1.204234666666666635e+04
4.345500000000000000e+03,9.043002999999998792e+01,2.560662000000000216e-01,1.209812999999999920e+04
4.355500000000000000e+03,9.043145999999998708e+01,2.564878000000000435e-01,1.215404666666666708e+04
4.365500000000000000e+03,9.043002999999998792e+01,2.563256999999999897e-01,1.221006999999999971e+04
4.375500000000000000e+03,9.043002999999998792e+01,2.558661000000000407e-01,1.226622333333333154e+04
4.385500000000000000e+03,9.043002999999998792e+01,2.561655999999999933e-01,1.232251666666666642e+04
4.395500000000000000e+03,9.042859999999998877e+01,2.562582000000000471e-01,1.237891999999999825e+04
4.405500000000000000e+03,9.043003000000000213e+01,2.560572999999999877e-01,1.243546333333333314e+04
4.415500000000000000e+03,9.043002999999998792e+01,2.559547000000000905e-01,1.249213000000000102e+04
4.425500000000000000e+03,9.042859999999998877e+01,2.562226000000000226e-01,1.254893999999999869e+04
4.435500000000000000e+03,9.042859999999998877e+01,2.559356000000000408e-01,1.260589999999999964e+04
4.445500000000000000e+03,9.042859999999998877e+01,2.561679999999999513e-01,1.266297333333333336e+04
4.455500000000000000e+03,9.042859999999998877e+01,2.560709999999999931e-01,1.272018000000000211e+04
4.465500000000000000e+03,9.042859999999998877e+01,2.561014000000000346e-01,1.277752333333333445e+04
4.475500000000000000e+03,9.042859999999998877e+01,2.561474999999999724e-01,1.283500333333333401e+04
4.485500000000000000e+03,9.042859999999998877e+01,2.559454999999999925e-01,1.289260000000000036e+04
4.495500000000000000e+03,9.042859999999998877e+01,2.560478999999999949e-01,1.295032999999999811e+04
4.505500000000000000e+03,9.042859999999998877e+01,2.557689000000000212e-01,1.300818666666666468e+04
4.515500000000000000e+03,9.042859999999998877e+01,2.559038000000000146e-01,1.306617666666666628e+04
4.525500000000000000e+03,9.042859999999998877e+01,2.558623999999999343e-01,1.312430999999999767e+04
4.535500000000000000e+03,9.042859999999998877e+01,2.561883999999999828e-01,1.318256000000000131e+04
4.545500000000000000e+03,9.042859999999998877e+01,2.560576999999999437e-01,1.324096999999999753e+04
4.555500000000000000e+03,9.042859999999998877e+01,2.561385000000000467e-01,1.329950666666666439e+04
4.565500000000000000e+03,9.042859999999998877e+01,2.561263999999999763e-01,1.335817333333333409e+04
4.575500000000000000e+03,9.042859999999998877e+01,2.559480000000000643e-01,1.341696666666666533e+04
4.585500000000000000e+03,9.042859999999998877e+01,2.563059999999999783e-01,1.347591666666666788e+04
4.595500000000000000e+03,9.042859999999998877e+01,2.558140999999999887e-01,1.353500666666666802e+04
4.605500000000000000e+03,9.042859999999998877e+01,2.559429000000000287e-01,1.359418333333333067e+04
4.615500000000000000e+03,9.042859999999998877e+01,2.563156999999999797e-01,1.365348666666666759e+04
4.625500000000000000e+03,9.042859999999998877e+01,2.557489000000000012e-01,1.371292666666666628e+04
4.635500000000000000e+03,9.042859999999998877e+01,2.556148999999999782e-01,1.377247333333333336e+04
4.645500000000000000e+03,9.042859999999998877e+01,2.560108999999999857e-01,1.383215999999999985e+04
4.655500000000000000e+03,9.042859999999998877e+01,2.560150999999999955e-01,1.389198666666666759e+04
4.665500000000000000e+03,9.042859999999998877e+01,2.557965999999999296e-01,1.395194666666666672e+04
4.675500000000000000e+03,9.042717000000000382e+01,2.558130000000000126e-01,1.401202333333333445e+04
4.685500000000000000e+03,9.042859999999998877e+01,2.559220000000000383e-01,1.407225000000000000e+04
4.695500000000000000e+03,9.042859999999998877e+01,2.558246000000000686e-01,1.413259666666666453e+04
4.705500000000000000e+03,9.042717000000000382e+01,2.558188000000000129e-01,1.419307333333333372e+04
4.715500000000000000e+03,9.042859999999998877e+01,2.555797000000000208e-01,1.425366999999999825e+04
4.725500000000000000e+03,9.042574000000000467e+01,2.554145999999999916e-01,1.431437333333333117e+04
4.735500000000000000e+03,9.042717000000000382e+01,2.553528999999999938e-01,1.437520333333333292e+04
4.745500000000000000e+03,9.042717000000000382e+01,2.552811000000000385e-01,1.443614666666666380e+04
4.755500000000000000e+03,9.042287999999999215e+01,2.554690000000000016e-01,1.449721333333333678e+04
4.765500000000000000e+03,9.042717000000000382e+01,2.552619999999999889e-01,1.455839666666666744e+04
4.775500000000000000e+03,9.042717000000000382e+01,2.554105000000000403e-01,1.461970333333333292e+04
4.785500000000000000e+03,9.042431000000000552e+01,2.553177999999999837e-01,1.468114666666666744e+04
4.795500000000000000e+03,9.042001999999999384e+01,2.553830999999999740e-01,1.474280333333333328e+04
4.805500000000000000e+03,9.042430999999999131e+01,2.551371999999999529e-01,1.480479666666666708e+04
4.815500000000000000e+03,9.042144999999999300e+01,2.552351999999999954e-01,1.486695000000000073e+04
4.825500000000000000e+03,9.042573999999999046e+01,2.551054999999999295e-01,1.492922999999999956e+04
4.835500000000000000e+03,9.041429999999999723e+01,2.549801999999999902e-01,1.499164000000000306e+04
4.845500000000000000e+03,9.041716000000000975e+01,2.550975999999999799e-01,1.505417999999999847e+04
4.855500000000000000e+03,9.041715999999999553e+01,2.548983999999999694e-01,1.511684666666666817e+04
4.865500000000000000e+03,9.042001999999999384e+01,2.551460000000000394e-01,1.517964666666666744e+04
4.875500000000000000e+03,9.042001999999999384e+01,2.549922000000000022e-01,1.524257999999999811e+04
4.885500000000000000e+03,9.042573999999999046e+01,2.551055000000000406e-01,1.530561333333333278e+04
4.895500000000000000e+03,9.041286999999999807e+01,2.549837999999999827e-01,1.536881666666666570e+04
4.905500000000000000e+03,9.041286999999999807e+01,2.554557999999999551e-01,1.543211000000000058e+04
4.915500000000000000e+03,9.040572000000000230e+01,2.551583999999999519e-01,1.549554333333333125e+04
4.925500000000000000e+03,9.040572000000001651e+01,2.550286000000000497e-01,1.555910333333333256e+04
4.935500000000000000e+03,9.041000999999999976e+01,2.550385000000000568e-01,1.562279333333333125e+04
4.945500000000000000e+03,9.040429000000001736e+01,2.549624000000000335e-01,1.568662000000000080e+04
4.955500000000000000e+03,9.040429000000000315e+01,2.548726000000000047e-01,1.575058333333333394e+04
4.965500000000000000e+03,9.041143999999999892e+01,2.553300000000000014e-01,1.581469666666666672e+04
4.975500000000000000e+03,9.040286000000000399e+01,2.549029000000000988e-01,1.587893333333333430e+04
4.985500000000000000e+03,9.040143000000000484e+01,2.550974999999999770e-01,1.594329666666666526e+04
4.995500000000000000e+03,9.039571000000002243e+01,2.548832000000000320e-01,1.600779999999999927e+04
