5.500000000000000000e+00,8.927998999999999796e+01,7.780598000000000525e+01,1.813434673333333066e-02
1.550000000000000000e+01,8.839427999999999486e+01,1.156521599999999950e+01,1.022053233333333200e-01
2.550000000000000000e+01,8.811573000000001343e+01,8.085515000000000896e+00,2.573924666666666528e-01
3.550000000000000000e+01,8.688855999999998403e+01,6.052744999999999820e+00,4.812192333333333849e-01
4.550000000000000000e+01,8.817713999999999430e+01,5.109045999999999310e+00,7.756606666666666650e-01
5.550000000000000000e+01,8.649571000000000254e+01,4.339474999999998417e+00,1.141067399999999843e+00
6.550000000000000000e+01,8.769286999999999921e+01,3.642600999999999978e+00,1.576771333333333525e+00
7.550000000000000000e+01,8.956284000000000844e+01,3.206320000000000281e+00,2.085624000000000144e+00
8.550000000000000000e+01,8.935285999999999262e+01,2.866317000000000004e+00,2.676358000000000459e+00
9.550000000000000000e+01,9.025287000000000148e+01,2.796800000000000175e+00,3.343143333333333800e+00
1.055000000000000000e+02,9.082716000000000633e+01,2.438851999999999798e+00,4.082450999999999830e+00
1.155000000000000000e+02,9.071572000000000457e+01,2.360716000000000037e+00,4.901300666666666750e+00
1.255000000000000000e+02,9.083856000000000108e+01,2.092982000000000120e+00,5.799485333333333159e+00
1.355000000000000000e+02,9.120142000000001303e+01,1.994328999999999796e+00,6.766607666666668131e+00
1.455000000000000000e+02,9.130715000000000714e+01,1.680050000000000043e+00,7.807031333333332768e+00
1.555000000000000000e+02,9.101141000000001213e+01,1.693663000000000141e+00,8.932401999999999731e+00
1.655000000000000000e+02,9.089857000000000653e+01,1.633596999999999966e+00,1.014288466666666544e+01
1.755000000000000000e+02,9.092285000000001105e+01,1.587652999999999981e+00,1.143245666666666693e+01
1.855000000000000000e+02,9.086571000000000708e+01,1.476348999999999911e+00,1.280295999999999879e+01
1.955000000000000000e+02,9.103570999999999458e+01,1.458452000000000082e+00,1.425577333333333208e+01
2.055000000000000000e+02,9.083000999999998726e+01,1.378664000000000112e+00,1.578928999999999938e+01
2.155000000000000000e+02,9.072714999999999463e+01,1.281810999999999812e+00,1.739812666666666985e+01
2.255000000000000000e+02,9.068427999999998690e+01,1.331780000000000186e+00,1.907500333333333131e+01
2.355000000000000000e+02,9.084998000000000218e+01,1.185203000000000007e+00,2.082051666666666279e+01
2.455000000000000000e+02,9.076427999999999940e+01,1.158548099999999970e+00,2.263877333333333297e+01
2.555000000000000000e+02,9.087429000000000201e+01,1.110437499999999744e+00,2.452997333333333430e+01
2.655000000000000000e+02,9.078713999999999373e+01,1.138141400000000081e+00,2.649419333333333526e+01
2.755000000000000000e+02,9.071572000000000457e+01,1.052439499999999750e+00,2.852807333333333162e+01
2.855000000000000000e+02,9.035998999999999626e+01,1.045661600000000080e+00,3.063243333333333496e+01
2.955000000000000000e+02,9.045714000000000965e+01,1.053012599999999965e+00,3.280800666666666388e+01
3.055000000000000000e+02,9.036857999999999436e+01,1.030064599999999997e+00,3.506713333333333082e+01
3.155000000000000000e+02,9.043713999999999942e+01,9.692808999999998898e-01,3.741118333333334078e+01
3.255000000000000000e+02,9.061142000000000962e+01,9.646483999999999615e-01,3.982982666666666915e+01
3.355000000000000000e+02,9.044142000000000792e+01,8.865138000000000185e-01,4.232092000000000809e+01
3.455000000000000000e+02,9.052571999999999264e+01,9.218120000000000758e-01,4.488860333333333585e+01
3.555000000000000000e+02,9.040427999999999997e+01,8.810482000000000591e-01,4.753305666666666696e+01
3.655000000000000000e+02,9.063998999999999739e+01,8.577823999999999449e-01,5.025354666666667214e+01
3.755000000000000000e+02,9.068143000000000598e+01,8.407662000000000191e-01,5.305484666666666271e+01
3.855000000000000000e+02,9.043285000000000196e+01,8.008627000000000384e-01,5.593481000000000591e+01
3.955000000000000000e+02,9.040285000000000082e+01,8.016058999999999823e-01,5.888895000000000124e+01
4.055000000000000000e+02,9.050714999999999577e+01,7.561917000000001332e-01,6.191685333333333574e+01
4.155000000000000000e+02,9.055999999999998806e+01,7.654290000000000260e-01,6.502096333333331302e+01
4.255000000000000000e+02,9.061284000000000560e+01,7.463499000000000105e-01,6.820143666666666604e+01
4.355000000000000000e+02,9.043714000000001363e+01,7.207721999999999740e-01,7.145046666666667079e+01
4.455000000000000000e+02,9.028999999999999204e+01,7.042051999999999756e-01,7.476997666666667897e+01
4.555000000000000000e+02,9.054999000000000819e+01,6.888676000000000244e-01,7.816472666666666669e+01
4.655000000000000000e+02,9.046283999999999992e+01,6.798485999999999141e-01,8.163194666666666421e+01
4.755000000000000000e+02,9.034857999999999834e+01,6.599222999999999617e-01,8.516847666666666328e+01
4.855000000000000000e+02,9.030287000000001285e+01,6.521159000000000816e-01,8.877422666666667794e+01
4.955000000000000000e+02,9.039430000000000121e+01,6.664779999999999038e-01,9.244996999999997911e+01
5.055000000000000000e+02,9.016285000000000593e+01,6.453966999999999343e-01,9.619706333333334669e+01
5.155000000000000000e+02,9.006286000000001479e+01,6.611283000000000021e-01,1.000129633333333459e+02
5.255000000000000000e+02,9.027999000000001217e+01,6.591857000000000966e-01,1.039009533333333337e+02
5.355000000000000000e+02,9.017430000000000234e+01,6.402850000000001041e-01,1.078598666666666475e+02
5.455000000000000000e+02,9.007142999999999233e+01,6.532478000000000451e-01,1.118904666666666543e+02
5.555000000000000000e+02,9.005000000000001137e+01,6.394092000000000109e-01,1.159932666666666563e+02
5.655000000000000000e+02,9.010285999999999262e+01,6.057432999999999845e-01,1.201647333333333307e+02
5.755000000000000000e+02,9.021715000000000373e+01,6.523255000000001136e-01,1.244041333333333341e+02
5.855000000000000000e+02,9.014001000000000374e+01,6.293767000000000111e-01,1.287125666666666746e+02
5.955000000000000000e+02,9.013716999999999757e+01,6.156178999999999402e-01,1.330917999999999779e+02
6.055000000000000000e+02,9.000287000000000148e+01,6.209070000000000977e-01,1.375591000000000008e+02
6.155000000000000000e+02,9.011997999999999820e+01,6.091858999999999469e-01,1.421121333333333325e+02
6.255000000000000000e+02,9.001143000000000427e+01,6.005274000000000445e-01,1.467390999999999792e+02
6.355000000000000000e+02,8.993999999999998352e+01,5.902374000000000231e-01,1.514396333333333473e+02
6.455000000000000000e+02,8.979715000000000202e+01,5.829986000000000335e-01,1.562167000000000030e+02
6.555000000000000000e+02,8.977285000000001958e+01,5.746537000000000450e-01,1.610674999999999955e+02
6.655000000000000000e+02,8.980998999999999910e+01,5.631885999999999282e-01,1.659960666666666498e+02
6.755000000000000000e+02,8.966572999999999638e+01,5.567781000000000535e-01,1.710117333333333249e+02
6.855000000000000000e+02,8.987715000000000032e+01,5.439594999999999292e-01,1.761169999999999902e+02
6.955000000000000000e+02,8.965998999999999342e+01,5.392995000000000427e-01,1.813083333333333371e+02
7.055000000000000000e+02,8.973715999999998871e+01,5.268422999999999856e-01,1.865880999999999972e+02
7.155000000000000000e+02,8.962143000000000370e+01,5.268207000000000306e-01,1.919579666666666640e+02
7.255000000000000000e+02,8.965000000000000568e+01,5.184963999999999684e-01,1.974091333333333296e+02
7.355000000000000000e+02,8.951427999999999940e+01,5.129436999999998914e-01,2.029381333333333259e+02
7.455000000000000000e+02,8.967143000000001507e+01,5.179510000000000502e-01,2.085435666666666634e+02
7.555000000000000000e+02,8.960426999999999964e+01,5.086066999999999672e-01,2.142300999999999931e+02
7.655000000000000000e+02,8.954142999999999120e+01,4.932290999999999204e-01,2.199998666666666338e+02
7.755000000000000000e+02,8.972856999999999061e+01,4.873134000000000077e-01,2.258530000000000086e+02
7.855000000000000000e+02,8.960715000000000430e+01,4.799676000000000498e-01,2.317892000000000223e+02
7.955000000000000000e+02,8.965428999999998894e+01,4.634572999999999610e-01,2.378080333333333272e+02
8.055000000000000000e+02,8.974857000000000085e+01,4.670310999999999768e-01,2.439030666666666605e+02
8.155000000000000000e+02,8.960430000000000916e+01,4.687535000000000451e-01,2.500737999999999772e+02
8.255000000000000000e+02,8.957286000000000570e+01,4.434439000000000020e-01,2.563246000000000322e+02
8.355000000000000000e+02,8.932571000000000083e+01,4.535690000000000000e-01,2.626501999999999839e+02
8.455000000000000000e+02,8.957572000000001822e+01,4.499288000000000176e-01,2.690458666666666545e+02
8.555000000000000000e+02,8.970856999999999459e+01,4.454672000000000631e-01,2.755127000000001090e+02
8.655000000000000000e+02,8.947000999999998783e+01,4.369185000000000985e-01,2.820573666666666668e+02
8.755000000000000000e+02,8.937428999999998780e+01,4.357164000000000037e-01,2.886792666666666491e+02
8.855000000000000000e+02,8.950855999999998858e+01,4.316560999999999870e-01,2.953763000000000147e+02
8.955000000000000000e+02,8.949857000000000085e+01,4.269859999999999767e-01,3.021488666666667200e+02
9.055000000000000000e+02,8.964427000000000589e+01,4.205536000000000274e-01,3.090017333333333909e+02
9.155000000000000000e+02,8.953286000000001366e+01,4.208882999999999930e-01,3.159366333333333614e+02
9.255000000000000000e+02,8.948429000000000144e+01,4.115906999999999760e-01,3.229511666666666088e+02
9.355000000000000000e+02,8.964286999999998784e+01,4.097954999999999792e-01,3.300418666666666923e+02
9.455000000000000000e+02,8.959429000000001508e+01,4.081177999999999750e-01,3.372155333333333829e+02
9.555000000000000000e+02,8.971142999999999290e+01,4.096933999999999854e-01,3.444679666666667117e+02
9.655000000000000000e+02,8.960285000000000366e+01,4.055481999999999698e-01,3.518001333333332923e+02
9.755000000000000000e+02,8.965855999999999426e+01,3.995437000000000016e-01,3.592128999999999905e+02
9.855000000000000000e+02,8.961715000000000941e+01,3.989429999999999921e-01,3.666982333333333486e+02
9.955000000000000000e+02,8.965712999999999511e+01,3.946588000000000318e-01,3.742550999999999704e+02
1.005500000000000000e+03,8.973001000000000715e+01,3.882735000000000491e-01,3.818836333333333073e+02
1.015500000000000000e+03,8.948571000000001163e+01,3.869534000000000029e-01,3.895898000000000252e+02
1.025500000000000000e+03,8.965712999999999511e+01,3.805277999999999716e-01,3.973721666666666579e+02
1.035500000000000000e+03,8.939428999999999803e+01,3.763745000000000007e-01,4.052285333333333028e+02
1.045500000000000000e+03,8.946000999999998271e+01,3.741113000000000355e-01,4.131602666666666437e+02
1.055500000000000000e+03,8.936285999999999774e+01,3.755799000000000221e-01,4.211672999999999547e+02
1.065500000000000000e+03,8.941715000000000657e+01,3.734116000000000102e-01,4.292457333333333622e+02
1.075500000000000000e+03,8.948427000000000930e+01,3.685634999999999328e-01,4.374016666666666424e+02
1.085500000000000000e+03,8.937715000000000032e+01,3.662677000000000294e-01,4.456347999999999843e+02
1.095500000000000000e+03,8.937000000000000455e+01,3.620821000000000178e-01,4.539428333333333399e+02
1.105500000000000000e+03,8.946286000000000627e+01,3.626821000000000073e-01,4.623218666666666650e+02
1.115500000000000000e+03,8.929715000000001623e+01,3.562151999999999541e-01,4.707680666666666411e+02
1.125500000000000000e+03,8.942141999999999769e+01,3.621030000000000082e-01,4.792817999999999188e+02
1.135500000000000000e+03,8.943715000000000259e+01,3.474394000000000093e-01,4.878645333333333838e+02
1.145500000000000000e+03,8.939857000000000653e+01,3.568756999999999624e-01,4.965187333333333299e+02
1.155500000000000000e+03,8.940001000000000886e+01,3.418397999999999715e-01,5.052453000000000429e+02
1.165500000000000000e+03,8.938285000000000480e+01,3.417005000000000181e-01,5.140447666666666464e+02
1.175500000000000000e+03,8.946143000000000711e+01,3.474530000000000118e-01,5.229167666666666037e+02
1.185500000000000000e+03,8.943998999999999455e+01,3.505211999999999772e-01,5.318587999999999738e+02
1.195500000000000000e+03,8.949715000000000487e+01,3.642853000000000341e-01,5.408717999999998938e+02
1.205500000000000000e+03,8.951001000000000829e+01,3.519472999999999629e-01,5.499912333333331844e+02
1.215500000000000000e+03,8.944854999999999734e+01,3.591810999999999754e-01,5.592064333333333934e+02
1.225500000000000000e+03,8.925000000000000000e+01,3.553887000000000018e-01,5.684993333333334249e+02
1.235500000000000000e+03,8.953140000000000498e+01,3.666649000000000158e-01,5.778670666666668012e+02
1.245500000000000000e+03,8.940284000000001186e+01,3.825564000000000187e-01,5.873112333333333481e+02
1.255500000000000000e+03,8.938284999999999059e+01,3.730122999999999633e-01,5.968319333333332679e+02
1.265500000000000000e+03,8.939856999999997811e+01,3.618233000000000144e-01,6.064274333333333971e+02
1.275500000000000000e+03,8.940000999999999465e+01,3.641971000000000513e-01,6.160988333333332321e+02
1.285500000000000000e+03,8.933428000000000679e+01,3.661529000000000034e-01,6.258408000000000584e+02
1.295500000000000000e+03,8.931141999999999825e+01,3.399055000000000271e-01,6.356544999999999845e+02
1.305500000000000000e+03,8.935999999999998522e+01,3.482166000000000428e-01,6.455397333333332881e+02
1.315500000000000000e+03,8.938284000000000162e+01,3.526399999999999535e-01,6.555019999999999527e+02
1.325500000000000000e+03,8.930142999999999631e+01,3.448681000000000108e-01,6.655439999999999827e+02
1.335500000000000000e+03,8.943286000000000513e+01,3.321196000000000703e-01,6.756587666666666792e+02
1.345500000000000000e+03,8.940427999999999997e+01,3.442289000000000598e-01,6.858465333333332410e+02
1.355500000000000000e+03,8.922857000000001904e+01,3.300605000000000344e-01,6.961084666666666863e+02
1.365500000000000000e+03,8.942144000000000403e+01,3.296014000000000443e-01,7.064497333333333700e+02
1.375500000000000000e+03,8.942427999999999599e+01,3.156413999999999609e-01,7.168691333333333660e+02
1.385500000000000000e+03,8.947141999999999484e+01,3.172205000000000163e-01,7.273668666666665104e+02
1.395500000000000000e+03,8.940000999999999465e+01,3.216834000000000637e-01,7.379481333333333168e+02
1.405500000000000000e+03,8.940858000000000061e+01,3.243535999999999642e-01,7.486079333333333352e+02
1.415500000000000000e+03,8.937142999999998949e+01,3.362437999999999816e-01,7.593419666666666217e+02
1.425500000000000000e+03,8.941143999999999892e+01,3.191742000000000190e-01,7.701529000000000451e+02
1.435500000000000000e+03,8.942427999999998178e+01,3.220303999999999944e-01,7.810374333333332970e+02
1.445500000000000000e+03,8.948571000000001163e+01,3.197086000000000094e-01,7.919969333333332315e+02
1.455500000000000000e+03,8.936715000000000941e+01,3.290453999999999324e-01,8.030334666666666408e+02
1.465500000000000000e+03,8.935714000000000112e+01,3.271457999999999866e-01,8.141498666666666395e+02
1.475500000000000000e+03,8.940570999999998492e+01,3.331266999999999978e-01,8.253476666666667825e+02
1.485500000000000000e+03,8.945714000000000965e+01,3.308617000000000363e-01,8.366221000000001595e+02
1.495500000000000000e+03,8.943713999999998521e+01,3.198085000000000511e-01,8.479709999999998900e+02
1.505500000000000000e+03,8.949858000000000402e+01,3.219595000000000096e-01,8.594007333333332781e+02
1.515500000000000000e+03,8.943144000000000915e+01,3.381706999999999907e-01,8.709158333333332394e+02
1.525500000000000000e+03,8.957143000000000654e+01,3.146471999999999603e-01,8.825150999999999613e+02
1.535500000000000000e+03,8.947713000000000250e+01,3.267131000000000340e-01,8.941929333333333716e+02
1.545500000000000000e+03,8.954000000000000625e+01,3.302801999999999127e-01,9.059546333333333905e+02
1.555500000000000000e+03,8.952427000000001556e+01,3.301758000000000193e-01,9.177951666666667734e+02
1.565500000000000000e+03,8.949998999999999683e+01,3.258064000000000515e-01,9.297132333333332781e+02
1.575500000000000000e+03,8.953715000000001112e+01,3.168564999999999854e-01,9.417077000000001590e+02
1.585500000000000000e+03,8.952855999999999881e+01,3.194228000000000067e-01,9.537757666666666410e+02
1.595500000000000000e+03,8.950428999999999746e+01,3.402818000000000231e-01,9.659221333333332495e+02
1.605500000000000000e+03,8.944570999999999117e+01,3.356109999999999927e-01,9.781494333333332634e+02
1.615500000000000000e+03,8.949429999999998131e+01,3.323606000000000060e-01,9.904604333333332988e+02
1.625500000000000000e+03,8.945856000000000563e+01,3.420337999999999989e-01,1.002856199999999944e+03
1.635500000000000000e+03,8.953716000000000008e+01,3.335734000000000199e-01,1.015325133333333383e+03
1.645500000000000000e+03,8.956570999999999572e+01,3.284381000000000106e-01,1.027868666666666513e+03
1.655500000000000000e+03,8.950712000000000046e+01,3.387197000000000124e-01,1.040485999999999876e+03
1.665500000000000000e+03,8.947428999999999633e+01,3.377483000000000013e-01,1.053187333333333299e+03
1.675500000000000000e+03,8.956286000000001479e+01,3.348628999999999634e-01,1.065968333333333476e+03
1.685500000000000000e+03,8.948856000000000677e+01,3.528479000000000476e-01,1.078822333333333290e+03
1.695500000000000000e+03,8.954143000000000541e+01,3.283832999999999891e-01,1.091755333333333283e+03
1.705500000000000000e+03,8.953858000000001027e+01,3.360286999999999580e-01,1.104759999999999991e+03
1.715500000000000000e+03,8.961714999999999520e+01,3.425863999999999576e-01,1.117839333333333116e+03
1.725500000000000000e+03,8.959284999999999854e+01,3.427628000000000341e-01,1.130994666666666717e+03
1.735500000000000000e+03,8.965142000000000166e+01,3.423931999999999531e-01,1.144219333333333452e+03
1.745500000000000000e+03,8.955857999999999208e+01,3.368163000000000129e-01,1.157512666666666746e+03
1.755500000000000000e+03,8.959999999999999432e+01,3.370060000000000278e-01,1.170878333333333330e+03
1.765500000000000000e+03,8.962859000000000265e+01,3.377211999999999437e-01,1.184322333333333290e+03
1.775500000000000000e+03,8.962715000000000032e+01,3.437290999999998986e-01,1.197842666666666673e+03
1.785500000000000000e+03,8.962143999999999266e+01,3.403998000000000301e-01,1.211432333333333418e+03
1.795500000000000000e+03,8.962856000000000734e+01,3.340332000000000301e-01,1.225089999999999918e+03
1.805500000000000000e+03,8.962287000000000603e+01,3.467362999999999973e-01,1.238815000000000055e+03
1.815500000000000000e+03,8.964140999999999337e+01,3.450037999999999716e-01,1.252616666666666561e+03
1.825500000000000000e+03,8.967713000000000534e+01,3.393578000000000428e-01,1.266495666666666921e+03
1.835500000000000000e+03,8.964570999999999401e+01,3.407955000000000290e-01,1.280450333333333447e+03
1.845500000000000000e+03,8.972856999999999061e+01,3.364364999999999717e-01,1.294491333333333387e+03
1.855500000000000000e+03,8.965000000000000568e+01,3.402987999999999569e-01,1.308610666666666702e+03
1.865500000000000000e+03,8.966286999999998386e+01,3.388214999999999977e-01,1.322807666666666819e+03
1.875500000000000000e+03,8.963000999999999863e+01,3.387795999999999585e-01,1.337081000000000131e+03
1.885500000000000000e+03,8.975571999999999662e+01,3.299738000000000393e-01,1.351428666666666913e+03
1.895500000000000000e+03,8.968285999999999092e+01,3.363168000000000268e-01,1.365848666666666759e+03
1.905500000000000000e+03,8.968569999999999709e+01,3.363342999999999750e-01,1.380342000000000098e+03
1.915500000000000000e+03,8.970570000000000732e+01,3.327927000000000524e-01,1.394912333333333436e+03
1.925500000000000000e+03,8.973856000000000677e+01,3.356184999999999863e-01,1.409562000000000126e+03
1.935500000000000000e+03,8.973856000000000677e+01,3.323884999999999756e-01,1.424284333333333279e+03
1.945500000000000000e+03,8.962716000000000349e+01,3.303587999999999525e-01,1.439077666666666573e+03
1.955500000000000000e+03,8.972713999999999146e+01,3.254380000000000051e-01,1.453945999999999685e+03
1.965500000000000000e+03,8.975714999999999577e+01,3.263201000000000018e-01,1.468893333333333430e+03
1.975500000000000000e+03,8.975999000000001615e+01,3.230564999999999687e-01,1.483914333333333161e+03
1.985500000000000000e+03,8.975001000000000317e+01,3.240670999999999413e-01,1.499010666666666566e+03
1.995500000000000000e+03,8.978285000000001048e+01,3.196035999999999877e-01,1.514188000000000102e+03
2.005500000000000000e+03,8.972141999999999484e+01,3.099775999999999643e-01,1.529439666666666653e+03
2.015500000000000000e+03,8.973427999999999827e+01,3.102002000000000370e-01,1.544764333333333298e+03
2.025500000000000000e+03,8.977858000000000516e+01,3.072357999999999478e-01,1.560161666666666406e+03
2.035500000000000000e+03,8.984142999999998835e+01,3.084100000000000175e-01,1.575630666666666684e+03
2.045500000000000000e+03,8.979143999999999437e+01,3.101181000000000632e-01,1.591168333333333521e+03
2.055500000000000000e+03,8.977857000000000198e+01,3.127540000000000320e-01,1.606783333333333303e+03
2.065500000000000000e+03,8.975427999999999429e+01,3.001741999999999466e-01,1.622477333333333718e+03
2.075500000000000000e+03,8.973429000000001565e+01,2.952834000000000292e-01,1.638252000000000180e+03
2.085500000000000000e+03,8.977143000000000939e+01,2.975016999999999801e-01,1.654099999999999909e+03
2.095500000000000000e+03,8.974428000000000338e+01,2.945682000000000023e-01,1.670022666666666964e+03
2.105500000000000000e+03,8.972285999999999717e+01,2.873940000000000383e-01,1.686020333333333383e+03
2.115500000000000000e+03,8.973713999999999658e+01,2.906048999999999993e-01,1.702105333333333419e+03
2.125500000000000000e+03,8.971999999999999886e+01,2.863888999999999463e-01,1.718295000000000073e+03
2.135500000000000000e+03,8.974999999999998579e+01,2.955413000000000068e-01,1.734575333333333447e+03
2.145500000000000000e+03,8.974571000000000254e+01,3.048369000000000217e-01,1.750949333333333243e+03
2.155500000000000000e+03,8.969285999999998182e+01,2.996725000000000638e-01,1.767400666666666893e+03
2.165500000000000000e+03,8.972427000000000419e+01,2.904704000000000175e-01,1.783929666666666435e+03
2.175500000000000000e+03,8.973857000000000994e+01,3.016226999999999658e-01,1.800534666666666908e+03
2.185500000000000000e+03,8.972143000000001223e+01,2.946463000000000276e-01,1.817213999999999942e+03
2.195500000000000000e+03,8.969713999999999032e+01,2.978964000000000611e-01,1.833968999999999824e+03
2.205500000000000000e+03,8.976001999999999725e+01,3.014698999999999574e-01,1.850802999999999884e+03
2.215500000000000000e+03,8.974429999999999552e+01,2.961810999999999749e-01,1.867719333333333225e+03
2.225500000000000000e+03,8.978713999999999373e+01,2.923587000000000269e-01,1.884718666666666422e+03
2.235500000000000000e+03,8.979858000000001539e+01,2.919597000000000442e-01,1.901793333333333067e+03
2.245500000000000000e+03,8.980715000000000714e+01,2.837817000000000256e-01,1.918941999999999780e+03
2.255500000000000000e+03,8.982572999999999297e+01,2.908298999999999745e-01,1.936164666666666790e+03
2.265500000000000000e+03,8.983857000000000426e+01,2.916976999999999487e-01,1.953461999999999989e+03
2.275500000000000000e+03,8.980428999999999462e+01,2.873618000000000561e-01,1.970833333333333258e+03
2.285500000000000000e+03,8.981287999999999272e+01,2.916222999999999455e-01,1.988281999999999925e+03
2.295500000000000000e+03,8.980143000000001052e+01,2.839316999999999536e-01,2.005802000000000135e+03
2.305500000000000000e+03,8.980141999999999314e+01,2.862737999999999672e-01,2.023395000000000437e+03
2.315500000000000000e+03,8.987715000000000032e+01,2.882074000000000025e-01,2.041054000000000087e+03
2.325500000000000000e+03,8.988286000000000797e+01,2.874322999999999739e-01,2.058784333333333507e+03
2.335500000000000000e+03,8.986285000000000878e+01,2.823463000000000500e-01,2.076581666666666479e+03
2.345500000000000000e+03,8.992000000000000171e+01,2.962179999999999813e-01,2.094446666666666715e+03
2.355500000000000000e+03,8.992286000000001422e+01,2.899592999999999754e-01,2.112382999999999811e+03
2.365500000000000000e+03,8.985140999999998712e+01,2.903555000000000441e-01,2.130390333333333274e+03
2.375500000000000000e+03,8.991998999999998432e+01,2.807456999999999869e-01,2.148469000000000051e+03
2.385500000000000000e+03,8.996858000000000288e+01,2.809401999999999733e-01,2.166626000000000204e+03
2.395500000000000000e+03,8.996571000000000140e+01,2.839996999999999661e-01,2.184866666666666333e+03
2.405500000000000000e+03,8.993285000000000196e+01,2.817346000000000017e-01,2.203228666666666868e+03
2.415500000000000000e+03,8.999715000000000487e+01,2.853773999999999478e-01,2.221677333333333536e+03
2.425500000000000000e+03,8.996142999999999290e+01,2.831262000000000500e-01,2.240202000000000226e+03
2.435500000000000000e+03,9.001000000000000512e+01,2.822548999999999753e-01,2.258805666666666639e+03
2.445500000000000000e+03,8.998856000000000677e+01,2.904015000000000346e-01,2.277487333333333481e+03
2.455500000000000000e+03,9.000427000000000533e+01,2.867091999999999419e-01,2.296242666666666537e+03
2.465500000000000000e+03,9.000142999999999915e+01,2.810201999999999978e-01,2.315073333333333267e+03
2.475500000000000000e+03,8.997857000000000482e+01,2.804907999999999846e-01,2.333989000000000487e+03
2.485500000000000000e+03,9.010143000000000768e+01,2.818805999999999812e-01,2.352984666666666726e+03
2.495500000000000000e+03,8.999571999999999150e+01,2.760483000000000242e-01,2.372057999999999993e+03
2.505500000000000000e+03,9.006143000000000143e+01,2.749757000000000451e-01,2.391210333333333438e+03
2.515500000000000000e+03,9.010285999999999262e+01,2.710622000000000309e-01,2.410448000000000320e+03
2.525500000000000000e+03,9.012143000000000370e+01,2.730786000000000047e-01,2.429766000000000076e+03
2.535500000000000000e+03,9.000572999999999979e+01,2.755903000000000103e-01,2.449164000000000215e+03
2.545500000000000000e+03,9.008714000000000510e+01,2.743748999999999771e-01,2.468639333333333525e+03
2.555500000000000000e+03,9.007856999999998493e+01,2.747976999999999226e-01,2.488198999999999614e+03
2.565500000000000000e+03,9.004857000000001221e+01,2.723609999999999642e-01,2.507843333333333248e+03
2.575500000000000000e+03,9.009715000000001339e+01,2.733450000000000601e-01,2.527567000000000007e+03
2.585500000000000000e+03,9.006570999999999572e+01,2.696759999999999713e-01,2.547368666666666286e+03
2.595500000000000000e+03,9.012571999999998695e+01,2.698318999999999579e-01,2.567249000000000706e+03
2.605500000000000000e+03,9.007998999999999512e+01,2.747229999999999950e-01,2.587204333333333580e+03
2.615500000000000000e+03,9.014714999999998213e+01,2.758737999999999468e-01,2.607235999999999876e+03
2.625500000000000000e+03,9.017714000000000851e+01,2.715935999999999906e-01,2.627346333333333405e+03
2.635500000000000000e+03,9.019856999999998948e+01,2.687353000000000103e-01,2.647533666666666704e+03
2.645500000000000000e+03,9.018856000000000961e+01,2.705673999999999579e-01,2.667794666666667126e+03
2.655500000000000000e+03,9.013430000000001030e+01,2.712903000000000397e-01,2.688137999999999920e+03
2.665500000000000000e+03,9.023999999999999488e+01,2.750466000000000300e-01,2.708574000000000069e+03
2.675500000000000000e+03,9.023715000000001396e+01,2.725586000000000397e-01,2.729123666666666850e+03
2.685500000000000000e+03,9.023857000000000994e+01,2.707980999999999860e-01,2.749764333333333525e+03
2.695500000000000000e+03,9.019571999999998013e+01,2.727073000000000413e-01,2.770482333333333372e+03
2.705500000000000000e+03,9.020856000000000563e+01,2.759201999999999488e-01,2.791280666666666548e+03
2.715500000000000000e+03,9.024142000000000507e+01,2.713843999999999701e-01,2.812163666666666359e+03
2.725500000000000000e+03,9.023714000000001079e+01,2.716143000000000307e-01,2.833128666666666504e+03
2.735500000000000000e+03,9.021855999999999653e+01,2.681038000000000587e-01,2.854169666666666672e+03
2.745500000000000000e+03,9.023570999999999742e+01,2.702121000000000106e-01,2.875288333333332957e+03
2.755500000000000000e+03,9.021428000000000225e+01,2.647960999999999787e-01,2.896480666666666821e+03
2.765500000000000000e+03,9.023429999999999040e+01,2.625868000000000091e-01,2.917747000000000298e+03
2.775500000000000000e+03,9.026714000000001192e+01,2.651051999999999298e-01,2.939090999999999894e+03
2.785500000000000000e+03,9.025285999999999831e+01,2.661873000000000156e-01,2.960511333333333369e+03
2.795500000000000000e+03,9.031286000000000058e+01,2.703280000000000127e-01,2.982003000000000156e+03
2.805500000000000000e+03,9.031998999999999000e+01,2.763830999999999927e-01,3.003572333333333063e+03
2.815500000000000000e+03,9.032142999999999233e+01,2.716195000000000137e-01,3.025220000000000255e+03
2.825500000000000000e+03,9.030572000000002220e+01,2.701923999999999437e-01,3.046943666666667013e+03
2.835500000000000000e+03,9.035855999999998289e+01,2.753815000000000013e-01,3.068739666666666835e+03
2.845500000000000000e+03,9.027428999999999348e+01,2.713964999999999295e-01,3.090609000000000378e+03
2.855500000000000000e+03,9.035714000000000112e+01,2.683065999999999507e-01,3.112556000000000040e+03
2.865500000000000000e+03,9.034000999999999237e+01,2.622285999999999784e-01,3.134580000000000382e+03
2.875500000000000000e+03,9.037286000000000286e+01,2.619595000000000118e-01,3.156681999999999789e+03
2.885500000000000000e+03,9.033714000000000510e+01,2.625670000000000504e-01,3.178858666666666068e+03
2.895500000000000000e+03,9.038429000000000713e+01,2.653076999999999797e-01,3.201111000000000331e+03
2.905500000000000000e+03,9.036857000000000539e+01,2.645442999999999545e-01,3.223438333333333503e+03
2.915500000000000000e+03,9.040571000000001334e+01,2.594921000000000033e-01,3.245842999999999847e+03
2.925500000000000000e+03,9.034430000000000405e+01,2.601444000000000534e-01,3.268327000000000226e+03
2.935500000000000000e+03,9.037285999999998864e+01,2.637984999999999358e-01,3.290881666666666661e+03
2.945500000000000000e+03,9.035426999999999964e+01,2.618994000000000044e-01,3.313506666666666661e+03
2.955500000000000000e+03,9.036999999999999034e+01,2.583325000000000204e-01,3.336204333333333580e+03
2.965500000000000000e+03,9.038568999999999676e+01,2.589927999999999675e-01,3.358980000000000473e+03
2.975500000000000000e+03,9.038713999999998805e+01,2.570559000000000038e-01,3.381830333333333783e+03
2.985500000000000000e+03,9.040713999999999828e+01,2.588073000000000179e-01,3.404759333333332961e+03
2.995500000000000000e+03,9.038429000000000713e+01,2.567487999999999992e-01,3.427769666666666126e+03
3.005500000000000000e+03,9.042571999999999832e+01,2.571547000000000138e-01,3.450861333333332823e+03
3.015500000000000000e+03,9.039428999999999803e+01,2.572128999999999666e-01,3.474036333333333459e+03
3.025500000000000000e+03,9.037855999999999312e+01,2.545398999999999856e-01,3.497291999999999916e+03
3.035500000000000000e+03,9.040572999999999126e+01,2.556588000000000194e-01,3.520628999999999905e+03
3.045500000000000000e+03,9.041141999999999257e+01,2.559369999999999701e-01,3.544046333333333223e+03
3.055500000000000000e+03,9.044428999999999519e+01,2.564214999999999689e-01,3.567538000000000466e+03
3.065500000000000000e+03,9.042000000000000171e+01,2.547377000000000113e-01,3.591102000000000317e+03
3.075500000000000000e+03,9.041427999999999088e+01,2.545776000000000150e-01,3.614741999999999734e+03
3.085500000000000000e+03,9.040857000000001165e+01,2.551004000000000049e-01,3.638454000000000178e+03
3.095500000000000000e+03,9.045000000000001705e+01,2.555745999999999851e-01,3.662236333333332823e+03
3.105500000000000000e+03,9.043572000000000344e+01,2.556822999999999735e-01,3.686096333333333405e+03
3.115500000000000000e+03,9.044429999999998415e+01,2.541178999999999522e-01,3.710040666666667676e+03
3.125500000000000000e+03,9.043283999999999878e+01,2.546433000000000169e-01,3.734069000000000415e+03
3.135500000000000000e+03,9.045000000000000284e+01,2.563392999999999922e-01,3.758173000000000229e+03
3.145500000000000000e+03,9.044714999999999350e+01,2.549783999999999939e-01,3.782356333333334078e+03
3.155500000000000000e+03,9.043857000000001278e+01,2.564653000000000072e-01,3.806619000000000142e+03
3.165500000000000000e+03,9.049569999999999936e+01,2.557931999999999984e-01,3.830960666666666839e+03
3.175500000000000000e+03,9.045571000000001050e+01,2.531688999999999745e-01,3.855384333333333871e+03
3.185500000000000000e+03,9.048286999999999125e+01,2.550877999999999757e-01,3.879889000000000124e+03
3.195500000000000000e+03,9.046855999999999653e+01,2.553085999999999967e-01,3.904479999999999563e+03
3.205500000000000000e+03,9.046713000000001159e+01,2.552847999999999784e-01,3.929146999999999935e+03
3.215500000000000000e+03,9.048712999999999340e+01,2.549241999999999342e-01,3.953895333333332928e+03
3.225500000000000000e+03,9.048285999999998808e+01,2.547869999999999857e-01,3.978724333333333107e+03
3.235500000000000000e+03,9.049998999999999683e+01,2.543808000000000180e-01,4.003621333333333496e+03
3.245500000000000000e+03,9.048141999999999996e+01,2.544943000000000066e-01,4.028588999999999942e+03
3.255500000000000000e+03,9.048000000000001819e+01,2.532048999999999550e-01,4.053631333333333259e+03
3.265500000000000000e+03,9.048570999999999742e+01,2.521889999999999965e-01,4.078750999999999294e+03
3.275500000000000000e+03,9.047427000000000419e+01,2.524468999999999741e-01,4.103950666666666621e+03
3.285500000000000000e+03,9.049714000000000169e+01,2.534988999999999715e-01,4.129226333333333969e+03
3.295500000000000000e+03,9.048572999999998956e+01,2.533921000000000090e-01,4.154572666666666009e+03
3.305500000000000000e+03,9.046999999999999886e+01,2.530237999999999654e-01,4.179994333333333998e+03
3.315500000000000000e+03,9.048856000000000677e+01,2.523594000000000115e-01,4.205492000000000189e+03
3.325500000000000000e+03,9.047713000000001671e+01,2.536574999999999802e-01,4.231063666666666904e+03
3.335500000000000000e+03,9.047999000000001502e+01,2.533667000000000002e-01,4.256713333333332230e+03
3.345500000000000000e+03,9.048857000000000994e+01,2.533637000000000250e-01,4.282434999999999491e+03
3.355500000000000000e+03,9.047285000000000821e+01,2.529626000000000374e-01,4.308228666666665958e+03
3.365500000000000000e+03,9.048999000000000592e+01,2.518430000000000391e-01,4.334098999999999251e+03
3.375500000000000000e+03,9.048569999999999425e+01,2.531029000000000195e-01,4.360047000000000480e+03
3.385500000000000000e+03,9.048285999999998808e+01,2.522113999999999745e-01,4.386064333333333707e+03
3.395500000000000000e+03,9.048571000000001163e+01,2.522046000000000010e-01,4.412152666666666846e+03
3.405500000000000000e+03,9.048570999999999742e+01,2.525264000000000397e-01,4.438314333333333707e+03
3.415500000000000000e+03,9.048999000000000592e+01,2.527144000000000057e-01,4.464559999999999491e+03
3.425500000000000000e+03,9.048713999999999658e+01,2.524933999999999790e-01,4.490883666666666613e+03
3.435500000000000000e+03,9.047997999999999763e+01,2.522805000000000186e-01,4.517279333333332943e+03
3.445500000000000000e+03,9.048570000000000846e+01,2.508760000000000434e-01,4.543749333333333198e+03
3.455500000000000000e+03,9.047855999999998744e+01,2.514956000000000413e-01,4.570298999999999978e+03
3.465500000000000000e+03,9.048999000000000592e+01,2.523607999999999962e-01,4.596927999999999884e+03
3.475500000000000000e+03,9.048283999999998173e+01,2.523331999999999797e-01,4.623633666666666613e+03
3.485500000000000000e+03,9.047711999999999932e+01,2.512961999999999696e-01,4.650420000000000073e+03
3.495500000000000000e+03,9.050142000000001019e+01,2.512674000000000296e-01,4.677294333333333270e+03
3.505500000000000000e+03,9.049855999999999767e+01,2.518687000000000009e-01,4.704245666666667603e+03
3.515500000000000000e+03,9.050428999999999746e+01,2.513506000000000351e-01,4.731277000000000044e+03
3.525500000000000000e+03,9.049285000000000423e+01,2.496208000000000315e-01,4.758386000000000422e+03
3.535500000000000000e+03,9.050000000000000000e+01,2.505837999999999677e-01,4.785568666666667013e+03
3.545500000000000000e+03,9.049857000000000085e+01,2.496432999999999569e-01,4.812822999999999411e+03
3.555500000000000000e+03,9.050857000000000596e+01,2.495801999999999743e-01,4.840155333333333147e+03
3.565500000000000000e+03,9.050571000000000765e+01,2.494544999999999679e-01,4.867565000000000509e+03
3.575500000000000000e+03,9.050714999999999577e+01,2.481905000000000361e-01,4.895054333333333489e+03
3.585500000000000000e+03,9.051858000000000004e+01,2.499677999999999900e-01,4.922620000000000800e+03
3.595500000000000000e+03,9.052000999999999920e+01,2.485967000000000038e-01,4.950261666666667224e+03
3.605500000000000000e+03,9.052716000000000918e+01,2.480123999999999940e-01,4.977984999999998763e+03
3.615500000000000000e+03,9.051572000000000173e+01,2.473124999999999907e-01,5.005785999999999149e+03
3.625500000000000000e+03,9.048999000000000592e+01,2.482130999999999921e-01,5.033662999999998647e+03
3.635500000000000000e+03,9.050572999999998558e+01,2.476360999999999701e-01,5.061615333333333183e+03
3.645500000000000000e+03,9.050142999999999915e+01,2.480730999999999908e-01,5.089644666666667035e+03
3.655500000000000000e+03,9.051716000000000406e+01,2.462486000000000119e-01,5.117747666666665282e+03
3.665500000000000000e+03,9.049857000000000085e+01,2.481571000000000193e-01,5.145928333333333285e+03
3.675500000000000000e+03,9.051144000000000744e+01,2.466450000000000031e-01,5.174184333333333598e+03
3.685500000000000000e+03,9.051858999999998900e+01,2.471945999999999866e-01,5.202510666666667021e+03
3.695500000000000000e+03,9.051858999999998900e+01,2.470990000000000131e-01,5.230905333333333147e+03
3.705500000000000000e+03,9.051143000000000427e+01,2.476712999999999831e-01,5.259373333333333903e+03
3.715500000000000000e+03,9.050570999999999344e+01,2.474348000000000103e-01,5.287918666666666468e+03
3.725500000000000000e+03,9.050430000000000064e+01,2.469925000000000037e-01,5.316538999999999760e+03
3.735500000000000000e+03,9.051572999999999070e+01,2.457178999999999891e-01,5.345228999999999360e+03
3.745500000000000000e+03,9.049427000000000021e+01,2.469425000000000092e-01,5.373992333333333590e+03
3.755500000000000000e+03,9.049999000000001104e+01,2.469533999999999896e-01,5.402833333333333940e+03
3.765500000000000000e+03,9.049715000000000487e+01,2.472181999999999991e-01,5.431748999999999796e+03
3.775500000000000000e+03,9.050285999999999831e+01,2.464220999999999773e-01,5.460739333333332979e+03
3.785500000000000000e+03,9.050714999999999577e+01,2.481387999999999927e-01,5.489801999999999680e+03
3.795500000000000000e+03,9.050142999999999915e+01,2.462226999999999888e-01,5.518946333333333314e+03
3.805500000000000000e+03,9.049857000000001506e+01,2.453539999999999888e-01,5.548161000000000058e+03
3.815500000000000000e+03,9.049427999999998917e+01,2.458776999999999491e-01,5.577459333333333234e+03
3.825500000000000000e+03,9.050427999999999429e+01,2.454204000000000385e-01,5.606833999999999833e+03
3.835500000000000000e+03,9.049427999999998917e+01,2.456590000000000162e-01,5.636280666666667457e+03
3.845500000000000000e+03,9.049713999999998748e+01,2.460073999999999594e-01,5.665801666666667188e+03
3.855500000000000000e+03,9.050571999999999662e+01,2.463762999999999648e-01,5.695402000000000044e+03
3.865500000000000000e+03,9.050571999999999662e+01,2.467891999999999864e-01,5.725094666666667763e+03
3.875500000000000000e+03,9.048999999999999488e+01,2.460809000000000191e-01,5.754868333333333794e+03
3.885500000000000000e+03,9.049857000000000085e+01,2.459987999999999619e-01,5.784717666666666446e+03
3.895500000000000000e+03,9.049428000000000338e+01,2.450408000000000031e-01,5.814640333333332819e+03
3.905500000000000000e+03,9.050000000000000000e+01,2.448632999999999504e-01,5.844639333333334434e+03
3.915500000000000000e+03,9.048284999999999911e+01,2.460049000000000263e-01,5.874715666666666948e+03
3.925500000000000000e+03,9.050858000000000914e+01,2.452675000000000272e-01,5.904870333333334202e+03
3.935500000000000000e+03,9.048999999999999488e+01,2.461143000000000358e-01,5.935103000000000065e+03
3.945500000000000000e+03,9.051714999999998668e+01,2.454445999999999850e-01,5.965413999999999760e+03
3.955500000000000000e+03,9.048570999999999742e+01,2.466978000000000226e-01,5.995799333333333379e+03
3.965500000000000000e+03,9.049428000000000338e+01,2.446544999999999970e-01,6.026262666666667428e+03
3.975500000000000000e+03,9.049571000000000254e+01,2.460325000000000151e-01,6.056805000000000291e+03
3.985500000000000000e+03,9.050714000000000681e+01,2.444151999999999991e-01,6.087424333333334289e+03
3.995500000000000000e+03,9.049571000000000254e+01,2.451656000000000390e-01,6.118116666666666788e+03
4.005500000000000000e+03,9.050141999999999598e+01,2.449684000000000028e-01,6.148886333333333823e+03
4.015500000000000000e+03,9.050286000000001252e+01,2.460710000000000119e-01,6.179736666666666679e+03
4.025500000000000000e+03,9.049285000000000423e+01,2.483006000000000102e-01,6.210661666666666861e+03
4.035500000000000000e+03,9.048570000000000846e+01,2.457883999999999902e-01,6.241655333333334056e+03
4.045500000000000000e+03,9.048283999999998173e+01,2.454898000000000080e-01,6.272718666666665740e+03
4.055500000000000000e+03,9.047999000000000080e+01,2.442864000000000146e-01,6.303856999999999061e+03
4.065500000000000000e+03,9.050000000000001421e+01,2.451509999999999800e-01,6.335076000000000022e+03
4.075500000000000000e+03,9.048856000000000677e+01,2.448820999999999637e-01,6.366369666666667399e+03
4.085500000000000000e+03,9.048427999999999827e+01,2.463953999999999867e-01,6.397738666666666177e+03
4.095500000000000000e+03,9.048429000000000144e+01,2.435679000000000038e-01,6.429185333333332892e+03
4.105500000000000000e+03,9.047571000000000652e+01,2.456093000000000026e-01,6.460704666666666526e+03
4.115500000000000000e+03,9.047855000000001269e+01,2.447241999999999751e-01,6.492301999999999680e+03
4.125500000000000000e+03,9.046714000000000055e+01,2.463051000000000545e-01,6.523979333333333670e+03
4.135500000000000000e+03,9.047285000000000821e+01,2.466836000000000306e-01,6.555729666666666162e+03
4.145500000000000000e+03,9.047141999999999484e+01,2.452386000000000288e-01,6.587550666666666984e+03
4.155500000000000000e+03,9.048570999999999742e+01,2.437546000000000157e-01,6.619443666666667923e+03
4.165500000000000000e+03,9.047140000000000271e+01,2.449451000000000267e-01,6.651411999999999352e+03
4.175500000000000000e+03,9.047283999999999082e+01,2.460610999999999771e-01,6.683455333333334238e+03
4.185500000000000000e+03,9.047283000000000186e+01,2.460735999999999757e-01,6.715566000000000713e+03
4.195500000000000000e+03,9.044858000000000686e+01,2.450458999999999832e-01,6.747750666666664983e+03
4.205500000000000000e+03,9.045856000000000563e+01,2.452804999999999569e-01,6.780014000000000124e+03
4.215500000000000000e+03,9.047714000000000567e+01,2.469278000000000028e-01,6.812360666666665566e+03
4.225500000000000000e+03,9.044001000000000090e+01,2.459782999999999831e-01,6.844780000000000655e+03
4.235500000000000000e+03,9.045570999999999628e+01,2.456287000000000054e-01,6.877277000000000044e+03
4.245500000000000000e+03,9.045712999999999226e+01,2.452573000000000114e-01,6.909854000000001179e+03
4.255500000000000000e+03,9.046999000000000990e+01,2.458298999999999901e-01,6.942502999999999702e+03
4.265500000000000000e+03,9.044856999999998948e+01,2.453652000000000055e-01,6.975228666666667777e+03
4.275500000000000000e+03,9.046855000000000757e+01,2.459315000000000251e-01,7.008031666666666752e+03
4.285500000000000000e+03,9.045141999999999882e+01,2.451054000000000010e-01,7.040908000000001266e+03
4.295500000000000000e+03,9.043716000000000577e+01,2.465025999999999884e-01,7.073854333333333670e+03
4.305500000000000000e+03,9.045430000000000348e+01,2.456018000000000367e-01,7.106874666666665689e+03
4.315500000000000000e+03,9.045144999999999413e+01,2.448739999999999806e-01,7.139973333333333358e+03
4.325500000000000000e+03,9.045712999999997805e+01,2.447889000000000037e-01,7.173150333333333947e+03
4.335500000000000000e+03,9.046569999999999823e+01,2.449889999999999568e-01,7.206399999999999636e+03
4.345500000000000000e+03,9.045571999999999946e+01,2.450785999999999798e-01,7.239725000000000364e+03
4.355500000000000000e+03,9.046284999999998888e+01,2.456018000000000367e-01,7.273134000000000015e+03
4.365500000000000000e+03,9.045856999999999459e+01,2.449892999999999932e-01,7.306625333333332492e+03
4.375500000000000000e+03,9.044856999999998948e+01,2.456850999999999896e-01,7.340196333333335133e+03
4.385500000000000000e+03,9.045713000000000648e+01,2.458935000000000426e-01,7.373845999999999549e+03
4.395500000000000000e+03,9.045286000000000115e+01,2.446157999999999666e-01,7.407573333333335540e+03
4.405500000000000000e+03,9.044285999999999603e+01,2.461791000000000396e-01,7.441371666666667807e+03
4.415500000000000000e+03,9.044428000000000623e+01,2.444787999999999961e-01,7.475246999999998479e+03
4.425500000000000000e+03,9.046000000000000796e+01,2.448716000000000226e-01,7.509201000000000931e+03
4.435500000000000000e+03,9.044713999999999032e+01,2.452234999999999832e-01,7.543229666666667981e+03
4.445500000000000000e+03,9.043286999999999409e+01,2.447859000000000285e-01,7.577330666666666730e+03
4.455500000000000000e+03,9.043572000000000344e+01,2.449007000000000267e-01,7.611511333333332914e+03
4.465500000000000000e+03,9.042287000000000319e+01,2.452882999999999869e-01,7.645769000000000233e+03
4.475500000000000000e+03,9.043571999999998923e+01,2.453903000000000056e-01,7.680104333333333670e+03
4.485500000000000000e+03,9.045000999999999181e+01,2.451518000000000030e-01,7.714515333333333729e+03
4.495500000000000000e+03,9.044571999999999434e+01,2.445058999999999705e-01,7.749004333333332397e+03
4.505500000000000000e+03,9.045858999999998673e+01,2.447236999999999885e-01,7.783572333333332608e+03
4.515500000000000000e+03,9.043001000000001000e+01,2.452305999999999653e-01,7.818216333333332841e+03
4.525500000000000000e+03,9.044429999999999836e+01,2.440138999999999780e-01,7.852937666666666701e+03
4.535500000000000000e+03,9.046142999999999290e+01,2.450146000000000268e-01,7.887735666666667385e+03
4.545500000000000000e+03,9.045429000000000030e+01,2.454048999999999814e-01,7.922612333333333481e+03
4.555500000000000000e+03,9.045000999999999181e+01,2.434652000000000205e-01,7.957562333333333299e+03
4.565500000000000000e+03,9.045713000000000648e+01,2.444052999999999920e-01,7.992591333333332841e+03
4.575500000000000000e+03,9.046427999999998804e+01,2.447496000000000116e-01,8.027697333333332608e+03
4.585500000000000000e+03,9.047713000000000250e+01,2.446925000000000350e-01,8.062877666666667210e+03
4.595500000000000000e+03,9.047141999999999484e+01,2.434071000000000429e-01,8.098131333333332805e+03
4.605500000000000000e+03,9.046002000000001431e+01,2.438340000000000229e-01,8.133467999999998938e+03
4.615500000000000000e+03,9.045857999999999777e+01,2.447954999999999992e-01,8.168887333333334027e+03
4.625500000000000000e+03,9.046142000000000394e+01,2.443655000000000133e-01,8.204388000000000829e+03
4.635500000000000000e+03,9.046570999999998719e+01,2.442166000000000337e-01,8.239962666666666337e+03
4.645500000000000000e+03,9.046571000000000140e+01,2.424891999999999881e-01,8.275612333333332572e+03
4.655500000000000000e+03,9.048999999999999488e+01,2.447722000000000231e-01,8.311338333333331320e+03
4.665500000000000000e+03,9.048141999999999996e+01,2.455348000000000253e-01,8.347135666666665202e+03
4.675500000000000000e+03,9.046570999999998719e+01,2.437589000000000006e-01,8.383003000000000611e+03
4.685500000000000000e+03,9.046428000000000225e+01,2.435160999999999853e-01,8.418942999999999302e+03
4.695500000000000000e+03,9.046426999999999907e+01,2.426779000000000297e-01,8.454952999999999520e+03
4.705500000000000000e+03,9.045572000000001367e+01,2.440517000000000380e-01,8.491033999999999651e+03
4.715500000000000000e+03,9.048143000000000313e+01,2.424750999999999990e-01,8.527189333333333707e+03
4.725500000000000000e+03,9.049143999999999721e+01,2.434873000000000176e-01,8.563420333333331655e+03
4.735500000000000000e+03,9.050572999999999979e+01,2.433898000000000172e-01,8.599723999999998341e+03
4.745500000000000000e+03,9.045570999999998207e+01,2.431589999999999863e-01,8.636098666666666759e+03
4.755500000000000000e+03,9.048143000000000313e+01,2.429530999999999774e-01,8.672541666666666060e+03
4.765500000000000000e+03,9.048569999999999425e+01,2.430708999999999786e-01,8.709052999999998065e+03
4.775500000000000000e+03,9.048427999999999827e+01,2.428244000000000236e-01,8.745633666666666613e+03
4.785500000000000000e+03,9.047285000000000821e+01,2.425587000000000160e-01,8.782281666666665842e+03
4.795500000000000000e+03,9.048427999999999827e+01,2.433330999999999966e-01,8.819030999999999040e+03
4.805500000000000000e+03,9.048570000000000846e+01,2.423924000000000356e-01,8.855937333333333299e+03
4.815500000000000000e+03,9.047140999999999167e+01,2.420255000000000045e-01,8.892926333333332877e+03
4.825500000000000000e+03,9.048283999999998173e+01,2.422043000000000390e-01,8.929992333333331771e+03
4.835500000000000000e+03,9.048855999999999256e+01,2.426120999999999694e-01,8.967129666666663979e+03
4.845500000000000000e+03,9.047428000000000736e+01,2.411142000000000285e-01,9.004345666666664329e+03
4.855500000000000000e+03,9.047999000000000080e+01,2.421346999999999805e-01,9.041638000000000829e+03
4.865500000000000000e+03,9.049571000000000254e+01,2.431645000000000056e-01,9.079008333333335031e+03
4.875500000000000000e+03,9.046569000000000926e+01,2.424489999999999978e-01,9.116459666666665726e+03
4.885500000000000000e+03,9.047427000000001840e+01,2.420978000000000296e-01,9.153987666666667792e+03
4.895500000000000000e+03,9.045999999999999375e+01,2.414497999999999922e-01,9.191591000000000349e+03
4.905500000000000000e+03,9.046856000000001075e+01,2.415059999999999985e-01,9.229272000000000844e+03
4.915500000000000000e+03,9.047143999999998698e+01,2.420981000000000383e-01,9.267037000000000262e+03
4.925500000000000000e+03,9.047570000000000334e+01,2.415200000000000125e-01,9.304884333333335235e+03
4.935500000000000000e+03,9.045999000000000478e+01,2.418714999999999615e-01,9.342807333333334100e+03
4.945500000000000000e+03,9.046856999999999971e+01,2.408526000000000278e-01,9.380807333333334100e+03
4.955500000000000000e+03,9.045712999999999226e+01,2.412799000000000194e-01,9.418887333333332208e+03
4.965500000000000000e+03,9.045142999999998779e+01,2.407071999999999823e-01,9.457051000000001295e+03
4.975500000000000000e+03,9.045998000000000161e+01,2.408666999999999891e-01,9.495295000000001892e+03
4.985500000000000000e+03,9.046569000000000926e+01,2.404024000000000161e-01,9.533616333333333387e+03
4.995500000000000000e+03,9.047283999999999082e+01,2.420990999999999838e-01,9.572018000000000029e+03
