5.500000000000000000e+00,7.584429000000000087e+01,3.782718599999999753e+01,1.190582950000000084e-01
1.550000000000000000e+01,8.449429000000000656e+01,6.404762000000000732e+00,6.953368333333334039e-01
2.550000000000000000e+01,8.380855999999999995e+01,2.817635999999999807e+00,1.752576333333333292e+00
3.550000000000000000e+01,8.576429000000000258e+01,1.829587999999999992e+00,3.314413999999999305e+00
4.550000000000000000e+01,8.550714999999999577e+01,1.320742999999999778e+00,5.399351999999999485e+00
5.550000000000000000e+01,8.569142999999999688e+01,1.490803999999999796e+00,8.004764666666668305e+00
6.550000000000000000e+01,8.576999999999999602e+01,1.017027499999999973e+00,1.114471899999999849e+01
7.550000000000000000e+01,8.729426999999999737e+01,8.155525999999999609e-01,1.486896333333333153e+01
8.550000000000000000e+01,8.809428999999998666e+01,7.679205999999999532e-01,1.917070666666666767e+01
9.550000000000000000e+01,8.710857000000000028e+01,6.306652000000000369e-01,2.403308000000000177e+01
1.055000000000000000e+02,8.958571000000000595e+01,6.249835999999999725e-01,2.943895333333333042e+01
1.155000000000000000e+02,8.962427999999999884e+01,5.344265999999999739e-01,3.537909000000000503e+01
1.255000000000000000e+02,8.970570999999998207e+01,5.859566999999999970e-01,4.186237666666666257e+01
1.355000000000000000e+02,9.042857999999999663e+01,4.916256999999999988e-01,4.888835000000000264e+01
1.455000000000000000e+02,9.005858000000000629e+01,4.694755999999999929e-01,5.644273333333332943e+01
1.555000000000000000e+02,9.008427000000000362e+01,4.137334999999999208e-01,6.454882999999999527e+01
1.655000000000000000e+02,9.054570999999999970e+01,4.178946000000000049e-01,7.320233666666666750e+01
1.755000000000000000e+02,9.059859000000000151e+01,4.161538000000000181e-01,8.239222333333333381e+01
1.855000000000000000e+02,9.010999000000001047e+01,3.967987000000000042e-01,9.210010333333335097e+01
1.955000000000000000e+02,9.079714999999998781e+01,4.107662000000000257e-01,1.022826333333333366e+02
2.055000000000000000e+02,9.050285999999999831e+01,4.228047999999999251e-01,1.129451633333333405e+02
2.155000000000000000e+02,9.059714999999999918e+01,3.987706999999999780e-01,1.240855333333333448e+02
2.255000000000000000e+02,9.074141999999999086e+01,3.705238000000000143e-01,1.356963666666666768e+02
2.355000000000000000e+02,9.067572000000001253e+01,3.508889000000000036e-01,1.477855999999999881e+02
2.455000000000000000e+02,9.097860000000000014e+01,3.368174000000000445e-01,1.603550999999999647e+02
2.555000000000000000e+02,9.091428000000000509e+01,3.464657999999999904e-01,1.734034333333333393e+02
2.655000000000000000e+02,9.084429000000001508e+01,3.472558000000000034e-01,1.869253333333333273e+02
2.755000000000000000e+02,9.079283999999999821e+01,3.339644999999999975e-01,2.009194333333333020e+02
2.855000000000000000e+02,9.082284999999998831e+01,3.042536000000000129e-01,2.153973333333333358e+02
2.955000000000000000e+02,9.086857000000000539e+01,3.580226000000000242e-01,2.303789999999999907e+02
3.055000000000000000e+02,9.084713000000000704e+01,3.278227000000000224e-01,2.459032333333333042e+02
3.155000000000000000e+02,9.102855999999999881e+01,3.212805999999999718e-01,2.619422333333333199e+02
3.255000000000000000e+02,9.088857999999999038e+01,3.357501999999999986e-01,2.784735999999999763e+02
3.355000000000000000e+02,9.099572000000000571e+01,3.180393999999999721e-01,2.954981333333333851e+02
3.455000000000000000e+02,9.101141999999998689e+01,3.247777000000000025e-01,3.130040999999999940e+02
3.555000000000000000e+02,9.092571999999999832e+01,3.144717999999999680e-01,3.309865333333333410e+02
3.655000000000000000e+02,9.099429999999999552e+01,3.114967000000000152e-01,3.494494000000000256e+02
3.755000000000000000e+02,9.105857000000000312e+01,3.075746000000000313e-01,3.683983333333333690e+02
3.855000000000000000e+02,9.101999000000000706e+01,3.156880999999999715e-01,3.878425333333333356e+02
3.955000000000000000e+02,9.094427999999999201e+01,3.054953999999999725e-01,4.078076333333332855e+02
4.055000000000000000e+02,9.082716000000000633e+01,3.008179999999999743e-01,4.282687333333333299e+02
4.155000000000000000e+02,9.090144000000000801e+01,2.942993999999999888e-01,4.492163666666666586e+02
4.255000000000000000e+02,9.092569999999999197e+01,2.935394999999999532e-01,4.706581666666667161e+02
4.355000000000000000e+02,9.092427000000000703e+01,2.969476000000000337e-01,4.926246333333333496e+02
4.455000000000000000e+02,9.096143000000000711e+01,2.976121000000000461e-01,5.151348666666666531e+02
4.555000000000000000e+02,9.083856999999997583e+01,2.744031999999999583e-01,5.381611000000000331e+02
4.655000000000000000e+02,9.088286999999999694e+01,2.973389000000000171e-01,5.616596666666666806e+02
4.755000000000000000e+02,9.094857999999999265e+01,2.859215000000000506e-01,5.856325333333332992e+02
4.855000000000000000e+02,9.081998999999999000e+01,2.849230999999999847e-01,6.101292666666665809e+02
4.955000000000000000e+02,9.097284000000001924e+01,2.778438000000000296e-01,6.351311000000000604e+02
5.055000000000000000e+02,9.082570000000001187e+01,2.771805999999999992e-01,6.606027999999998883e+02
5.155000000000000000e+02,9.082856999999999914e+01,2.781865000000000032e-01,6.865432999999999311e+02
5.255000000000000000e+02,9.098571000000001163e+01,2.825821000000000027e-01,7.129524666666666235e+02
5.355000000000000000e+02,9.094285999999999603e+01,2.843434999999999713e-01,7.398462999999999283e+02
5.455000000000000000e+02,9.098571000000001163e+01,2.700094999999999024e-01,7.672140666666666675e+02
5.555000000000000000e+02,9.095286999999999011e+01,2.791987000000000219e-01,7.950500333333333174e+02
5.655000000000000000e+02,9.098141000000001100e+01,2.751059999999999617e-01,8.233574666666665962e+02
5.755000000000000000e+02,9.088857000000000141e+01,2.762118999999999547e-01,8.521422333333333654e+02
5.855000000000000000e+02,9.088572000000000628e+01,2.783950000000000036e-01,8.813935333333332665e+02
5.955000000000000000e+02,9.084287000000000489e+01,2.712995999999999741e-01,9.111110333333332392e+02
6.055000000000000000e+02,9.084142999999998835e+01,2.760710999999999582e-01,9.413139666666668290e+02
6.155000000000000000e+02,9.086428000000000793e+01,2.717918999999999752e-01,9.720062666666666473e+02
6.255000000000000000e+02,9.083428000000000679e+01,2.760322000000000608e-01,1.003182999999999765e+03
6.355000000000000000e+02,9.081000999999999124e+01,2.718608999999999609e-01,1.034851166666666586e+03
6.455000000000000000e+02,9.084999999999999432e+01,2.756346000000000629e-01,1.067013333333333321e+03
6.555000000000000000e+02,9.080284000000001754e+01,2.697070000000000300e-01,1.099659666666666908e+03
6.655000000000000000e+02,9.080428999999999462e+01,2.731011999999999884e-01,1.132800999999999931e+03
6.755000000000000000e+02,9.082998999999999512e+01,2.727404000000000495e-01,1.166430333333333238e+03
6.855000000000000000e+02,9.078428999999998439e+01,2.673329000000000399e-01,1.200547000000000025e+03
6.955000000000000000e+02,9.080141999999999314e+01,2.681872000000000145e-01,1.235142333333333227e+03
7.055000000000000000e+02,9.079572000000000287e+01,2.699930999999999859e-01,1.270237000000000080e+03
7.155000000000000000e+02,9.078573000000000093e+01,2.666663000000000228e-01,1.305880000000000337e+03
7.255000000000000000e+02,9.078286999999998841e+01,2.682761000000000173e-01,1.342028999999999996e+03
7.355000000000000000e+02,9.078429000000001281e+01,2.644696999999999742e-01,1.378689666666666653e+03
7.455000000000000000e+02,9.076714000000001192e+01,2.675370000000000248e-01,1.415865666666666584e+03
7.555000000000000000e+02,9.077142999999999518e+01,2.694102999999999914e-01,1.453520666666666784e+03
7.655000000000000000e+02,9.077572000000000685e+01,2.653246000000000215e-01,1.491681666666666615e+03
7.755000000000000000e+02,9.076429000000000258e+01,2.637629999999999697e-01,1.530340333333333092e+03
7.855000000000000000e+02,9.076143000000000427e+01,2.637404999999999888e-01,1.569469666666666853e+03
7.955000000000000000e+02,9.075714000000000681e+01,2.631071000000000382e-01,1.609074666666666644e+03
8.055000000000000000e+02,9.075285999999998410e+01,2.658713000000000326e-01,1.649151000000000295e+03
8.155000000000000000e+02,9.073856000000000677e+01,2.640387000000000151e-01,1.689707999999999856e+03
8.255000000000000000e+02,9.072429999999999950e+01,2.614033000000000051e-01,1.730764666666666699e+03
8.355000000000000000e+02,9.072285999999998296e+01,2.631774999999999531e-01,1.772320999999999913e+03
8.455000000000000000e+02,9.073143000000000313e+01,2.620946000000000109e-01,1.814355333333333419e+03
8.555000000000000000e+02,9.071573999999999671e+01,2.604734000000000216e-01,1.856862666666666655e+03
8.655000000000000000e+02,9.069428000000000623e+01,2.593827000000000216e-01,1.899847333333333609e+03
8.755000000000000000e+02,9.070857000000000880e+01,2.607102000000000031e-01,1.943307666666666819e+03
8.855000000000000000e+02,9.068571000000000026e+01,2.583411999999999931e-01,1.987251999999999725e+03
8.955000000000000000e+02,9.069428999999999519e+01,2.588834999999999886e-01,2.031690999999999576e+03
9.055000000000000000e+02,9.067715000000001169e+01,2.605104000000000308e-01,2.076634999999999764e+03
9.155000000000000000e+02,9.067999999999999261e+01,2.603764999999999552e-01,2.122086333333333187e+03
9.255000000000000000e+02,9.066571000000000424e+01,2.612034999999999774e-01,2.168050333333333583e+03
9.355000000000000000e+02,9.064998999999998830e+01,2.588368999999999809e-01,2.214557333333333190e+03
9.455000000000000000e+02,9.067285000000001105e+01,2.595235999999999654e-01,2.261605666666666366e+03
9.555000000000000000e+02,9.064429000000001224e+01,2.598025999999999947e-01,2.309156333333333350e+03
9.655000000000000000e+02,9.064570000000000505e+01,2.576526000000000094e-01,2.357211000000000240e+03
9.755000000000000000e+02,9.064141999999999655e+01,2.588159999999999905e-01,2.405787000000000262e+03
9.855000000000000000e+02,9.061285000000000878e+01,2.574934000000000944e-01,2.454871333333333496e+03
9.955000000000000000e+02,9.062143000000000370e+01,2.570614999999999983e-01,2.504446666666666715e+03
1.005500000000000000e+03,9.058142999999999745e+01,2.570083999999999702e-01,2.554517999999999574e+03
1.015500000000000000e+03,9.062857999999999947e+01,2.590025000000000244e-01,2.605076666666666824e+03
1.025500000000000000e+03,9.061714000000000624e+01,2.566590000000000815e-01,2.656123333333333449e+03
1.035500000000000000e+03,9.058570999999999174e+01,2.572018999999999833e-01,2.707666999999999916e+03
1.045500000000000000e+03,9.057998999999999512e+01,2.577059000000000433e-01,2.759713333333333594e+03
1.055500000000000000e+03,9.059141999999999939e+01,2.564075000000000104e-01,2.812230333333332965e+03
1.065500000000000000e+03,9.054856999999999800e+01,2.569568000000000407e-01,2.865244999999999891e+03
1.075500000000000000e+03,9.055429999999998358e+01,2.559734999999999649e-01,2.918783000000000357e+03
1.085500000000000000e+03,9.055858000000000629e+01,2.557079999999999909e-01,2.972809000000000196e+03
1.095500000000000000e+03,9.055857000000000312e+01,2.570914000000000255e-01,3.027295000000000073e+03
1.105500000000000000e+03,9.055571000000000481e+01,2.567075999999999802e-01,3.082246000000000095e+03
1.115500000000000000e+03,9.053856999999999289e+01,2.565146999999999844e-01,3.137663333333333412e+03
1.125500000000000000e+03,9.053856000000000392e+01,2.576263999999999776e-01,3.193552000000000135e+03
1.135500000000000000e+03,9.055857000000000312e+01,2.564909999999999690e-01,3.249904333333333398e+03
1.145500000000000000e+03,9.051000000000000512e+01,2.570374000000000270e-01,3.306722666666667010e+03
1.155500000000000000e+03,9.052142000000000621e+01,2.555064999999999698e-01,3.364002000000000407e+03
1.165500000000000000e+03,9.050285999999998410e+01,2.557303000000000215e-01,3.421745666666666693e+03
1.175500000000000000e+03,9.049429000000000656e+01,2.557297000000000597e-01,3.479947999999999411e+03
1.185500000000000000e+03,9.049712999999999852e+01,2.558348999999999762e-01,3.538619999999999891e+03
1.195500000000000000e+03,9.048427000000000930e+01,2.555995000000000350e-01,3.597802666666666482e+03
1.205500000000000000e+03,9.049571999999999150e+01,2.554909000000000208e-01,3.657525999999999385e+03
1.215500000000000000e+03,9.047427000000000419e+01,2.553873000000000393e-01,3.717761333333333369e+03
1.225500000000000000e+03,9.048855999999999256e+01,2.548428999999999833e-01,3.778476666666666915e+03
1.235500000000000000e+03,9.046283999999999992e+01,2.550671999999999939e-01,3.839673999999999978e+03
1.245500000000000000e+03,9.045428999999998609e+01,2.549464999999999648e-01,3.901359333333333780e+03
1.255500000000000000e+03,9.046999000000000990e+01,2.555101000000000178e-01,3.963519333333334544e+03
1.265500000000000000e+03,9.046142999999999290e+01,2.547240999999999533e-01,4.026149333333333288e+03
1.275500000000000000e+03,9.045142999999998779e+01,2.550785999999999887e-01,4.089296333333333223e+03
1.285500000000000000e+03,9.045143000000000200e+01,2.548875999999999920e-01,4.152990333333333183e+03
1.295500000000000000e+03,9.045286000000000115e+01,2.543521000000000254e-01,4.217226000000000568e+03
1.305500000000000000e+03,9.045429000000001452e+01,2.546078999999999981e-01,4.281977333333333263e+03
1.315500000000000000e+03,9.044285000000000707e+01,2.551727999999999774e-01,4.347230999999999767e+03
1.325500000000000000e+03,9.042858999999999980e+01,2.549622999999999751e-01,4.412962666666666337e+03
1.335500000000000000e+03,9.040857000000001165e+01,2.537808000000000286e-01,4.479194333333332906e+03
1.345500000000000000e+03,9.042144999999999300e+01,2.548729000000000133e-01,4.545995000000000800e+03
1.355500000000000000e+03,9.042001999999999384e+01,2.549767000000000006e-01,4.613321666666667625e+03
1.365500000000000000e+03,9.042858999999999980e+01,2.548512000000000000e-01,4.681150333333333037e+03
1.375500000000000000e+03,9.042857999999998242e+01,2.543950000000000378e-01,4.749504666666666708e+03
1.385500000000000000e+03,9.041429000000000826e+01,2.544050999999999951e-01,4.818350666666667166e+03
1.395500000000000000e+03,9.041714999999999236e+01,2.540049000000000334e-01,4.887680999999999585e+03
1.405500000000000000e+03,9.040143000000000484e+01,2.545054000000000483e-01,4.957494333333333998e+03
1.415500000000000000e+03,9.040286000000000399e+01,2.538188000000000111e-01,5.027794333333333270e+03
1.425500000000000000e+03,9.040715000000000146e+01,2.543694000000000233e-01,5.098619666666666490e+03
1.435500000000000000e+03,9.039999000000000251e+01,2.536407999999999996e-01,5.169970666666666148e+03
1.445500000000000000e+03,9.040286000000000399e+01,2.541900000000000270e-01,5.241835333333332528e+03
1.455500000000000000e+03,9.039857000000000653e+01,2.544478000000000018e-01,5.314252666666666300e+03
1.465500000000000000e+03,9.040000000000000568e+01,2.542499000000000287e-01,5.387208666666666431e+03
1.475500000000000000e+03,9.038998999999999739e+01,2.541079000000000532e-01,5.460663000000000466e+03
1.485500000000000000e+03,9.038569999999998572e+01,2.536398000000000263e-01,5.534668999999999869e+03
1.495500000000000000e+03,9.038712999999999909e+01,2.540267999999999970e-01,5.609242999999999483e+03
1.505500000000000000e+03,9.038712999999999909e+01,2.546422999999999881e-01,5.684366333333333387e+03
1.515500000000000000e+03,9.038141000000000247e+01,2.539135000000000142e-01,5.760033666666667159e+03
1.525500000000000000e+03,9.038569999999999993e+01,2.542917000000000094e-01,5.836247666666667101e+03
1.535500000000000000e+03,9.037711999999999080e+01,2.535406000000000049e-01,5.913000000000000000e+03
1.545500000000000000e+03,9.038856000000001245e+01,2.539171000000000067e-01,5.990290333333334274e+03
1.555500000000000000e+03,9.038427000000000078e+01,2.532697999999999894e-01,6.068115999999999985e+03
1.565500000000000000e+03,9.038570000000001414e+01,2.540300999999999809e-01,6.146457000000000335e+03
1.575500000000000000e+03,9.037426000000000670e+01,2.538483000000000267e-01,6.225289999999999054e+03
1.585500000000000000e+03,9.037854999999998995e+01,2.531962999999999853e-01,6.304636999999999716e+03
1.595500000000000000e+03,9.037282999999999333e+01,2.532115000000000338e-01,6.384469000000000051e+03
1.605500000000000000e+03,9.037998000000000332e+01,2.536535999999999791e-01,6.464791666666666060e+03
1.615500000000000000e+03,9.037854999999998995e+01,2.532498999999999723e-01,6.545601666666666461e+03
1.625500000000000000e+03,9.037425999999999249e+01,2.537037000000000320e-01,6.626901333333333241e+03
1.635500000000000000e+03,9.037712000000000501e+01,2.542404999999999804e-01,6.708727000000000771e+03
1.645500000000000000e+03,9.037139999999999418e+01,2.532245000000000745e-01,6.791097999999999956e+03
1.655500000000000000e+03,9.037282999999999333e+01,2.533199000000000423e-01,6.873982666666665864e+03
1.665500000000000000e+03,9.037425999999999249e+01,2.529151000000000038e-01,6.957382666666667319e+03
1.675500000000000000e+03,9.037282999999999333e+01,2.538759999999999906e-01,7.041284666666666453e+03
1.685500000000000000e+03,9.037282999999999333e+01,2.536524000000000556e-01,7.125671666666667079e+03
1.695500000000000000e+03,9.036854999999999905e+01,2.531434000000000184e-01,7.210551999999998770e+03
1.705500000000000000e+03,9.036996999999999503e+01,2.528819000000000483e-01,7.295925333333332674e+03
1.715500000000000000e+03,9.036854999999999905e+01,2.530941999999999914e-01,7.381780000000000655e+03
1.725500000000000000e+03,9.036996999999999503e+01,2.534497000000000000e-01,7.468108666666666977e+03
1.735500000000000000e+03,9.037139999999999418e+01,2.533240999999999965e-01,7.554900333333333037e+03
1.745500000000000000e+03,9.036853999999998166e+01,2.530685000000000295e-01,7.642166333333332659e+03
1.755500000000000000e+03,9.036567999999999756e+01,2.526281000000000221e-01,7.729964666666668563e+03
1.765500000000000000e+03,9.036425999999998737e+01,2.525081000000000131e-01,7.818314000000000306e+03
1.775500000000000000e+03,9.036424999999999841e+01,2.529169000000000000e-01,7.907179000000000997e+03
1.785500000000000000e+03,9.035855999999998289e+01,2.525678999999999563e-01,7.996560333333332892e+03
1.795500000000000000e+03,9.035853999999999075e+01,2.527726000000000139e-01,8.086432333333333190e+03
1.805500000000000000e+03,9.035712999999998374e+01,2.525309000000000026e-01,8.176770333333332019e+03
1.815500000000000000e+03,9.035143000000000768e+01,2.523060000000000302e-01,8.267588999999999942e+03
1.825500000000000000e+03,9.036283000000000243e+01,2.531405999999999934e-01,8.358890999999999622e+03
1.835500000000000000e+03,9.035285000000000366e+01,2.523593000000000086e-01,8.450701333333332514e+03
1.845500000000000000e+03,9.034857999999999834e+01,2.523864000000000107e-01,8.543050333333332674e+03
1.855500000000000000e+03,9.035427999999998860e+01,2.524636999999999576e-01,8.635932333333334100e+03
1.865500000000000000e+03,9.034858999999998730e+01,2.519826000000000010e-01,8.729367333333333590e+03
1.875500000000000000e+03,9.035000999999999749e+01,2.517137999999999876e-01,8.823310666666668112e+03
1.885500000000000000e+03,9.034573000000000320e+01,2.522093000000000251e-01,8.917757333333331189e+03
1.895500000000000000e+03,9.034290000000000020e+01,2.523285000000000111e-01,9.012710999999999331e+03
1.905500000000000000e+03,9.034431999999999618e+01,2.521567999999999588e-01,9.108158000000001266e+03
1.915500000000000000e+03,9.034716000000000236e+01,2.521779999999999577e-01,9.204112666666667792e+03
1.925500000000000000e+03,9.034288999999998282e+01,2.521734999999999949e-01,9.300593333333332339e+03
1.935500000000000000e+03,9.034431999999999618e+01,2.517654000000000281e-01,9.397580666666664911e+03
1.945500000000000000e+03,9.034147000000000105e+01,2.517690999999999679e-01,9.495078333333334740e+03
1.955500000000000000e+03,9.034004000000001611e+01,2.521051000000000264e-01,9.593066333333334114e+03
1.965500000000000000e+03,9.034288999999999703e+01,2.517192999999999792e-01,9.691551333333332877e+03
1.975500000000000000e+03,9.034002999999998451e+01,2.518894999999999884e-01,9.790528333333331830e+03
1.985500000000000000e+03,9.033716999999998620e+01,2.521266000000000340e-01,9.889974333333333561e+03
1.995500000000000000e+03,9.033432000000000528e+01,2.519932999999999756e-01,9.989914666666667472e+03
2.005500000000000000e+03,9.033288999999999191e+01,2.515262999999999805e-01,1.009033333333333394e+04
2.015500000000000000e+03,9.033574999999999022e+01,2.516612999999999767e-01,1.019122233333333315e+04
2.025500000000000000e+03,9.033286999999998557e+01,2.519944000000000073e-01,1.029258666666666613e+04
2.035500000000000000e+03,9.033573999999998705e+01,2.515601999999999561e-01,1.039440333333333183e+04
2.045500000000000000e+03,9.033431000000000211e+01,2.516962999999999839e-01,1.049669666666666672e+04
2.055500000000000000e+03,9.032573999999999614e+01,2.517053000000000762e-01,1.059944666666666672e+04
2.065500000000000000e+03,9.033003000000000782e+01,2.515305999999999931e-01,1.070267666666666628e+04
2.075500000000000000e+03,9.033003000000000782e+01,2.514979999999999993e-01,1.080638666666666541e+04
2.085500000000000000e+03,9.032860000000000866e+01,2.513851999999999753e-01,1.091054333333333125e+04
2.095500000000000000e+03,9.032716999999999530e+01,2.514768000000000003e-01,1.101518999999999869e+04
2.105500000000000000e+03,9.032859000000000549e+01,2.511135999999999924e-01,1.112027666666666664e+04
2.115500000000000000e+03,9.032144999999999868e+01,2.513959000000000055e-01,1.122585000000000036e+04
2.125500000000000000e+03,9.032573999999999614e+01,2.514733000000000107e-01,1.133192666666666628e+04
2.135500000000000000e+03,9.032431000000001120e+01,2.511500999999999872e-01,1.143852000000000044e+04
2.145500000000000000e+03,9.032430999999999699e+01,2.514818999999999805e-01,1.154564666666666744e+04
2.155500000000000000e+03,9.032716999999999530e+01,2.513964999999999672e-01,1.165333666666666613e+04
2.165500000000000000e+03,9.032001999999999953e+01,2.511975999999999654e-01,1.176162000000000080e+04
2.175500000000000000e+03,9.031859000000000037e+01,2.513401000000000107e-01,1.187043333333333248e+04
2.185500000000000000e+03,9.031859000000000037e+01,2.513786000000000631e-01,1.197972000000000116e+04
2.195500000000000000e+03,9.031715999999998701e+01,2.509933000000000303e-01,1.208950333333333401e+04
2.205500000000000000e+03,9.032001999999999953e+01,2.510276000000000174e-01,1.219975666666666621e+04
2.215500000000000000e+03,9.031859000000000037e+01,2.513189999999999591e-01,1.231053666666666504e+04
2.225500000000000000e+03,9.031859000000000037e+01,2.509028000000000369e-01,1.242188333333333503e+04
2.235500000000000000e+03,9.031287000000000376e+01,2.512851000000000390e-01,1.253374666666666781e+04
2.245500000000000000e+03,9.031859000000000037e+01,2.507278000000000007e-01,1.264613000000000102e+04
2.255500000000000000e+03,9.032001999999999953e+01,2.509606999999999810e-01,1.275900666666666621e+04
2.265500000000000000e+03,9.031716000000001543e+01,2.510188999999999337e-01,1.287242000000000189e+04
2.275500000000000000e+03,9.031859000000001458e+01,2.512569000000000052e-01,1.298632666666666591e+04
2.285500000000000000e+03,9.032001999999999953e+01,2.507339000000000095e-01,1.310070666666666511e+04
2.295500000000000000e+03,9.031143999999999039e+01,2.508458999999999550e-01,1.321557000000000153e+04
2.305500000000000000e+03,9.030429000000000883e+01,2.507267999999999719e-01,1.333092333333333409e+04
2.315500000000000000e+03,9.031573000000000206e+01,2.505169999999999897e-01,1.344678999999999905e+04
2.325500000000000000e+03,9.030285999999999547e+01,2.509287000000000045e-01,1.356313333333333139e+04
2.335500000000000000e+03,9.030143000000001052e+01,2.506926999999999905e-01,1.367995000000000073e+04
2.345500000000000000e+03,9.031286999999998955e+01,2.507671999999999679e-01,1.379731333333333350e+04
2.355500000000000000e+03,9.030715000000000714e+01,2.506083000000000061e-01,1.391515999999999985e+04
2.365500000000000000e+03,9.030858000000000629e+01,2.509163000000000365e-01,1.403353999999999905e+04
2.375500000000000000e+03,9.029571000000001391e+01,2.506012000000000239e-01,1.415243666666666650e+04
2.385500000000000000e+03,9.030858000000000629e+01,2.510177999999999576e-01,1.427182333333333372e+04
2.395500000000000000e+03,9.031143999999999039e+01,2.506097999999999937e-01,1.439168999999999869e+04
2.405500000000000000e+03,9.031144000000000460e+01,2.503868999999999678e-01,1.451212000000000080e+04
2.415500000000000000e+03,9.029714000000001306e+01,2.507513000000000103e-01,1.463310000000000036e+04
2.425500000000000000e+03,9.028571999999999775e+01,2.505133000000000498e-01,1.475457666666666955e+04
2.435500000000000000e+03,9.028856000000000392e+01,2.506950000000000567e-01,1.487653333333333103e+04
2.445500000000000000e+03,9.029142000000000223e+01,2.507734999999999825e-01,1.499896000000000095e+04
2.455500000000000000e+03,9.029285000000001560e+01,2.506628000000000189e-01,1.512190333333333183e+04
2.465500000000000000e+03,9.028571999999999775e+01,2.506477000000000288e-01,1.524534333333333234e+04
2.475500000000000000e+03,9.028857000000000710e+01,2.505492999999999748e-01,1.536925000000000000e+04
2.485500000000000000e+03,9.030715000000000714e+01,2.505862999999999841e-01,1.549361000000000058e+04
2.495500000000000000e+03,9.028713999999999373e+01,2.505454999999999766e-01,1.561846333333333314e+04
2.505500000000000000e+03,9.028855999999998971e+01,2.502744000000000080e-01,1.574379666666666708e+04
2.515500000000000000e+03,9.028569999999999141e+01,2.506217000000000583e-01,1.586957666666666955e+04
2.525500000000000000e+03,9.027285999999999433e+01,2.503221999999999947e-01,1.599588666666666722e+04
2.535500000000000000e+03,9.028427000000002067e+01,2.504019999999999579e-01,1.612265666666666766e+04
2.545500000000000000e+03,9.027571000000000367e+01,2.506532000000000204e-01,1.624989666666666744e+04
2.555500000000000000e+03,9.027712999999999965e+01,2.504818999999999241e-01,1.637760666666666839e+04
2.565500000000000000e+03,9.026712000000000558e+01,2.505995999999999779e-01,1.650578000000000247e+04
2.575500000000000000e+03,9.027284000000000219e+01,2.502480999999999733e-01,1.663441333333333023e+04
2.585500000000000000e+03,9.026713999999999771e+01,2.502388999999999863e-01,1.676350999999999840e+04
2.595500000000000000e+03,9.026713000000000875e+01,2.505052999999999863e-01,1.689308999999999651e+04
2.605500000000000000e+03,9.026998000000000388e+01,2.503772999999999693e-01,1.702316333333333387e+04
2.615500000000000000e+03,9.025857000000000596e+01,2.503619000000000261e-01,1.715371666666666715e+04
2.625500000000000000e+03,9.025572000000001083e+01,2.502852999999999883e-01,1.728480999999999767e+04
2.635500000000000000e+03,9.025855000000001382e+01,2.503866000000000147e-01,1.741638666666666541e+04
2.645500000000000000e+03,9.024998999999999683e+01,2.504615000000000036e-01,1.754847333333333518e+04
2.655500000000000000e+03,9.025855999999998858e+01,2.502800000000000025e-01,1.768102333333333445e+04
2.665500000000000000e+03,9.024859000000000719e+01,2.500068000000000290e-01,1.781407999999999811e+04
2.675500000000000000e+03,9.026572000000000173e+01,2.504203999999999875e-01,1.794759333333333416e+04
2.685500000000000000e+03,9.026713000000000875e+01,2.501725000000000199e-01,1.808159666666666817e+04
2.695500000000000000e+03,9.025143999999998812e+01,2.504505000000000203e-01,1.821611666666666497e+04
2.705500000000000000e+03,9.025001000000000317e+01,2.500415000000000831e-01,1.835119333333333270e+04
2.715500000000000000e+03,9.025431000000000381e+01,2.503505999999999787e-01,1.848684333333333052e+04
2.725500000000000000e+03,9.025715999999999894e+01,2.503821000000000518e-01,1.862302333333333445e+04
2.735500000000000000e+03,9.025571999999999662e+01,2.501383999999999830e-01,1.875979333333333125e+04
2.745500000000000000e+03,9.025145000000000550e+01,2.501092999999999789e-01,1.889707333333333372e+04
2.755500000000000000e+03,9.024715999999999383e+01,2.501871999999999985e-01,1.903486333333333459e+04
2.765500000000000000e+03,9.024571999999999150e+01,2.501900999999999708e-01,1.917311666666666861e+04
2.775500000000000000e+03,9.024288000000001375e+01,2.499720999999999749e-01,1.931188333333333867e+04
2.785500000000000000e+03,9.024716000000000804e+01,2.500878000000000267e-01,1.945112666666666701e+04
2.795500000000000000e+03,9.024859999999999616e+01,2.498447000000000029e-01,1.959087666666666337e+04
2.805500000000000000e+03,9.024287999999999954e+01,2.500134999999999996e-01,1.973115666666666584e+04
2.815500000000000000e+03,9.024145999999998935e+01,2.500381999999999882e-01,1.987197000000000116e+04
2.825500000000000000e+03,9.023430999999999358e+01,2.499657000000000406e-01,2.001326333333333241e+04
2.835500000000000000e+03,9.023859000000000208e+01,2.501052999999999749e-01,2.015506999999999971e+04
2.845500000000000000e+03,9.023859999999999104e+01,2.499776000000000220e-01,2.029734000000000015e+04
2.855500000000000000e+03,9.023715999999998871e+01,2.501608000000000165e-01,2.044014000000000306e+04
2.865500000000000000e+03,9.023574000000000694e+01,2.500550999999999746e-01,2.058340999999999985e+04
2.875500000000000000e+03,9.023860999999999422e+01,2.499177000000000481e-01,2.072718333333333430e+04
2.885500000000000000e+03,9.023573999999999273e+01,2.499419999999999698e-01,2.087145000000000073e+04
2.895500000000000000e+03,9.022859999999998593e+01,2.496649000000000229e-01,2.101624666666666599e+04
2.905500000000000000e+03,9.023145000000000948e+01,2.497550000000000325e-01,2.116152333333333445e+04
2.915500000000000000e+03,9.022717000000000098e+01,2.499771000000000076e-01,2.130732333333333372e+04
2.925500000000000000e+03,9.022859999999998593e+01,2.495938999999999797e-01,2.145366666666666424e+04
2.935500000000000000e+03,9.023145999999998423e+01,2.499914000000000025e-01,2.160055666666666366e+04
2.945500000000000000e+03,9.023430999999999358e+01,2.498213000000000239e-01,2.174794666666666672e+04
2.955500000000000000e+03,9.023003000000001350e+01,2.498047000000000184e-01,2.189584666666667181e+04
2.965500000000000000e+03,9.022860000000000014e+01,2.496348000000000178e-01,2.204425333333333401e+04
2.975500000000000000e+03,9.022430999999998846e+01,2.495497999999999883e-01,2.219315333333332819e+04
2.985500000000000000e+03,9.022573999999998762e+01,2.498615000000000141e-01,2.234253333333333285e+04
2.995500000000000000e+03,9.022287999999998931e+01,2.499391999999999725e-01,2.249239333333333343e+04
3.005500000000000000e+03,9.022001999999999100e+01,2.494718999999999964e-01,2.264274000000000160e+04
3.015500000000000000e+03,9.022430999999998846e+01,2.498144000000000475e-01,2.279356333333333168e+04
3.025500000000000000e+03,9.022144999999999015e+01,2.498522999999999994e-01,2.294489333333333343e+04
3.035500000000000000e+03,9.022144999999999015e+01,2.497619000000000367e-01,2.309668666666666832e+04
3.045500000000000000e+03,9.022430999999998846e+01,2.499834999999999974e-01,2.324899333333333561e+04
3.055500000000000000e+03,9.022144999999997594e+01,2.496881000000000239e-01,2.340179000000000087e+04
3.065500000000000000e+03,9.021858999999999185e+01,2.498878999999999961e-01,2.355511333333333459e+04
3.075500000000000000e+03,9.021715999999999269e+01,2.496306999999999832e-01,2.370894666666666672e+04
3.085500000000000000e+03,9.021716000000000690e+01,2.498834000000000055e-01,2.386328999999999724e+04
3.095500000000000000e+03,9.021858999999999185e+01,2.498530999999999946e-01,2.401809333333333052e+04
3.105500000000000000e+03,9.021716000000000690e+01,2.495613999999999888e-01,2.417338000000000102e+04
3.115500000000000000e+03,9.022001999999999100e+01,2.496059999999999945e-01,2.432917666666666628e+04
3.125500000000000000e+03,9.021286999999999523e+01,2.498459000000000374e-01,2.448547333333333518e+04
3.135500000000000000e+03,9.021286999999999523e+01,2.497635000000000272e-01,2.464226000000000204e+04
3.145500000000000000e+03,9.021858999999999185e+01,2.498139999999999805e-01,2.479955333333333328e+04
3.155500000000000000e+03,9.021286999999999523e+01,2.498573000000000044e-01,2.495731999999999971e+04
3.165500000000000000e+03,9.021858999999999185e+01,2.499598999999999849e-01,2.511557999999999447e+04
3.175500000000000000e+03,9.021572999999999354e+01,2.497784999999999866e-01,2.527431999999999971e+04
3.185500000000000000e+03,9.021715999999999269e+01,2.499422999999999784e-01,2.543351999999999680e+04
3.195500000000000000e+03,9.021286999999999523e+01,2.499433000000000349e-01,2.559321000000000276e+04
3.205500000000000000e+03,9.021286999999999523e+01,2.496284000000000280e-01,2.575334999999999854e+04
3.215500000000000000e+03,9.021000999999999692e+01,2.499239999999999795e-01,2.591399666666666599e+04
3.225500000000000000e+03,9.021000999999999692e+01,2.497411999999999688e-01,2.607515999999999985e+04
3.235500000000000000e+03,9.021572999999999354e+01,2.498984000000000205e-01,2.623689000000000306e+04
3.245500000000000000e+03,9.021143999999999608e+01,2.497756999999999894e-01,2.639914666666666744e+04
3.255500000000000000e+03,9.021144000000001029e+01,2.498686999999999436e-01,2.656192000000000189e+04
3.265500000000000000e+03,9.021144000000001029e+01,2.497412000000000243e-01,2.672518000000000029e+04
3.275500000000000000e+03,9.021572999999997933e+01,2.498910000000000020e-01,2.688896000000000276e+04
3.285500000000000000e+03,9.021572999999997933e+01,2.497797999999999963e-01,2.705326333333333605e+04
3.295500000000000000e+03,9.020572000000001367e+01,2.498282000000000003e-01,2.721811333333333096e+04
3.305500000000000000e+03,9.021143999999999608e+01,2.499043000000000236e-01,2.738346666666666715e+04
3.315500000000000000e+03,9.020857999999999777e+01,2.499682000000000015e-01,2.754929999999999927e+04
3.325500000000000000e+03,9.021000999999999692e+01,2.498517999999999850e-01,2.771565333333333183e+04
3.335500000000000000e+03,9.020572000000001367e+01,2.502292999999999878e-01,2.788256333333333168e+04
3.345500000000000000e+03,9.021143999999999608e+01,2.499762000000000095e-01,2.804994333333333634e+04
3.355500000000000000e+03,9.020857999999999777e+01,2.500722000000000222e-01,2.821779999999999927e+04
3.365500000000000000e+03,9.020857999999999777e+01,2.498777000000000359e-01,2.838616666666666788e+04
3.375500000000000000e+03,9.020857999999999777e+01,2.499604999999999744e-01,2.855504999999999927e+04
3.385500000000000000e+03,9.020572000000001367e+01,2.499411000000000271e-01,2.872443333333333067e+04
3.395500000000000000e+03,9.020714999999999861e+01,2.500635999999999970e-01,2.889429000000000087e+04
3.405500000000000000e+03,9.020857999999999777e+01,2.500664999999999694e-01,2.906464666666666744e+04
3.415500000000000000e+03,9.020857999999999777e+01,2.499733000000000094e-01,2.923545999999999913e+04
3.425500000000000000e+03,9.020428999999998609e+01,2.501242999999999661e-01,2.940675333333333401e+04
3.435500000000000000e+03,9.020429000000000030e+01,2.501121999999999512e-01,2.957852333333333445e+04
3.445500000000000000e+03,9.020286000000001536e+01,2.502460999999999713e-01,2.975077666666667210e+04
3.455500000000000000e+03,9.021000999999998271e+01,2.500723999999999725e-01,2.992352333333333445e+04
3.465500000000000000e+03,9.020286000000001536e+01,2.504509000000000318e-01,3.009674666666666599e+04
3.475500000000000000e+03,9.020286000000000115e+01,2.501799000000000106e-01,3.027043333333333067e+04
3.485500000000000000e+03,9.020000000000000284e+01,2.500677999999999512e-01,3.044460999999999694e+04
3.495500000000000000e+03,9.020572000000001367e+01,2.501669000000000254e-01,3.061927000000000044e+04
3.505500000000000000e+03,9.020286000000000115e+01,2.502529000000000003e-01,3.079438999999999578e+04
3.515500000000000000e+03,9.020000000000001705e+01,2.504214999999999636e-01,3.097000999999999840e+04
3.525500000000000000e+03,9.020429000000001452e+01,2.500282999999999811e-01,3.114609666666666817e+04
3.535500000000000000e+03,9.019857000000000369e+01,2.500721000000000194e-01,3.132268666666666468e+04
3.545500000000000000e+03,9.020000000000000284e+01,2.501593999999999762e-01,3.149973999999999796e+04
3.555500000000000000e+03,9.019857000000000369e+01,2.502337000000000033e-01,3.167728333333333285e+04
3.565500000000000000e+03,9.020000000000001705e+01,2.501646000000000147e-01,3.185530666666666366e+04
3.575500000000000000e+03,9.019857000000000369e+01,2.502231000000000316e-01,3.203379333333332761e+04
3.585500000000000000e+03,9.020143000000000200e+01,2.503380000000000050e-01,3.221277666666666482e+04
3.595500000000000000e+03,9.019284999999999286e+01,2.502347999999999795e-01,3.239224666666667326e+04
3.605500000000000000e+03,9.020000000000001705e+01,2.503244000000000025e-01,3.257218666666666468e+04
3.615500000000000000e+03,9.019857000000001790e+01,2.500669999999999837e-01,3.275262333333334027e+04
3.625500000000000000e+03,9.019571000000000538e+01,2.501713999999999882e-01,3.293355666666667094e+04
3.635500000000000000e+03,9.019857000000001790e+01,2.501761999999999597e-01,3.311500333333333401e+04
3.645500000000000000e+03,9.019571000000000538e+01,2.503908999999999718e-01,3.329692666666666628e+04
3.655500000000000000e+03,9.020000000000001705e+01,2.502597999999999767e-01,3.347933333333332848e+04
3.665500000000000000e+03,9.020000000000001705e+01,2.503164999999999418e-01,3.366222333333334245e+04
3.675500000000000000e+03,9.019428000000000623e+01,2.504529000000000338e-01,3.384559000000001106e+04
3.685500000000000000e+03,9.020000000000001705e+01,2.503028999999999948e-01,3.402942333333333227e+04
3.695500000000000000e+03,9.019714000000001874e+01,2.503940999999999528e-01,3.421372333333332790e+04
3.705500000000000000e+03,9.019857000000001790e+01,2.503192000000000195e-01,3.439849000000000524e+04
3.715500000000000000e+03,9.019428000000000623e+01,2.504498000000000557e-01,3.458375666666666802e+04
3.725500000000000000e+03,9.019285000000000707e+01,2.503893000000000368e-01,3.476955333333332965e+04
3.735500000000000000e+03,9.018856000000000961e+01,2.503740999999999883e-01,3.495586666666666133e+04
3.745500000000000000e+03,9.019571000000000538e+01,2.504390000000000227e-01,3.514271000000000640e+04
3.755500000000000000e+03,9.018569999999999709e+01,2.503910999999999776e-01,3.533004666666667617e+04
3.765500000000000000e+03,9.019428000000000623e+01,2.503572000000000020e-01,3.551788666666666541e+04
3.775500000000000000e+03,9.018569999999999709e+01,2.502843999999999625e-01,3.570623000000000320e+04
3.785500000000000000e+03,9.019142000000000792e+01,2.503959999999999519e-01,3.589508333333333576e+04
3.795500000000000000e+03,9.019571000000000538e+01,2.503803000000000001e-01,3.608443999999999505e+04
3.805500000000000000e+03,9.018284000000001299e+01,2.503407000000000271e-01,3.627425666666666802e+04
3.815500000000000000e+03,9.019571000000000538e+01,2.504728999999999983e-01,3.646459666666666453e+04
3.825500000000000000e+03,9.019571000000000538e+01,2.504572000000000465e-01,3.665542666666666628e+04
3.835500000000000000e+03,9.018426999999999794e+01,2.504065999999999792e-01,3.684672999999999593e+04
3.845500000000000000e+03,9.018999000000000876e+01,2.502994000000000052e-01,3.703857666666666773e+04
3.855500000000000000e+03,9.019714000000001874e+01,2.504734000000000127e-01,3.723093666666666104e+04
3.865500000000000000e+03,9.018283999999999878e+01,2.504600000000000160e-01,3.742379666666667617e+04
3.875500000000000000e+03,9.017998000000000047e+01,2.505620000000000069e-01,3.761715333333333547e+04
3.885500000000000000e+03,9.017855000000000132e+01,2.506085000000000118e-01,3.781101666666667734e+04
3.895500000000000000e+03,9.018426999999999794e+01,2.504659999999999664e-01,3.800537000000000262e+04
3.905500000000000000e+03,9.016854000000000724e+01,2.504076000000000080e-01,3.820021666666665988e+04
3.915500000000000000e+03,9.016711000000000809e+01,2.504169999999999452e-01,3.839552999999999884e+04
3.925500000000000000e+03,9.016997000000000639e+01,2.504165999999999892e-01,3.859132333333333372e+04
3.935500000000000000e+03,9.015995999999999810e+01,2.504703999999999819e-01,3.878758666666666977e+04
3.945500000000000000e+03,9.016282000000001062e+01,2.505209000000000463e-01,3.898434666666666453e+04
3.955500000000000000e+03,9.016138999999999726e+01,2.504691000000000001e-01,3.918155666666667094e+04
3.965500000000000000e+03,9.016711000000000809e+01,2.504906000000000077e-01,3.937922999999999593e+04
3.975500000000000000e+03,9.015995999999999810e+01,2.505023000000000111e-01,3.957739333333333343e+04
3.985500000000000000e+03,9.016425000000000978e+01,2.504127999999999910e-01,3.977602333333333081e+04
3.995500000000000000e+03,9.015852999999999895e+01,2.507036000000000264e-01,3.997515666666666948e+04
4.005500000000000000e+03,9.015852999999999895e+01,2.504457999999999962e-01,4.017476333333332877e+04
4.015500000000000000e+03,9.015852999999999895e+01,2.505152999999999963e-01,4.037483333333333576e+04
4.025500000000000000e+03,9.015709999999999980e+01,2.505869999999999487e-01,4.057539666666666744e+04
4.035500000000000000e+03,9.015995999999999810e+01,2.505685999999999747e-01,4.077644000000000233e+04
4.045500000000000000e+03,9.015709999999999980e+01,2.506203999999999654e-01,4.097795999999999913e+04
4.055500000000000000e+03,9.015995999999999810e+01,2.506221999999999617e-01,4.117999333333333198e+04
4.065500000000000000e+03,9.015852999999999895e+01,2.507066000000000017e-01,4.138250666666666802e+04
4.075500000000000000e+03,9.015852999999999895e+01,2.506490000000000107e-01,4.158549333333333198e+04
4.085500000000000000e+03,9.015995999999999810e+01,2.505287999999999959e-01,4.178897000000000116e+04
4.095500000000000000e+03,9.015709999999999980e+01,2.506277000000000088e-01,4.199300333333333401e+04
4.105500000000000000e+03,9.015709999999999980e+01,2.506316999999999573e-01,4.219753333333334012e+04
4.115500000000000000e+03,9.015709999999999980e+01,2.506419999999999759e-01,4.240255666666666366e+04
4.125500000000000000e+03,9.015709999999999980e+01,2.505464000000000024e-01,4.260807666666666773e+04
4.135500000000000000e+03,9.015709999999999980e+01,2.507309999999999817e-01,4.281408999999999651e+04
4.145500000000000000e+03,9.015709999999999980e+01,2.506863000000000286e-01,4.302061999999999534e+04
4.155500000000000000e+03,9.015709999999999980e+01,2.506477999999999762e-01,4.322768666666666104e+04
4.165500000000000000e+03,9.015709999999999980e+01,2.506839000000000151e-01,4.343525000000000000e+04
4.175500000000000000e+03,9.015709999999999980e+01,2.504968000000000194e-01,4.364330999999999767e+04
4.185500000000000000e+03,9.015709999999999980e+01,2.507967999999999864e-01,4.385193000000000029e+04
4.195500000000000000e+03,9.015709999999999980e+01,2.507523999999999864e-01,4.406113333333333867e+04
4.205500000000000000e+03,9.015709999999999980e+01,2.506279000000000146e-01,4.427088999999999942e+04
4.215500000000000000e+03,9.015709999999999980e+01,2.505411000000000166e-01,4.448116333333333023e+04
4.225500000000000000e+03,9.015709999999999980e+01,2.506252999999999953e-01,4.469194666666666308e+04
4.235500000000000000e+03,9.015852999999999895e+01,2.505983999999999989e-01,4.490320000000000437e+04
4.245500000000000000e+03,9.015709999999999980e+01,2.506151999999999824e-01,4.511500333333333401e+04
4.255500000000000000e+03,9.015709999999999980e+01,2.506336000000000119e-01,4.532731666666666570e+04
4.265500000000000000e+03,9.015709999999999980e+01,2.506156999999999968e-01,4.554014666666666017e+04
4.275500000000000000e+03,9.015709999999999980e+01,2.506807999999999814e-01,4.575349666666666599e+04
4.285500000000000000e+03,9.015709999999999980e+01,2.507115999999999789e-01,4.596737666666666337e+04
4.295500000000000000e+03,9.015709999999999980e+01,2.506561999999999957e-01,4.618179666666666890e+04
4.305500000000000000e+03,9.015709999999999980e+01,2.506535000000000291e-01,4.639672666666666191e+04
4.315500000000000000e+03,9.015709999999999980e+01,2.507557000000000258e-01,4.661217666666665900e+04
4.325500000000000000e+03,9.015709999999999980e+01,2.506479000000000346e-01,4.682813999999999942e+04
4.335500000000000000e+03,9.015709999999999980e+01,2.507583999999999924e-01,4.704465333333333547e+04
4.345500000000000000e+03,9.015709999999999980e+01,2.507191000000000281e-01,4.726166000000000349e+04
4.355500000000000000e+03,9.015709999999999980e+01,2.506625999999999577e-01,4.747914333333333343e+04
4.365500000000000000e+03,9.015709999999999980e+01,2.505539999999999434e-01,4.769713666666667268e+04
4.375500000000000000e+03,9.015709999999999980e+01,2.507008000000000014e-01,4.791561666666666861e+04
4.385500000000000000e+03,9.015709999999999980e+01,2.508238000000000412e-01,4.813459666666666453e+04
4.395500000000000000e+03,9.015709999999999980e+01,2.505610000000000337e-01,4.835409333333333780e+04
4.405500000000000000e+03,9.015709999999999980e+01,2.507025000000000503e-01,4.857403999999999360e+04
4.415500000000000000e+03,9.015709999999999980e+01,2.507035000000000791e-01,4.879448999999999796e+04
4.425500000000000000e+03,9.015709999999999980e+01,2.504527000000000281e-01,4.901545333333332383e+04
4.435500000000000000e+03,9.015709999999999980e+01,2.507094999999999740e-01,4.923690333333333547e+04
4.445500000000000000e+03,9.015709999999999980e+01,2.506761999999999602e-01,4.945884333333333780e+04
4.455500000000000000e+03,9.015709999999999980e+01,2.505956000000000294e-01,4.968127333333333081e+04
4.465500000000000000e+03,9.015709999999999980e+01,2.509166999999999925e-01,4.990419999999999709e+04
4.475500000000000000e+03,9.015709999999999980e+01,2.506097000000000463e-01,5.012762000000000262e+04
4.485500000000000000e+03,9.015709999999999980e+01,2.506271999999999389e-01,5.035154666666666890e+04
4.495500000000000000e+03,9.015709999999999980e+01,2.506202000000000152e-01,5.057594999999999709e+04
4.505500000000000000e+03,9.015709999999999980e+01,2.507471000000000005e-01,5.080084333333333780e+04
4.515500000000000000e+03,9.015709999999999980e+01,2.506223999999999674e-01,5.102622000000000116e+04
4.525500000000000000e+03,9.015709999999999980e+01,2.507678999999999880e-01,5.125208333333333576e+04
4.535500000000000000e+03,9.015709999999999980e+01,2.507077999999999252e-01,5.147841666666667152e+04
4.545500000000000000e+03,9.015709999999999980e+01,2.505911000000000111e-01,5.170526666666667006e+04
4.555500000000000000e+03,9.015709999999999980e+01,2.507863999999999649e-01,5.193259666666666453e+04
4.565500000000000000e+03,9.015709999999999980e+01,2.505441999999999392e-01,5.216042333333332499e+04
4.575500000000000000e+03,9.015709999999999980e+01,2.509575999999999474e-01,5.238874333333333198e+04
4.585500000000000000e+03,9.015709999999999980e+01,2.508036000000000154e-01,5.261753666666666686e+04
4.595500000000000000e+03,9.015709999999999980e+01,2.506581000000000503e-01,5.284678999999999360e+04
4.605500000000000000e+03,9.015709999999999980e+01,2.508618000000000237e-01,5.307653333333334012e+04
4.615500000000000000e+03,9.015709999999999980e+01,2.506762000000000157e-01,5.330676999999999680e+04
4.625500000000000000e+03,9.015709999999999980e+01,2.505508000000000179e-01,5.353747333333334245e+04
4.635500000000000000e+03,9.015709999999999980e+01,2.508727000000000595e-01,5.376869666666667035e+04
4.645500000000000000e+03,9.015709999999999980e+01,2.508604999999999863e-01,5.400046999999999389e+04
4.655500000000000000e+03,9.015709999999999980e+01,2.506720999999999533e-01,5.423278999999999360e+04
4.665500000000000000e+03,9.015709999999999980e+01,2.505848999999999993e-01,5.446561333333332732e+04
4.675500000000000000e+03,9.015709999999999980e+01,2.504800999999999833e-01,5.469894333333333634e+04
4.685500000000000000e+03,9.015709999999999980e+01,2.508130999999999555e-01,5.493280000000000291e+04
4.695500000000000000e+03,9.015709999999999980e+01,2.508702999999999905e-01,5.516717000000000553e+04
4.705500000000000000e+03,9.015709999999999980e+01,2.506384000000000389e-01,5.540208666666666977e+04
4.715500000000000000e+03,9.015709999999999980e+01,2.505810999999999455e-01,5.563750666666666802e+04
4.725500000000000000e+03,9.015709999999999980e+01,2.509038000000000102e-01,5.587340333333333547e+04
4.735500000000000000e+03,9.015709999999999980e+01,2.506637999999999922e-01,5.610977666666665755e+04
4.745500000000000000e+03,9.015709999999999980e+01,2.504456999999999933e-01,5.634662999999999010e+04
4.755500000000000000e+03,9.015709999999999980e+01,2.507624000000000519e-01,5.658399000000000524e+04
4.765500000000000000e+03,9.015709999999999980e+01,2.508217999999999837e-01,5.682185666666666657e+04
4.775500000000000000e+03,9.015709999999999980e+01,2.505982999999999405e-01,5.706015666666666220e+04
4.785500000000000000e+03,9.015709999999999980e+01,2.504929999999999657e-01,5.729892999999999302e+04
4.795500000000000000e+03,9.015709999999999980e+01,2.508054999999999590e-01,5.753821333333333314e+04
4.805500000000000000e+03,9.015709999999999980e+01,2.506867000000000401e-01,5.777805000000000291e+04
4.815500000000000000e+03,9.015709999999999980e+01,2.507352999999999943e-01,5.801845999999999913e+04
4.825500000000000000e+03,9.015709999999999980e+01,2.508006999999999875e-01,5.825942333333333954e+04
4.835500000000000000e+03,9.015709999999999980e+01,2.506182999999999605e-01,5.850093000000000757e+04
4.845500000000000000e+03,9.015709999999999980e+01,2.507925000000000293e-01,5.874298666666667123e+04
4.855500000000000000e+03,9.015709999999999980e+01,2.508924000000000154e-01,5.898554666666666890e+04
4.865500000000000000e+03,9.015709999999999980e+01,2.508302999999999505e-01,5.922859666666665726e+04
4.875500000000000000e+03,9.015709999999999980e+01,2.506765999999999717e-01,5.947213999999999942e+04
4.885500000000000000e+03,9.015709999999999980e+01,2.504171000000000036e-01,5.971618333333332703e+04
4.895500000000000000e+03,9.015709999999999980e+01,2.509937000000000418e-01,5.996072333333334245e+04
4.905500000000000000e+03,9.015709999999999980e+01,2.508993999999999946e-01,6.020575333333333401e+04
4.915500000000000000e+03,9.015709999999999980e+01,2.507407000000000385e-01,6.045127666666667210e+04
4.925500000000000000e+03,9.015709999999999980e+01,2.507522000000000362e-01,6.069731333333333168e+04
4.935500000000000000e+03,9.015709999999999980e+01,2.504590999999999901e-01,6.094390999999999622e+04
4.945500000000000000e+03,9.015709999999999980e+01,2.507667000000000090e-01,6.119103666666666686e+04
4.955500000000000000e+03,9.015709999999999980e+01,2.510037000000000518e-01,6.143873000000000320e+04
4.965500000000000000e+03,9.015709999999999980e+01,2.507370999999999350e-01,6.168700000000000000e+04
4.975500000000000000e+03,9.015709999999999980e+01,2.506830999999999920e-01,6.193585333333333256e+04
4.985500000000000000e+03,9.015709999999999980e+01,2.504761999999999822e-01,6.218524666666665871e+04
4.995500000000000000e+03,9.015709999999999980e+01,2.504171000000000036e-01,6.243513333333332412e+04
