5.500000000000000000e+00,7.770856000000000563e+01,3.268625199999999609e+01,6.836242966666665477e-02
1.550000000000000000e+01,8.120714000000000965e+01,5.032932999999999879e+00,3.889358333333333140e-01
2.550000000000000000e+01,8.579999999999999716e+01,3.215565699999999971e+00,9.783453333333334001e-01
3.550000000000000000e+01,8.548572000000000060e+01,2.130395900000000342e+00,1.836730999999999892e+00
4.550000000000000000e+01,8.351713999999999771e+01,1.856777299999999853e+00,2.981513333333333016e+00
5.550000000000000000e+01,8.391143000000000995e+01,1.232822499999999932e+00,4.417666999999999788e+00
6.550000000000000000e+01,8.530569999999998743e+01,1.013500300000000021e+00,6.133389666666666074e+00
7.550000000000000000e+01,8.451142999999999006e+01,6.924438000000000537e-01,8.136070666666666895e+00
8.550000000000000000e+01,8.639142999999999972e+01,6.635793999999999304e-01,1.043461533333333513e+01
9.550000000000000000e+01,8.818143000000000598e+01,5.440859000000000112e-01,1.302100333333333460e+01
1.055000000000000000e+02,8.753430000000000177e+01,4.062788999999999429e-01,1.590754333333333115e+01
1.155000000000000000e+02,8.954143999999999437e+01,4.439536000000000593e-01,1.909162333333333450e+01
1.255000000000000000e+02,8.981712999999999170e+01,3.856802000000000286e-01,2.255957666666666483e+01
1.355000000000000000e+02,9.059427999999999770e+01,4.353526000000000340e-01,2.630715666666666763e+01
1.455000000000000000e+02,9.044571000000000538e+01,3.730115999999999987e-01,3.032719000000000165e+01
1.555000000000000000e+02,9.044713999999999032e+01,3.903573000000000182e-01,3.462548333333334227e+01
1.655000000000000000e+02,9.014286999999998784e+01,3.285607000000000388e-01,3.922285666666666515e+01
1.755000000000000000e+02,9.083859000000001060e+01,3.249893000000000365e-01,4.410841999999999530e+01
1.855000000000000000e+02,9.029856999999999800e+01,3.367518999999999929e-01,4.928078666666667118e+01
1.955000000000000000e+02,9.082428999999999064e+01,4.220940999999999721e-01,5.472947666666667743e+01
2.055000000000000000e+02,9.094712999999998715e+01,3.261336000000000235e-01,6.047316333333333205e+01
2.155000000000000000e+02,9.110857000000000028e+01,3.960116000000000192e-01,6.651847333333333268e+01
2.255000000000000000e+02,9.121714999999998952e+01,3.468847999999999376e-01,7.284885999999998774e+01
2.355000000000000000e+02,9.091713999999998919e+01,3.522659999999999680e-01,7.945624000000000819e+01
2.455000000000000000e+02,9.106712999999999170e+01,2.879584000000000588e-01,8.633480666666666536e+01
2.555000000000000000e+02,9.107142999999999233e+01,3.139989999999999726e-01,9.349407333333333270e+01
2.655000000000000000e+02,9.104571999999998866e+01,3.513067999999999746e-01,1.009321900000000198e+02
2.755000000000000000e+02,9.084999999999999432e+01,3.213552000000000075e-01,1.086671666666666596e+02
2.855000000000000000e+02,9.090569999999999595e+01,3.043189000000000588e-01,1.166908333333333303e+02
2.955000000000000000e+02,9.108714999999999407e+01,3.007002000000000841e-01,1.250082333333333224e+02
3.055000000000000000e+02,9.113285999999999376e+01,2.746658000000000155e-01,1.336314000000000135e+02
3.155000000000000000e+02,9.111001000000000261e+01,3.002799999999999914e-01,1.425687333333333413e+02
3.255000000000000000e+02,9.103569999999999141e+01,3.012780999999999376e-01,1.518067666666666469e+02
3.355000000000000000e+02,9.096285000000000309e+01,2.888904999999999945e-01,1.613178333333333399e+02
3.455000000000000000e+02,9.109714999999999918e+01,2.893565000000000165e-01,1.711043333333333294e+02
3.555000000000000000e+02,9.115142000000000166e+01,2.913856000000000224e-01,1.811696666666666431e+02
3.655000000000000000e+02,9.089427000000000589e+01,3.038053000000000003e-01,1.915074333333333527e+02
3.755000000000000000e+02,9.096569999999999823e+01,2.697624000000000133e-01,2.021208000000000027e+02
3.855000000000000000e+02,9.088285999999999376e+01,2.763814999999999467e-01,2.130069666666666421e+02
3.955000000000000000e+02,9.094714999999999350e+01,2.801558000000000104e-01,2.241708999999999889e+02
4.055000000000000000e+02,9.109284999999999854e+01,2.825769000000000197e-01,2.356120333333333292e+02
4.155000000000000000e+02,9.100141999999999598e+01,2.748742999999999603e-01,2.473265333333333160e+02
4.255000000000000000e+02,9.102284999999999116e+01,2.736074000000000006e-01,2.593145000000000095e+02
4.355000000000000000e+02,9.097571000000000652e+01,2.642334999999999545e-01,2.715762666666666973e+02
4.455000000000000000e+02,9.097427000000001840e+01,2.643115000000000325e-01,2.841215000000000259e+02
4.555000000000000000e+02,9.101570999999998435e+01,2.829305999999999210e-01,2.969547999999999774e+02
4.655000000000000000e+02,9.100285999999999831e+01,2.731539000000000050e-01,3.100687666666666473e+02
4.755000000000000000e+02,9.095714999999999861e+01,2.777319999999999789e-01,3.234641666666666424e+02
4.855000000000000000e+02,9.096429000000000542e+01,2.763565000000000049e-01,3.371312333333333413e+02
4.955000000000000000e+02,9.093715000000000259e+01,2.685860999999999943e-01,3.510661000000000627e+02
5.055000000000000000e+02,9.102430000000001087e+01,2.625361000000000500e-01,3.652706666666666706e+02
5.155000000000000000e+02,9.092571000000000936e+01,2.731864999999999988e-01,3.797541333333333000e+02
5.255000000000000000e+02,9.096571000000000140e+01,2.626384999999999970e-01,3.945232000000000312e+02
5.355000000000000000e+02,9.096998999999999569e+01,2.630232000000000125e-01,4.095657999999999674e+02
5.455000000000000000e+02,9.098286000000000229e+01,2.718307000000000362e-01,4.248824666666666303e+02
5.555000000000000000e+02,9.095856000000000563e+01,2.636805999999999872e-01,4.404723333333333244e+02
5.655000000000000000e+02,9.097427999999999315e+01,2.639154999999999696e-01,4.563324333333333698e+02
5.755000000000000000e+02,9.093000999999999578e+01,2.597071999999999714e-01,4.724653666666666822e+02
5.855000000000000000e+02,9.093429000000000428e+01,2.645081000000000238e-01,4.888998333333332766e+02
5.955000000000000000e+02,9.092428999999999917e+01,2.612045000000000061e-01,5.056132666666666182e+02
6.055000000000000000e+02,9.092999999999999261e+01,2.651274000000000131e-01,5.226121000000000549e+02
6.155000000000000000e+02,9.095426999999997975e+01,2.582753000000000410e-01,5.398919666666668036e+02
6.255000000000000000e+02,9.091713000000000022e+01,2.616215999999999542e-01,5.574501666666667461e+02
6.355000000000000000e+02,9.092143000000001507e+01,2.563339000000000034e-01,5.753052999999999884e+02
6.455000000000000000e+02,9.090572000000000230e+01,2.620993999999999824e-01,5.934904333333332715e+02
6.555000000000000000e+02,9.091857000000000255e+01,2.621681000000000150e-01,6.120170000000000528e+02
6.655000000000000000e+02,9.088998000000000843e+01,2.665804999999999980e-01,6.308290666666666766e+02
6.755000000000000000e+02,9.091427000000000191e+01,2.651847999999999983e-01,6.499194999999999709e+02
6.855000000000000000e+02,9.089857000000000653e+01,2.609236999999999806e-01,6.693019999999999072e+02
6.955000000000000000e+02,9.094570999999999117e+01,2.590781999999999807e-01,6.889867000000000417e+02
7.055000000000000000e+02,9.084143000000000256e+01,2.598513000000000073e-01,7.089666666666665833e+02
7.155000000000000000e+02,9.087714000000001136e+01,2.578021000000000340e-01,7.292469333333333452e+02
7.255000000000000000e+02,9.086571000000000708e+01,2.579673000000000105e-01,7.498218333333333021e+02
7.355000000000000000e+02,9.085428999999999178e+01,2.613077000000000316e-01,7.706713666666666995e+02
7.455000000000000000e+02,9.085712999999999795e+01,2.649865999999999611e-01,7.917938333333332821e+02
7.555000000000000000e+02,9.081428000000001077e+01,2.567825000000000246e-01,8.131892333333332772e+02
7.655000000000000000e+02,9.086143999999998755e+01,2.588405000000000289e-01,8.348553333333333057e+02
7.755000000000000000e+02,9.082141000000000020e+01,2.573734999999999773e-01,8.567968000000000757e+02
7.855000000000000000e+02,9.079140000000002431e+01,2.575014999999999943e-01,8.790275333333332810e+02
7.955000000000000000e+02,9.079999000000000819e+01,2.573575999999999642e-01,9.015546333333334132e+02
8.055000000000000000e+02,9.078142000000001133e+01,2.615356999999999821e-01,9.243762000000000398e+02
8.155000000000000000e+02,9.078144000000000347e+01,2.595029000000000363e-01,9.474941000000001168e+02
8.255000000000000000e+02,9.078998999999998887e+01,2.604715000000000225e-01,9.708941999999999553e+02
8.355000000000000000e+02,9.079428000000000054e+01,2.563464999999999772e-01,9.945943999999999505e+02
8.455000000000000000e+02,9.075142999999999915e+01,2.564313999999999760e-01,1.018593666666666650e+03
8.555000000000000000e+02,9.075143999999998812e+01,2.573027999999999982e-01,1.042873333333333449e+03
8.655000000000000000e+02,9.076000999999999408e+01,2.611713999999999980e-01,1.067438000000000102e+03
8.755000000000000000e+02,9.071142000000000394e+01,2.594226000000000587e-01,1.092282333333333327e+03
8.855000000000000000e+02,9.072571999999999548e+01,2.597538999999999820e-01,1.117402000000000044e+03
8.955000000000000000e+02,9.073143999999999210e+01,2.601341999999999821e-01,1.142792333333333318e+03
9.055000000000000000e+02,9.071855999999999653e+01,2.574865000000000070e-01,1.168455999999999904e+03
9.155000000000000000e+02,9.069572999999999752e+01,2.569134999999999613e-01,1.194394000000000005e+03
9.255000000000000000e+02,9.071000000000000796e+01,2.553092000000000139e-01,1.220625333333333174e+03
9.355000000000000000e+02,9.069142999999999688e+01,2.603389999999999871e-01,1.247190333333333228e+03
9.455000000000000000e+02,9.069143999999998584e+01,2.567768000000000272e-01,1.274076333333333423e+03
9.555000000000000000e+02,9.069001000000000090e+01,2.605790999999999524e-01,1.301280333333333374e+03
9.655000000000000000e+02,9.070571999999999946e+01,2.579366000000000714e-01,1.328811000000000149e+03
9.755000000000000000e+02,9.068426999999999794e+01,2.574609000000000480e-01,1.356666666666666515e+03
9.855000000000000000e+02,9.065570999999999913e+01,2.605427000000000159e-01,1.384843666666666650e+03
9.955000000000000000e+02,9.064144000000001711e+01,2.619744999999999990e-01,1.413345666666666602e+03
1.005500000000000000e+03,9.067143000000001507e+01,2.562888999999999862e-01,1.442171666666666624e+03
1.015500000000000000e+03,9.063571999999999207e+01,2.566743999999999692e-01,1.471308666666666568e+03
1.025500000000000000e+03,9.065714999999997303e+01,2.584700000000000331e-01,1.500754333333333307e+03
1.035500000000000000e+03,9.063000999999999863e+01,2.570110999999999923e-01,1.530514333333333298e+03
1.045500000000000000e+03,9.061856000000000222e+01,2.570476000000000427e-01,1.560578666666666777e+03
1.055500000000000000e+03,9.062145000000001005e+01,2.581057999999999963e-01,1.590949666666666644e+03
1.065500000000000000e+03,9.060714000000000112e+01,2.562515999999999683e-01,1.621629666666666708e+03
1.075500000000000000e+03,9.056570999999999572e+01,2.574336999999999875e-01,1.652625000000000000e+03
1.085500000000000000e+03,9.058999999999998920e+01,2.582057000000000380e-01,1.683908000000000129e+03
1.095500000000000000e+03,9.059572000000000003e+01,2.574818999999999858e-01,1.715480666666666821e+03
1.105500000000000000e+03,9.059999999999999432e+01,2.588305999999999663e-01,1.747363000000000056e+03
1.115500000000000000e+03,9.055715999999999610e+01,2.571809999999999929e-01,1.779545333333333019e+03
1.125500000000000000e+03,9.055001000000001454e+01,2.583437000000000650e-01,1.812034666666666908e+03
1.135500000000000000e+03,9.053857000000000710e+01,2.560798000000000241e-01,1.844820333333333110e+03
1.145500000000000000e+03,9.053571999999999775e+01,2.569478000000000040e-01,1.877878666666666732e+03
1.155500000000000000e+03,9.053426999999999225e+01,2.561216000000000603e-01,1.911201666666667052e+03
1.165500000000000000e+03,9.051998999999999285e+01,2.577345999999999804e-01,1.944801333333333559e+03
1.175500000000000000e+03,9.049998999999999683e+01,2.576091999999999826e-01,1.978677999999999884e+03
1.185500000000000000e+03,9.050427999999999429e+01,2.556531999999999694e-01,2.012824333333333243e+03
1.195500000000000000e+03,9.049856000000001188e+01,2.571652999999999856e-01,2.047245333333333065e+03
1.205500000000000000e+03,9.048855999999999256e+01,2.562240999999999547e-01,2.081976999999999862e+03
1.215500000000000000e+03,9.049714000000000169e+01,2.552333999999999992e-01,2.117000999999999749e+03
1.225500000000000000e+03,9.049569999999999936e+01,2.551474999999999715e-01,2.152299999999999727e+03
1.235500000000000000e+03,9.047285999999999717e+01,2.551642999999999550e-01,2.187867666666666537e+03
1.245500000000000000e+03,9.047569999999998913e+01,2.581407999999999481e-01,2.223706000000000131e+03
1.255500000000000000e+03,9.047142000000000905e+01,2.549725999999999937e-01,2.259822333333333518e+03
1.265500000000000000e+03,9.046854999999999336e+01,2.564456999999999987e-01,2.296234333333333325e+03
1.275500000000000000e+03,9.045140999999999565e+01,2.563410000000000410e-01,2.332932666666667046e+03
1.285500000000000000e+03,9.045856999999998038e+01,2.553804000000000074e-01,2.369902000000000498e+03
1.295500000000000000e+03,9.046143000000000711e+01,2.548351999999999840e-01,2.407142666666666628e+03
1.305500000000000000e+03,9.046998999999999569e+01,2.545476999999999324e-01,2.444665333333333365e+03
1.315500000000000000e+03,9.044857000000000369e+01,2.549557999999999547e-01,2.482468333333333248e+03
1.325500000000000000e+03,9.044428999999999519e+01,2.553609000000000018e-01,2.520550000000000182e+03
1.335500000000000000e+03,9.044145000000000323e+01,2.542774999999999896e-01,2.558907666666666955e+03
1.345500000000000000e+03,9.044427999999999201e+01,2.564358999999999389e-01,2.597548666666666577e+03
1.355500000000000000e+03,9.043000999999999578e+01,2.547951999999999995e-01,2.636487000000000080e+03
1.365500000000000000e+03,9.043144999999999811e+01,2.560421999999999976e-01,2.675722333333333154e+03
1.375500000000000000e+03,9.041858999999999469e+01,2.546138999999999486e-01,2.715260333333332710e+03
1.385500000000000000e+03,9.042431000000000552e+01,2.539478999999999487e-01,2.755097333333333609e+03
1.395500000000000000e+03,9.042286999999998898e+01,2.554822999999999400e-01,2.795220666666666602e+03
1.405500000000000000e+03,9.041572000000000742e+01,2.546044000000000085e-01,2.835618999999999687e+03
1.415500000000000000e+03,9.041287000000001228e+01,2.561036999999999897e-01,2.876311000000000149e+03
1.425500000000000000e+03,9.041286999999999807e+01,2.527750999999999748e-01,2.917302666666666482e+03
1.435500000000000000e+03,9.041143999999999892e+01,2.549615000000000076e-01,2.958569333333333361e+03
1.445500000000000000e+03,9.042145000000000721e+01,2.550088000000000354e-01,3.000131333333333259e+03
1.455500000000000000e+03,9.039999999999999147e+01,2.546904999999999863e-01,3.042008333333333212e+03
1.465500000000000000e+03,9.039284999999999570e+01,2.525311000000000083e-01,3.084187666666666701e+03
1.475500000000000000e+03,9.038856000000001245e+01,2.541814000000000018e-01,3.126676666666666279e+03
1.485500000000000000e+03,9.037998000000000332e+01,2.527801999999999549e-01,3.169481666666666115e+03
1.495500000000000000e+03,9.038570000000001414e+01,2.537836999999999454e-01,3.212616999999999280e+03
1.505500000000000000e+03,9.038569999999999993e+01,2.550811000000000051e-01,3.256075333333333674e+03
1.515500000000000000e+03,9.040286000000000399e+01,2.554763999999999924e-01,3.299843333333333248e+03
1.525500000000000000e+03,9.039570999999999401e+01,2.539839000000000402e-01,3.343931999999999789e+03
1.535500000000000000e+03,9.038998999999999739e+01,2.520664000000000238e-01,3.388344333333333452e+03
1.545500000000000000e+03,9.038998999999999739e+01,2.539626999999999857e-01,3.433073666666667123e+03
1.555500000000000000e+03,9.039142000000001076e+01,2.520706999999999809e-01,3.478116333333332932e+03
1.565500000000000000e+03,9.038998999999998318e+01,2.522570999999999564e-01,3.523488333333333230e+03
1.575500000000000000e+03,9.038855999999999824e+01,2.515763999999999778e-01,3.569176666666666279e+03
1.585500000000000000e+03,9.038999000000001161e+01,2.518823000000000034e-01,3.615177000000000589e+03
1.595500000000000000e+03,9.039571000000000822e+01,2.522408999999999901e-01,3.661495333333333292e+03
1.605500000000000000e+03,9.037282999999999333e+01,2.518289000000000222e-01,3.708152999999999338e+03
1.615500000000000000e+03,9.037854999999998995e+01,2.519712000000000063e-01,3.755147666666666282e+03
1.625500000000000000e+03,9.037854999999998995e+01,2.522590999999999584e-01,3.802465666666666948e+03
1.635500000000000000e+03,9.037855000000000416e+01,2.529506000000000254e-01,3.850100666666666712e+03
1.645500000000000000e+03,9.037569000000000585e+01,2.514489000000000307e-01,3.898034333333333961e+03
1.655500000000000000e+03,9.037282999999999333e+01,2.516809000000000407e-01,3.946253333333333103e+03
1.665500000000000000e+03,9.036853999999998166e+01,2.514228000000000018e-01,3.994771666666666079e+03
1.675500000000000000e+03,9.037569000000000585e+01,2.517960000000000198e-01,4.043615333333333638e+03
1.685500000000000000e+03,9.036996999999999503e+01,2.523250000000000215e-01,4.092782333333333554e+03
1.695500000000000000e+03,9.037139999999999418e+01,2.515692000000000483e-01,4.142233999999999469e+03
1.705500000000000000e+03,9.037140999999999735e+01,2.511421999999999821e-01,4.191959666666666635e+03
1.715500000000000000e+03,9.036713000000000306e+01,2.510606000000000226e-01,4.241968999999999141e+03
1.725500000000000000e+03,9.035996000000000095e+01,2.520567000000000224e-01,4.292279000000000451e+03
1.735500000000000000e+03,9.036426999999999055e+01,2.524206999999999979e-01,4.342869333333333088e+03
1.745500000000000000e+03,9.035999999999998522e+01,2.512159999999999949e-01,4.393740333333333183e+03
1.755500000000000000e+03,9.036140000000000327e+01,2.511825999999999781e-01,4.444900666666666439e+03
1.765500000000000000e+03,9.035998999999999626e+01,2.504441000000000583e-01,4.496340000000000146e+03
1.775500000000000000e+03,9.035571999999999093e+01,2.511307999999999874e-01,4.548063666666666904e+03
1.785500000000000000e+03,9.035141999999999030e+01,2.501471000000000111e-01,4.600067333333334318e+03
1.795500000000000000e+03,9.034999999999999432e+01,2.504990000000000272e-01,4.652349000000000160e+03
1.805500000000000000e+03,9.035142999999999347e+01,2.520373999999999670e-01,4.704907333333333554e+03
1.815500000000000000e+03,9.034857999999999834e+01,2.519809000000000077e-01,4.757746000000001004e+03
1.825500000000000000e+03,9.033715999999999724e+01,2.510306000000000481e-01,4.810875000000000000e+03
1.835500000000000000e+03,9.034714999999998497e+01,2.509308000000000094e-01,4.864283000000000357e+03
1.845500000000000000e+03,9.034287999999999386e+01,2.511590000000000211e-01,4.917960666666667748e+03
1.855500000000000000e+03,9.034144999999998049e+01,2.513181999999999361e-01,4.971911666666666861e+03
1.865500000000000000e+03,9.033574000000001547e+01,2.505147999999999819e-01,5.026128333333333103e+03
1.875500000000000000e+03,9.033858000000000743e+01,2.508511999999999964e-01,5.080620000000000800e+03
1.885500000000000000e+03,9.033573999999998705e+01,2.506642000000000037e-01,5.135390666666667130e+03
1.895500000000000000e+03,9.033717000000000041e+01,2.501769999999999827e-01,5.190433999999999287e+03
1.905500000000000000e+03,9.034002999999998451e+01,2.513532000000000544e-01,5.245754333333333307e+03
1.915500000000000000e+03,9.033003000000000782e+01,2.508597999999999661e-01,5.301364333333332979e+03
1.925500000000000000e+03,9.033288999999999191e+01,2.501373000000000624e-01,5.357280999999999949e+03
1.935500000000000000e+03,9.033288000000000295e+01,2.507521000000000333e-01,5.413492333333332681e+03
1.945500000000000000e+03,9.033145999999999276e+01,2.501506999999999481e-01,5.470002999999999702e+03
1.955500000000000000e+03,9.033145999999999276e+01,2.508034999999999570e-01,5.526804333333332579e+03
1.965500000000000000e+03,9.033288999999999191e+01,2.508393000000000428e-01,5.583918999999999869e+03
1.975500000000000000e+03,9.033003000000000782e+01,2.505446999999999536e-01,5.641349666666666963e+03
1.985500000000000000e+03,9.032860000000000866e+01,2.506261000000000183e-01,5.699087000000000444e+03
1.995500000000000000e+03,9.033003000000000782e+01,2.505560000000000009e-01,5.757112333333333481e+03
2.005500000000000000e+03,9.032860000000000866e+01,2.506089000000000233e-01,5.815403333333333649e+03
2.015500000000000000e+03,9.032716999999999530e+01,2.504080999999999668e-01,5.873961666666666133e+03
2.025500000000000000e+03,9.032860000000000866e+01,2.503773000000000248e-01,5.932792333333332863e+03
2.035500000000000000e+03,9.032430999999999699e+01,2.511094000000000381e-01,5.991900999999999840e+03
2.045500000000000000e+03,9.032716999999999530e+01,2.505986000000000047e-01,6.051286333333332550e+03
2.055500000000000000e+03,9.032860000000000866e+01,2.506528000000000089e-01,6.110950333333334129e+03
2.065500000000000000e+03,9.032860000000000866e+01,2.508203000000000515e-01,6.170904999999999745e+03
2.075500000000000000e+03,9.032431000000001120e+01,2.506469000000000058e-01,6.231167666666667174e+03
2.085500000000000000e+03,9.032716999999999530e+01,2.500567999999999680e-01,6.291726000000000568e+03
2.095500000000000000e+03,9.032288000000001205e+01,2.502878000000000047e-01,6.352583000000000538e+03
2.105500000000000000e+03,9.031716000000000122e+01,2.502335000000000531e-01,6.413742666666666992e+03
2.115500000000000000e+03,9.032001999999999953e+01,2.508653000000000133e-01,6.475211333333332732e+03
2.125500000000000000e+03,9.032144999999999868e+01,2.506359999999999699e-01,6.536977333333334172e+03
2.135500000000000000e+03,9.032144999999999868e+01,2.504790000000000072e-01,6.599014999999999418e+03
2.145500000000000000e+03,9.032430999999999699e+01,2.506971999999999534e-01,6.661324000000000524e+03
2.155500000000000000e+03,9.031859000000000037e+01,2.510960999999999887e-01,6.723920999999999367e+03
2.165500000000000000e+03,9.030571999999999377e+01,2.503699000000000341e-01,6.786798999999999069e+03
2.175500000000000000e+03,9.032288000000001205e+01,2.506530000000000147e-01,6.849962666666666337e+03
2.185500000000000000e+03,9.031430000000000291e+01,2.502844000000000180e-01,6.913429000000000997e+03
2.195500000000000000e+03,9.031859000000000037e+01,2.502437999999999607e-01,6.977208333333333030e+03
2.205500000000000000e+03,9.032144999999999868e+01,2.506492999999999638e-01,7.041298999999999069e+03
2.215500000000000000e+03,9.031000999999999124e+01,2.506629999999999692e-01,7.105700333333334129e+03
2.225500000000000000e+03,9.031859000000001458e+01,2.502445999999999837e-01,7.170406666666666752e+03
2.235500000000000000e+03,9.030285999999999547e+01,2.504332000000000225e-01,7.235387333333334027e+03
2.245500000000000000e+03,9.031715999999998701e+01,2.504899999999999904e-01,7.300640666666668039e+03
2.255500000000000000e+03,9.030715000000000714e+01,2.503056999999999643e-01,7.366178333333334194e+03
2.265500000000000000e+03,9.031144000000001881e+01,2.506155999999999939e-01,7.431988666666666177e+03
2.275500000000000000e+03,9.031001000000000545e+01,2.503879000000000521e-01,7.498069333333332906e+03
2.285500000000000000e+03,9.029428000000000054e+01,2.502440000000000220e-01,7.564422333333332972e+03
2.295500000000000000e+03,9.031287000000000376e+01,2.504052999999999973e-01,7.631061999999999898e+03
2.305500000000000000e+03,9.031716000000001543e+01,2.509808999999999513e-01,7.698001333333331786e+03
2.315500000000000000e+03,9.029857000000001221e+01,2.502984000000000320e-01,7.765222333333334063e+03
2.325500000000000000e+03,9.031287000000000376e+01,2.505838999999999706e-01,7.832743333333333794e+03
2.335500000000000000e+03,9.029999999999999716e+01,2.509039999999999604e-01,7.900558999999999287e+03
2.345500000000000000e+03,9.030285999999998126e+01,2.504658000000000162e-01,7.968666000000000167e+03
2.355500000000000000e+03,9.030715000000000714e+01,2.507636999999999783e-01,8.037077666666667028e+03
2.365500000000000000e+03,9.030858000000002050e+01,2.509162999999999810e-01,8.105805666666667094e+03
2.375500000000000000e+03,9.031001000000000545e+01,2.506778000000000617e-01,8.174840666666667857e+03
2.385500000000000000e+03,9.029142000000000223e+01,2.511476999999999737e-01,8.244165666666667676e+03
2.395500000000000000e+03,9.030285999999999547e+01,2.507366999999999790e-01,8.313783666666666250e+03
2.405500000000000000e+03,9.029285000000001560e+01,2.512515000000000720e-01,8.383801999999999680e+03
2.415500000000000000e+03,9.030572000000002220e+01,2.509726999999999930e-01,8.454140333333334638e+03
2.425500000000000000e+03,9.030142999999999631e+01,2.508682999999999330e-01,8.524760000000000218e+03
2.435500000000000000e+03,9.028427000000002067e+01,2.506704000000000154e-01,8.595661666666666861e+03
2.445500000000000000e+03,9.030143000000001052e+01,2.503869999999999707e-01,8.666861999999999171e+03
2.455500000000000000e+03,9.028284000000000731e+01,2.506320000000000214e-01,8.738346666666666351e+03
2.465500000000000000e+03,9.029856999999999800e+01,2.512758999999999965e-01,8.810113333333334594e+03
2.475500000000000000e+03,9.029428000000001475e+01,2.506767999999999774e-01,8.882178333333333285e+03
2.485500000000000000e+03,9.028283999999999310e+01,2.509693000000000063e-01,8.954528000000000247e+03
2.495500000000000000e+03,9.028427999999999543e+01,2.510029999999999761e-01,9.027160666666666657e+03
2.505500000000000000e+03,9.026570999999999856e+01,2.511466000000000531e-01,9.100088333333333139e+03
2.515500000000000000e+03,9.026428000000001362e+01,2.510111999999999899e-01,9.173295333333331655e+03
2.525500000000000000e+03,9.026282999999999390e+01,2.507901000000000158e-01,9.246774999999997817e+03
2.535500000000000000e+03,9.026712000000000558e+01,2.506625000000000658e-01,9.320529333333333852e+03
2.545500000000000000e+03,9.027711999999999648e+01,2.508356999999999393e-01,9.394558666666667705e+03
2.555500000000000000e+03,9.027997999999999479e+01,2.508394999999999930e-01,9.468864666666668199e+03
2.565500000000000000e+03,9.026426000000000727e+01,2.510751999999999984e-01,9.543468333333332339e+03
2.575500000000000000e+03,9.025712000000000046e+01,2.510291000000000050e-01,9.618354666666666162e+03
2.585500000000000000e+03,9.026713000000000875e+01,2.509533000000000458e-01,9.693525666666664620e+03
2.595500000000000000e+03,9.024859000000000719e+01,2.510538999999999965e-01,9.768981000000001586e+03
2.605500000000000000e+03,9.025572000000001083e+01,2.508545999999999276e-01,9.844714333333333343e+03
2.615500000000000000e+03,9.025287000000000148e+01,2.508229000000000153e-01,9.920721333333332950e+03
2.625500000000000000e+03,9.025430000000000064e+01,2.511861000000000232e-01,9.997022333333332426e+03
2.635500000000000000e+03,9.025141999999999598e+01,2.512452000000000019e-01,1.007362466666666660e+04
2.645500000000000000e+03,9.026426999999999623e+01,2.508449000000000373e-01,1.015053333333333285e+04
2.655500000000000000e+03,9.024571999999999150e+01,2.507816999999999963e-01,1.022772333333333336e+04
2.665500000000000000e+03,9.025143999999998812e+01,2.510697000000000068e-01,1.030520999999999913e+04
2.675500000000000000e+03,9.024857999999998981e+01,2.512077999999999811e-01,1.038297333333333154e+04
2.685500000000000000e+03,9.023860999999999422e+01,2.508160000000000389e-01,1.046103999999999905e+04
2.695500000000000000e+03,9.024857999999998981e+01,2.513161000000000422e-01,1.053939000000000124e+04
2.705500000000000000e+03,9.024573000000000889e+01,2.512811999999999824e-01,1.061803333333333285e+04
2.715500000000000000e+03,9.023714999999998554e+01,2.511547000000000085e-01,1.069698999999999978e+04
2.725500000000000000e+03,9.024000999999999806e+01,2.511736000000000524e-01,1.077627333333333445e+04
2.735500000000000000e+03,9.024429000000000656e+01,2.513524000000000869e-01,1.085586333333333278e+04
2.745500000000000000e+03,9.024145999999998935e+01,2.516078999999999954e-01,1.093574333333333379e+04
2.755500000000000000e+03,9.024146000000000356e+01,2.511721999999999566e-01,1.101591999999999825e+04
2.765500000000000000e+03,9.024430000000000973e+01,2.511501999999999901e-01,1.109637333333333299e+04
2.775500000000000000e+03,9.023715999999998871e+01,2.509835999999999734e-01,1.117713000000000102e+04
2.785500000000000000e+03,9.023717999999999506e+01,2.511915999999999594e-01,1.125814666666666562e+04
2.795500000000000000e+03,9.023857999999999890e+01,2.510402999999999940e-01,1.133945000000000073e+04
2.805500000000000000e+03,9.023288999999999760e+01,2.509974999999999845e-01,1.142103333333333285e+04
2.815500000000000000e+03,9.023717999999999506e+01,2.508138999999999785e-01,1.150289666666666744e+04
2.825500000000000000e+03,9.024145000000000039e+01,2.510118000000000071e-01,1.158502000000000044e+04
2.835500000000000000e+03,9.023144999999999527e+01,2.508388999999999758e-01,1.166742666666666810e+04
2.845500000000000000e+03,9.023715999999998871e+01,2.508563000000000320e-01,1.175010333333333256e+04
2.855500000000000000e+03,9.022717000000000098e+01,2.510442999999999425e-01,1.183304000000000087e+04
2.865500000000000000e+03,9.022860000000000014e+01,2.508544000000000329e-01,1.191623999999999978e+04
2.875500000000000000e+03,9.022287999999998931e+01,2.508413999999999922e-01,1.199971333333333314e+04
2.885500000000000000e+03,9.022574000000000183e+01,2.509891999999999679e-01,1.208346333333333314e+04
2.895500000000000000e+03,9.023002999999999929e+01,2.509107999999999894e-01,1.216751333333333423e+04
2.905500000000000000e+03,9.022430999999998846e+01,2.507871999999999879e-01,1.225185666666666475e+04
2.915500000000000000e+03,9.022431000000000267e+01,2.509905000000000053e-01,1.233647666666666555e+04
2.925500000000000000e+03,9.022144999999999015e+01,2.507784000000000679e-01,1.242140666666666584e+04
2.935500000000000000e+03,9.022430999999998846e+01,2.509750000000000036e-01,1.250660000000000036e+04
2.945500000000000000e+03,9.022288000000000352e+01,2.507722999999999480e-01,1.259209666666666817e+04
2.955500000000000000e+03,9.022288000000000352e+01,2.508521000000000223e-01,1.267792666666666810e+04
2.965500000000000000e+03,9.021858999999999185e+01,2.510203999999999769e-01,1.276406999999999971e+04
2.975500000000000000e+03,9.022145000000000437e+01,2.507776999999999923e-01,1.285054000000000087e+04
2.985500000000000000e+03,9.021716000000000690e+01,2.509785999999999961e-01,1.293731333333333532e+04
2.995500000000000000e+03,9.022144999999997594e+01,2.508512999999999993e-01,1.302439333333333343e+04
3.005500000000000000e+03,9.021000999999999692e+01,2.508075000000000165e-01,1.311179333333333125e+04
3.015500000000000000e+03,9.021716000000000690e+01,2.507701999999999432e-01,1.319950000000000000e+04
3.025500000000000000e+03,9.021572999999999354e+01,2.509051999999999949e-01,1.328752666666666664e+04
3.035500000000000000e+03,9.021572999999997933e+01,2.508674999999999655e-01,1.337579999999999927e+04
3.045500000000000000e+03,9.021429999999999438e+01,2.506424000000000429e-01,1.346437999999999920e+04
3.055500000000000000e+03,9.021286999999999523e+01,2.507839999999999514e-01,1.355321333333333314e+04
3.065500000000000000e+03,9.021858999999999185e+01,2.506420000000000314e-01,1.364231000000000131e+04
3.075500000000000000e+03,9.021143999999999608e+01,2.507584999999999953e-01,1.373171000000000095e+04
3.085500000000000000e+03,9.021144000000001029e+01,2.507639000000000395e-01,1.382139999999999964e+04
3.095500000000000000e+03,9.020572000000001367e+01,2.505249999999999977e-01,1.391139999999999964e+04
3.105500000000000000e+03,9.021000999999998271e+01,2.506966999999999390e-01,1.400170333333333292e+04
3.115500000000000000e+03,9.020858000000001198e+01,2.506131000000000331e-01,1.409226333333333241e+04
3.125500000000000000e+03,9.021144000000001029e+01,2.506680000000000019e-01,1.418312333333333299e+04
3.135500000000000000e+03,9.020714999999999861e+01,2.506334999999999535e-01,1.427423333333333358e+04
3.145500000000000000e+03,9.020429000000000030e+01,2.506922999999999790e-01,1.436562666666666701e+04
3.155500000000000000e+03,9.020286000000000115e+01,2.505086000000000257e-01,1.445727999999999884e+04
3.165500000000000000e+03,9.020714999999999861e+01,2.507597000000000298e-01,1.454921333333333314e+04
3.175500000000000000e+03,9.020429000000001452e+01,2.505411000000000166e-01,1.464141666666666788e+04
3.185500000000000000e+03,9.020429000000001452e+01,2.505557999999999952e-01,1.473391000000000349e+04
3.195500000000000000e+03,9.020286000000001536e+01,2.505894999999999095e-01,1.482668666666666650e+04
3.205500000000000000e+03,9.020429000000001452e+01,2.505277000000000198e-01,1.491976000000000022e+04
3.215500000000000000e+03,9.020429000000001452e+01,2.506632000000000304e-01,1.501312000000000080e+04
3.225500000000000000e+03,9.020000000000001705e+01,2.505047000000000246e-01,1.510676333333333241e+04
3.235500000000000000e+03,9.020000000000001705e+01,2.505653999999999937e-01,1.520069333333333452e+04
3.245500000000000000e+03,9.020000000000001705e+01,2.506354000000000082e-01,1.529492999999999847e+04
3.255500000000000000e+03,9.020000000000001705e+01,2.505650000000000377e-01,1.538947333333333336e+04
3.265500000000000000e+03,9.020000000000001705e+01,2.504141999999999757e-01,1.548431333333332987e+04
3.275500000000000000e+03,9.020000000000001705e+01,2.505062000000000122e-01,1.557942666666666628e+04
3.285500000000000000e+03,9.020000000000001705e+01,2.506459999999999799e-01,1.567480333333333328e+04
3.295500000000000000e+03,9.020000000000001705e+01,2.505789999999999962e-01,1.577046333333333314e+04
3.305500000000000000e+03,9.020000000000001705e+01,2.504178000000000237e-01,1.586640666666666584e+04
3.315500000000000000e+03,9.020000000000001705e+01,2.502377000000000073e-01,1.596264333333333525e+04
3.325500000000000000e+03,9.020000000000001705e+01,2.503781999999999952e-01,1.605917666666666992e+04
3.335500000000000000e+03,9.020000000000001705e+01,2.504269000000000078e-01,1.615602666666666846e+04
3.345500000000000000e+03,9.020000000000001705e+01,2.502157999999999882e-01,1.625318999999999869e+04
3.355500000000000000e+03,9.020000000000001705e+01,2.503612000000000060e-01,1.635063666666666722e+04
3.365500000000000000e+03,9.019714000000001874e+01,2.504060000000000175e-01,1.644834999999999854e+04
3.375500000000000000e+03,9.020000000000001705e+01,2.504175999999999624e-01,1.654636000000000058e+04
3.385500000000000000e+03,9.020000000000001705e+01,2.502849000000000323e-01,1.664466999999999825e+04
3.395500000000000000e+03,9.020000000000001705e+01,2.502015000000000211e-01,1.674325666666666802e+04
3.405500000000000000e+03,9.020000000000001705e+01,2.504746999999999946e-01,1.684212666666666701e+04
3.415500000000000000e+03,9.020000000000001705e+01,2.503924999999999623e-01,1.694130666666666366e+04
3.425500000000000000e+03,9.020000000000001705e+01,2.504927999999999599e-01,1.704080333333333328e+04
3.435500000000000000e+03,9.020000000000001705e+01,2.506163000000000141e-01,1.714059000000000378e+04
3.445500000000000000e+03,9.020000000000001705e+01,2.505783000000000316e-01,1.724065999999999622e+04
3.455500000000000000e+03,9.019857000000001790e+01,2.505758000000000152e-01,1.734100666666666439e+04
3.465500000000000000e+03,9.019857000000001790e+01,2.505582999999999561e-01,1.744166666666666424e+04
3.475500000000000000e+03,9.020000000000001705e+01,2.505479000000000456e-01,1.754262000000000262e+04
3.485500000000000000e+03,9.019571000000000538e+01,2.504763999999999879e-01,1.764383666666666613e+04
3.495500000000000000e+03,9.019857000000000369e+01,2.503623999999999294e-01,1.774536333333333459e+04
3.505500000000000000e+03,9.020000000000001705e+01,2.503089999999999482e-01,1.784718000000000029e+04
3.515500000000000000e+03,9.019857000000001790e+01,2.504757999999999707e-01,1.794931333333333168e+04
3.525500000000000000e+03,9.019857000000000369e+01,2.504707999999999934e-01,1.805173333333332994e+04
3.535500000000000000e+03,9.019714000000001874e+01,2.503896999999999373e-01,1.815444666666666672e+04
3.545500000000000000e+03,9.020000000000001705e+01,2.505668999999999813e-01,1.825749333333333198e+04
3.555500000000000000e+03,9.019714000000001874e+01,2.503195999999999755e-01,1.836084666666666817e+04
3.565500000000000000e+03,9.019857000000000369e+01,2.503817000000000403e-01,1.846451000000000204e+04
3.575500000000000000e+03,9.019714000000001874e+01,2.502999000000000196e-01,1.856844666666666308e+04
3.585500000000000000e+03,9.020000000000001705e+01,2.504281999999999897e-01,1.867265666666666948e+04
3.595500000000000000e+03,9.019571000000000538e+01,2.503045000000000408e-01,1.877713333333333139e+04
3.605500000000000000e+03,9.019714000000001874e+01,2.504217000000000248e-01,1.888189666666666744e+04
3.615500000000000000e+03,9.019428000000000623e+01,2.504638999999999061e-01,1.898693999999999869e+04
3.625500000000000000e+03,9.019428000000000623e+01,2.504305000000000003e-01,1.909223333333333358e+04
3.635500000000000000e+03,9.019857000000001790e+01,2.503861000000000003e-01,1.919781999999999971e+04
3.645500000000000000e+03,9.019285000000000707e+01,2.504262000000000432e-01,1.930369333333333270e+04
3.655500000000000000e+03,9.019714000000001874e+01,2.504686999999999886e-01,1.940982999999999447e+04
3.665500000000000000e+03,9.019714000000001874e+01,2.504304999999999448e-01,1.951624333333333561e+04
3.675500000000000000e+03,9.019428000000000623e+01,2.503490999999999911e-01,1.962294333333333270e+04
3.685500000000000000e+03,9.019428000000000623e+01,2.503664999999999918e-01,1.972994000000000233e+04
3.695500000000000000e+03,9.019141999999999371e+01,2.503241000000000493e-01,1.983722666666666555e+04
3.705500000000000000e+03,9.019428000000000623e+01,2.504918999999999896e-01,1.994482666666666773e+04
3.715500000000000000e+03,9.019142000000000792e+01,2.504307999999999534e-01,2.005272333333333518e+04
3.725500000000000000e+03,9.018569999999999709e+01,2.506055999999999839e-01,2.016094333333333270e+04
3.735500000000000000e+03,9.019284999999999286e+01,2.504506000000000232e-01,2.026945333333333110e+04
3.745500000000000000e+03,9.019428000000000623e+01,2.504334999999999756e-01,2.037828666666666322e+04
3.755500000000000000e+03,9.017855000000000132e+01,2.503620000000000290e-01,2.048740000000000146e+04
3.765500000000000000e+03,9.019571000000000538e+01,2.503560999999999703e-01,2.059680666666666366e+04
3.775500000000000000e+03,9.018569999999999709e+01,2.505313999999999597e-01,2.070647333333333154e+04
3.785500000000000000e+03,9.017426000000000386e+01,2.505404999999999993e-01,2.081641666666666788e+04
3.795500000000000000e+03,9.018140999999999963e+01,2.506034000000000317e-01,2.092665333333333547e+04
3.805500000000000000e+03,9.018856000000000961e+01,2.506125000000000158e-01,2.103715999999999985e+04
3.815500000000000000e+03,9.018569999999999709e+01,2.502373999999999987e-01,2.114795000000000073e+04
3.825500000000000000e+03,9.018284000000001299e+01,2.504955999999999849e-01,2.125900999999999840e+04
3.835500000000000000e+03,9.017998000000000047e+01,2.504668999999999923e-01,2.137034666666666453e+04
3.845500000000000000e+03,9.018712999999999624e+01,2.506395000000000151e-01,2.148197666666666555e+04
3.855500000000000000e+03,9.017569000000000301e+01,2.505084000000000755e-01,2.159390333333333183e+04
3.865500000000000000e+03,9.018283999999999878e+01,2.505104000000000219e-01,2.170611666666666861e+04
3.875500000000000000e+03,9.018426999999999794e+01,2.504775000000000196e-01,2.181861666666666497e+04
3.885500000000000000e+03,9.017711999999998795e+01,2.504684999999999828e-01,2.193139333333333343e+04
3.895500000000000000e+03,9.017712000000000216e+01,2.505226000000000397e-01,2.204445666666666875e+04
3.905500000000000000e+03,9.017569000000000301e+01,2.504840999999999873e-01,2.215779000000000087e+04
3.915500000000000000e+03,9.017426000000000386e+01,2.506951000000000040e-01,2.227142333333333227e+04
3.925500000000000000e+03,9.017426000000000386e+01,2.505905999999999967e-01,2.238532999999999811e+04
3.935500000000000000e+03,9.017140000000000555e+01,2.504610999999999921e-01,2.249951666666667006e+04
3.945500000000000000e+03,9.017139999999999134e+01,2.506117999999999957e-01,2.261401000000000204e+04
3.955500000000000000e+03,9.017139999999999134e+01,2.506017999999999857e-01,2.272878000000000247e+04
3.965500000000000000e+03,9.017140000000000555e+01,2.505772999999999473e-01,2.284381333333333532e+04
3.975500000000000000e+03,9.017569000000000301e+01,2.506535999999999764e-01,2.295915333333333183e+04
3.985500000000000000e+03,9.016997000000000639e+01,2.505504000000000064e-01,2.307476000000000204e+04
3.995500000000000000e+03,9.017283000000000470e+01,2.506018999999999886e-01,2.319067333333333227e+04
4.005500000000000000e+03,9.017283000000000470e+01,2.506114000000000397e-01,2.330688000000000102e+04
4.015500000000000000e+03,9.016711000000000809e+01,2.506214999999999971e-01,2.342337666666667064e+04
4.025500000000000000e+03,9.016997000000000639e+01,2.504959999999999964e-01,2.354014666666666017e+04
4.035500000000000000e+03,9.017139999999999134e+01,2.505964999999999998e-01,2.365720666666666875e+04
4.045500000000000000e+03,9.017140000000001976e+01,2.504644000000000870e-01,2.377453333333333285e+04
4.055500000000000000e+03,9.016425000000000978e+01,2.506131000000000331e-01,2.389215999999999985e+04
4.065500000000000000e+03,9.016567999999999472e+01,2.505655999999999994e-01,2.401004333333333489e+04
4.075500000000000000e+03,9.017711999999998795e+01,2.505848999999999438e-01,2.412824666666666599e+04
4.085500000000000000e+03,9.016997000000000639e+01,2.506113000000000368e-01,2.424670999999999913e+04
4.095500000000000000e+03,9.017283000000000470e+01,2.506296000000000079e-01,2.436548666666666759e+04
4.105500000000000000e+03,9.016425000000000978e+01,2.505108000000000334e-01,2.448455333333333328e+04
4.115500000000000000e+03,9.015995999999999810e+01,2.505699999999999594e-01,2.460391333333333023e+04
4.125500000000000000e+03,9.016567999999999472e+01,2.506406999999999941e-01,2.472357333333333372e+04
4.135500000000000000e+03,9.015995999999999810e+01,2.506239999999999579e-01,2.484350999999999840e+04
4.145500000000000000e+03,9.016568000000000893e+01,2.506947000000000481e-01,2.496371666666666715e+04
4.155500000000000000e+03,9.016139000000001147e+01,2.505917000000000283e-01,2.508424000000000160e+04
4.165500000000000000e+03,9.016282000000001062e+01,2.507365000000000288e-01,2.520506333333333168e+04
4.175500000000000000e+03,9.015852999999999895e+01,2.507131000000000220e-01,2.532617666666666992e+04
4.185500000000000000e+03,9.015852999999999895e+01,2.506477000000000288e-01,2.544757999999999811e+04
4.195500000000000000e+03,9.015995999999999810e+01,2.506502999999999370e-01,2.556925333333333401e+04
4.205500000000000000e+03,9.016138999999999726e+01,2.505913000000000723e-01,2.569123000000000320e+04
4.215500000000000000e+03,9.015852999999999895e+01,2.507253000000000398e-01,2.581351333333333241e+04
4.225500000000000000e+03,9.015852999999999895e+01,2.506939000000000251e-01,2.593608000000000175e+04
4.235500000000000000e+03,9.015709999999999980e+01,2.507807999999999704e-01,2.605894333333333270e+04
4.245500000000000000e+03,9.015709999999999980e+01,2.506648999999999683e-01,2.618207333333332645e+04
4.255500000000000000e+03,9.015709999999999980e+01,2.506154999999999911e-01,2.630550666666666439e+04
4.265500000000000000e+03,9.015709999999999980e+01,2.505637000000000003e-01,2.642922666666666555e+04
4.275500000000000000e+03,9.015709999999999980e+01,2.508310999999999735e-01,2.655320666666666511e+04
4.285500000000000000e+03,9.015709999999999980e+01,2.505986999999999520e-01,2.667752666666667210e+04
4.295500000000000000e+03,9.015709999999999980e+01,2.508032000000000039e-01,2.680214666666666017e+04
4.305500000000000000e+03,9.015709999999999980e+01,2.508142999999999900e-01,2.692703999999999724e+04
4.315500000000000000e+03,9.015709999999999980e+01,2.506951000000000040e-01,2.705221666666666351e+04
4.325500000000000000e+03,9.015709999999999980e+01,2.507658999999999860e-01,2.717768333333333067e+04
4.335500000000000000e+03,9.015709999999999980e+01,2.507393000000000538e-01,2.730341666666666788e+04
4.345500000000000000e+03,9.015709999999999980e+01,2.508032000000000039e-01,2.742942666666666628e+04
4.355500000000000000e+03,9.015709999999999980e+01,2.507775000000000420e-01,2.755570000000000073e+04
4.365500000000000000e+03,9.015709999999999980e+01,2.507203000000000070e-01,2.768225666666666439e+04
4.375500000000000000e+03,9.015709999999999980e+01,2.506298000000000692e-01,2.780909666666666817e+04
4.385500000000000000e+03,9.015709999999999980e+01,2.508222999999999980e-01,2.793620333333333110e+04
4.395500000000000000e+03,9.015709999999999980e+01,2.506880999999999693e-01,2.806359333333333416e+04
4.405500000000000000e+03,9.015709999999999980e+01,2.507218999999999975e-01,2.819126666666667006e+04
4.415500000000000000e+03,9.015709999999999980e+01,2.506935000000000136e-01,2.831921333333332950e+04
4.425500000000000000e+03,9.015709999999999980e+01,2.507328000000000334e-01,2.844742000000000189e+04
4.435500000000000000e+03,9.015709999999999980e+01,2.507861000000000118e-01,2.857590666666666584e+04
4.445500000000000000e+03,9.015709999999999980e+01,2.506766999999999745e-01,2.870468000000000029e+04
4.455500000000000000e+03,9.015709999999999980e+01,2.507385999999999782e-01,2.883373333333333721e+04
4.465500000000000000e+03,9.015709999999999980e+01,2.506377999999999662e-01,2.896303333333333285e+04
4.475500000000000000e+03,9.015709999999999980e+01,2.506696000000000479e-01,2.909264666666666744e+04
4.485500000000000000e+03,9.015709999999999980e+01,2.507045999999999997e-01,2.922251333333333605e+04
4.495500000000000000e+03,9.015709999999999980e+01,2.507329999999999837e-01,2.935266999999999462e+04
4.505500000000000000e+03,9.015709999999999980e+01,2.507951000000000485e-01,2.948311666666666861e+04
4.515500000000000000e+03,9.015709999999999980e+01,2.506493000000000193e-01,2.961387000000000262e+04
4.525500000000000000e+03,9.015709999999999980e+01,2.507087000000000065e-01,2.974491333333333023e+04
4.535500000000000000e+03,9.015709999999999980e+01,2.507912999999999948e-01,2.987619000000000233e+04
4.545500000000000000e+03,9.015709999999999980e+01,2.508290000000000242e-01,3.000779000000000087e+04
4.555500000000000000e+03,9.015709999999999980e+01,2.507187999999999639e-01,3.013965999999999622e+04
4.565500000000000000e+03,9.015709999999999980e+01,2.507800000000000029e-01,3.027179666666666162e+04
4.575500000000000000e+03,9.015709999999999980e+01,2.507114000000000287e-01,3.040423000000000320e+04
4.585500000000000000e+03,9.015709999999999980e+01,2.508531999999999984e-01,3.053693333333333067e+04
4.595500000000000000e+03,9.015709999999999980e+01,2.508504000000000289e-01,3.066997000000000116e+04
4.605500000000000000e+03,9.015709999999999980e+01,2.508131999999999584e-01,3.080329999999999927e+04
4.615500000000000000e+03,9.015709999999999980e+01,2.507414000000000032e-01,3.093691333333333023e+04
4.625500000000000000e+03,9.015709999999999980e+01,2.507278000000000007e-01,3.107079999999999927e+04
4.635500000000000000e+03,9.015709999999999980e+01,2.507933999999999441e-01,3.120496666666666715e+04
4.645500000000000000e+03,9.015709999999999980e+01,2.507887999999999784e-01,3.133940333333333183e+04
4.655500000000000000e+03,9.015709999999999980e+01,2.507346999999999770e-01,3.147413666666666904e+04
4.665500000000000000e+03,9.015709999999999980e+01,2.509030999999999345e-01,3.160914333333333343e+04
4.675500000000000000e+03,9.015709999999999980e+01,2.507833000000000423e-01,3.174442666666667355e+04
4.685500000000000000e+03,9.015709999999999980e+01,2.508448999999999818e-01,3.187997666666666555e+04
4.695500000000000000e+03,9.015709999999999980e+01,2.507444999999999813e-01,3.201578000000000611e+04
4.705500000000000000e+03,9.015709999999999980e+01,2.508742999999999945e-01,3.215187333333333299e+04
4.715500000000000000e+03,9.015709999999999980e+01,2.507435000000000080e-01,3.228825666666666439e+04
4.725500000000000000e+03,9.015709999999999980e+01,2.508472000000000479e-01,3.242493000000000029e+04
4.735500000000000000e+03,9.015709999999999980e+01,2.507967999999999864e-01,3.256187666666665973e+04
4.745500000000000000e+03,9.015709999999999980e+01,2.507842999999999600e-01,3.269912000000000262e+04
4.755500000000000000e+03,9.015709999999999980e+01,2.507300000000000084e-01,3.283662999999999738e+04
4.765500000000000000e+03,9.015709999999999980e+01,2.507914000000000532e-01,3.297443333333333430e+04
4.775500000000000000e+03,9.015709999999999980e+01,2.507001999999999287e-01,3.311252666666666482e+04
4.785500000000000000e+03,9.015709999999999980e+01,2.508364999999999623e-01,3.325090666666666948e+04
4.795500000000000000e+03,9.015709999999999980e+01,2.507394000000000567e-01,3.338961666666666861e+04
4.805500000000000000e+03,9.015709999999999980e+01,2.508594000000000102e-01,3.352875000000000000e+04
4.815500000000000000e+03,9.015709999999999980e+01,2.508294999999999830e-01,3.366816666666666424e+04
4.825500000000000000e+03,9.015709999999999980e+01,2.507100999999999913e-01,3.380787666666666337e+04
4.835500000000000000e+03,9.015709999999999980e+01,2.508483000000000240e-01,3.394785000000000582e+04
4.845500000000000000e+03,9.015709999999999980e+01,2.508435999999999444e-01,3.408810333333333256e+04
4.855500000000000000e+03,9.015709999999999980e+01,2.509035000000000015e-01,3.422868666666666832e+04
4.865500000000000000e+03,9.015709999999999980e+01,2.507572999999999608e-01,3.436955666666666366e+04
4.875500000000000000e+03,9.015709999999999980e+01,2.508120999999999823e-01,3.451069666666666308e+04
4.885500000000000000e+03,9.015709999999999980e+01,2.509501000000000093e-01,3.465212666666666337e+04
4.895500000000000000e+03,9.015709999999999980e+01,2.509020999999999613e-01,3.479382666666666773e+04
4.905500000000000000e+03,9.015709999999999980e+01,2.508460000000000134e-01,3.493582666666666773e+04
4.915500000000000000e+03,9.015709999999999980e+01,2.507500999999999758e-01,3.507811333333333459e+04
4.925500000000000000e+03,9.015709999999999980e+01,2.508787000000000100e-01,3.522065999999999622e+04
4.935500000000000000e+03,9.015709999999999980e+01,2.507658000000000387e-01,3.536350000000000000e+04
4.945500000000000000e+03,9.015709999999999980e+01,2.507447999999999899e-01,3.550659333333333052e+04
4.955500000000000000e+03,9.015709999999999980e+01,2.508908000000000249e-01,3.564997666666666919e+04
4.965500000000000000e+03,9.015709999999999980e+01,2.509282000000000457e-01,3.579363000000000466e+04
4.975500000000000000e+03,9.015709999999999980e+01,2.508811999999999709e-01,3.593757333333333372e+04
4.985500000000000000e+03,9.015709999999999980e+01,2.507590000000000097e-01,3.608181666666666570e+04
4.995500000000000000e+03,9.015709999999999980e+01,2.508355000000000445e-01,3.622634999999999854e+04
