5.500000000000000000e+00,8.183570999999999174e+01,4.807921000000000333e+01,4.025722733333333275e-02
1.550000000000000000e+01,8.566713999999998919e+01,7.375238000000000405e+00,2.342610333333333406e-01
2.550000000000000000e+01,8.532572000000000401e+01,3.596946000000000421e+00,5.940133333333332821e-01
3.550000000000000000e+01,8.885714000000000112e+01,3.045551000000000119e+00,1.120561966666666631e+00
4.550000000000000000e+01,8.778999000000000308e+01,2.729726000000000319e+00,1.822109999999999896e+00
5.550000000000000000e+01,8.837570000000000903e+01,1.543815799999999960e+00,2.689010666666666438e+00
6.550000000000000000e+01,8.875714999999999577e+01,1.531598800000000038e+00,3.720572333333333148e+00
7.550000000000000000e+01,8.982572000000000401e+01,1.579257899999999992e+00,4.918768000000000029e+00
8.550000000000000000e+01,8.991714999999999236e+01,1.200394200000000078e+00,6.292182333333332878e+00
9.550000000000000000e+01,8.883428999999998155e+01,9.466792999999998903e-01,7.849084333333332886e+00
1.055000000000000000e+02,8.850001000000000317e+01,9.617790999999999979e-01,9.592737666666668161e+00
1.155000000000000000e+02,8.884572000000000003e+01,7.844915000000000083e-01,1.151773999999999987e+01
1.255000000000000000e+02,8.988714000000000226e+01,6.870322000000000928e-01,1.362881000000000142e+01
1.355000000000000000e+02,9.045000000000000284e+01,6.810409999999998965e-01,1.594683000000000028e+01
1.455000000000000000e+02,9.003284999999999627e+01,6.321065999999999629e-01,1.848101333333333329e+01
1.555000000000000000e+02,8.961571999999998184e+01,5.934874999999999456e-01,2.122137333333333586e+01
1.655000000000000000e+02,9.100571999999998241e+01,5.978183999999999720e-01,2.414189333333333209e+01
1.755000000000000000e+02,9.088856000000001245e+01,5.565317000000000736e-01,2.722958666666666971e+01
1.855000000000000000e+02,9.121144000000001029e+01,4.995836999999999639e-01,3.048154333333333099e+01
1.955000000000000000e+02,9.106429999999998870e+01,5.859828000000000259e-01,3.390165333333333564e+01
2.055000000000000000e+02,9.098713000000000761e+01,4.902231000000000227e-01,3.749178999999999462e+01
2.155000000000000000e+02,9.058000000000001251e+01,4.645873999999999837e-01,4.125112666666665717e+01
2.255000000000000000e+02,9.109001000000000658e+01,4.848361999999998839e-01,4.518587666666665825e+01
2.355000000000000000e+02,9.100856999999999175e+01,4.398391000000000384e-01,4.930312999999999590e+01
2.455000000000000000e+02,9.107571000000000083e+01,4.465846999999999456e-01,5.360084666666666919e+01
2.555000000000000000e+02,9.108142999999999745e+01,4.131807999999999592e-01,5.809763333333332724e+01
2.655000000000000000e+02,9.105858000000000629e+01,3.844363000000000086e-01,6.279295999999999367e+01
2.755000000000000000e+02,9.091573000000001059e+01,4.026868999999999588e-01,6.766738999999999749e+01
2.855000000000000000e+02,9.107715000000001737e+01,3.918166000000000149e-01,7.271211333333333471e+01
2.955000000000000000e+02,9.105143000000001052e+01,3.968382000000000298e-01,7.792041666666665378e+01
3.055000000000000000e+02,9.098427999999998406e+01,3.771192000000000433e-01,8.330435333333333858e+01
3.155000000000000000e+02,9.092428999999999917e+01,3.826062000000000629e-01,8.886314666666665119e+01
3.255000000000000000e+02,9.102142999999999518e+01,3.640619999999999967e-01,9.459507333333333179e+01
3.355000000000000000e+02,9.119571000000000538e+01,3.524593000000000309e-01,1.005065266666666588e+02
3.455000000000000000e+02,9.109570999999999685e+01,3.585638999999999910e-01,1.065925000000000011e+02
3.555000000000000000e+02,9.104858000000000118e+01,3.366638000000000130e-01,1.129020666666666841e+02
3.655000000000000000e+02,9.096000000000000796e+01,3.410150000000000126e-01,1.194347000000000207e+02
3.755000000000000000e+02,9.115142000000000166e+01,3.309442000000000217e-01,1.261570000000000107e+02
3.855000000000000000e+02,9.108285999999999660e+01,3.455248999999999682e-01,1.330552666666666539e+02
3.955000000000000000e+02,9.106998999999999000e+01,3.588000000000000078e-01,1.401322000000000116e+02
4.055000000000000000e+02,9.112998999999999228e+01,3.473082000000000114e-01,1.473944999999999936e+02
4.155000000000000000e+02,9.114285999999999888e+01,3.411130999999999469e-01,1.548376333333333150e+02
4.255000000000000000e+02,9.110142000000000451e+01,3.562971999999999806e-01,1.624608666666667034e+02
4.355000000000000000e+02,9.112000000000001876e+01,3.216055999999999915e-01,1.702615666666667096e+02
4.455000000000000000e+02,9.112143000000000370e+01,3.218709000000000153e-01,1.782439666666666938e+02
4.555000000000000000e+02,9.104856999999999800e+01,3.273690999999999685e-01,1.863962666666666905e+02
4.655000000000000000e+02,9.118858000000000175e+01,3.199511000000000438e-01,1.947094333333333509e+02
4.755000000000000000e+02,9.115000999999999465e+01,3.189235999999999738e-01,2.031831333333333589e+02
4.855000000000000000e+02,9.113144000000001199e+01,3.185738000000000181e-01,2.118203333333333376e+02
4.955000000000000000e+02,9.109999999999999432e+01,3.244795999999999792e-01,2.206238666666666575e+02
5.055000000000000000e+02,9.120429000000000030e+01,3.176718000000000042e-01,2.295920666666666818e+02
5.155000000000000000e+02,9.111572000000001026e+01,3.202428000000000496e-01,2.387221666666666806e+02
5.255000000000000000e+02,9.127285999999999433e+01,3.239496000000000597e-01,2.480228000000000179e+02
5.355000000000000000e+02,9.113714000000000226e+01,3.186266999999999849e-01,2.575081000000000131e+02
5.455000000000000000e+02,9.115142000000000166e+01,3.195980999999999961e-01,2.671829333333333238e+02
5.555000000000000000e+02,9.112573000000000434e+01,3.139030999999999905e-01,2.770348000000000184e+02
5.655000000000000000e+02,9.115429000000001736e+01,3.137771000000000310e-01,2.870618666666666741e+02
5.755000000000000000e+02,9.118283999999999878e+01,3.110951000000000133e-01,2.972641666666667106e+02
5.855000000000000000e+02,9.109141999999999939e+01,3.031335999999999475e-01,3.076469333333333225e+02
5.955000000000000000e+02,9.116570000000000107e+01,3.157998000000000194e-01,3.182149333333333630e+02
6.055000000000000000e+02,9.107714000000001420e+01,3.059313000000000171e-01,3.289685000000000059e+02
6.155000000000000000e+02,9.107713999999999999e+01,2.990964999999999874e-01,3.399010666666666793e+02
6.255000000000000000e+02,9.103999000000000308e+01,2.991765000000000674e-01,3.510036000000000058e+02
6.355000000000000000e+02,9.104141999999998802e+01,3.029479000000000477e-01,3.622774666666666690e+02
6.455000000000000000e+02,9.097142999999999802e+01,3.026387000000000382e-01,3.737349333333332879e+02
6.555000000000000000e+02,9.104286000000000456e+01,2.950096000000000385e-01,3.853735333333333983e+02
6.655000000000000000e+02,9.100572000000001083e+01,3.002763999999999989e-01,3.971870333333333747e+02
6.755000000000000000e+02,9.097144000000000119e+01,3.014485000000000081e-01,4.091800000000000068e+02
6.855000000000000000e+02,9.096142999999999290e+01,2.983062999999999687e-01,4.213607999999999265e+02
6.955000000000000000e+02,9.095001000000000602e+01,2.977672999999999570e-01,4.337385000000000446e+02
7.055000000000000000e+02,9.093000000000000682e+01,2.967681999999999265e-01,4.463095333333333770e+02
7.155000000000000000e+02,9.088856000000001245e+01,3.000919000000000225e-01,4.590751000000000204e+02
7.255000000000000000e+02,9.091142999999999574e+01,2.964424999999999422e-01,4.720238666666666063e+02
7.355000000000000000e+02,9.091285999999999490e+01,2.945855000000000556e-01,4.851541999999999462e+02
7.455000000000000000e+02,9.086144999999999072e+01,2.939850000000000518e-01,4.984678333333333171e+02
7.555000000000000000e+02,9.084569999999999368e+01,2.964571000000000289e-01,5.119647666666666623e+02
7.655000000000000000e+02,9.081714999999999804e+01,2.906014000000000097e-01,5.256378333333334467e+02
7.755000000000000000e+02,9.085571000000000197e+01,2.886585000000000401e-01,5.394915999999999485e+02
7.855000000000000000e+02,9.083999999999998920e+01,2.863678000000000057e-01,5.535415666666666539e+02
7.955000000000000000e+02,9.083000000000001251e+01,2.857127000000000416e-01,5.677878333333333103e+02
8.055000000000000000e+02,9.079001000000000943e+01,2.894902999999999782e-01,5.822227333333332808e+02
8.155000000000000000e+02,9.078857999999999606e+01,2.940697000000000449e-01,5.968491000000001350e+02
8.255000000000000000e+02,9.077288000000000068e+01,2.862205000000000443e-01,6.116873000000000502e+02
8.355000000000000000e+02,9.079285999999999035e+01,2.882448999999999706e-01,6.267348666666667896e+02
8.455000000000000000e+02,9.074569999999998515e+01,2.887282999999999378e-01,6.419832666666666228e+02
8.555000000000000000e+02,9.078857999999999606e+01,2.883980000000000432e-01,6.574225666666667394e+02
8.655000000000000000e+02,9.073999999999999488e+01,2.867724999999999858e-01,6.730490000000000919e+02
8.755000000000000000e+02,9.073714000000001079e+01,2.857307000000000041e-01,6.888649666666666462e+02
8.855000000000000000e+02,9.075142999999999915e+01,2.822695000000000065e-01,7.048762333333332890e+02
8.955000000000000000e+02,9.075714999999999577e+01,2.834830999999999879e-01,7.210882666666665273e+02
9.055000000000000000e+02,9.074000999999999806e+01,2.814131000000000271e-01,7.375027333333333672e+02
9.155000000000000000e+02,9.075000000000000000e+01,2.834523000000000459e-01,7.541232999999998583e+02
9.255000000000000000e+02,9.075143000000001337e+01,2.856388000000000260e-01,7.709392333333332772e+02
9.355000000000000000e+02,9.071000999999998271e+01,2.854088999999999654e-01,7.879452666666667255e+02
9.455000000000000000e+02,9.071856000000001075e+01,2.862962999999999480e-01,8.051589333333333798e+02
9.555000000000000000e+02,9.067712000000000216e+01,2.829980000000000273e-01,8.225856999999999744e+02
9.655000000000000000e+02,9.070998000000000161e+01,2.857789999999999497e-01,8.402196999999999889e+02
9.755000000000000000e+02,9.067283999999999367e+01,2.832453000000000332e-01,8.580658666666665795e+02
9.855000000000000000e+02,9.066286999999998386e+01,2.876935999999999938e-01,8.760994333333334225e+02
9.955000000000000000e+02,9.064142999999999972e+01,2.847799000000000302e-01,8.943187333333332845e+02
1.005500000000000000e+03,9.065855999999999426e+01,2.875093999999999705e-01,9.127280666666665638e+02
1.015500000000000000e+03,9.067570999999999515e+01,2.825622999999999885e-01,9.313275333333333492e+02
1.025500000000000000e+03,9.065428999999998894e+01,2.849948000000000481e-01,9.501217000000000326e+02
1.035500000000000000e+03,9.061571000000000708e+01,2.826535000000000020e-01,9.691168333333332612e+02
1.045500000000000000e+03,9.059143999999999153e+01,2.842369999999999619e-01,9.883164999999999054e+02
1.055500000000000000e+03,9.061428999999999689e+01,2.846887999999999641e-01,1.007715433333333181e+03
1.065500000000000000e+03,9.059999999999999432e+01,2.846632000000000051e-01,1.027297000000000025e+03
1.075500000000000000e+03,9.058286999999998557e+01,2.830836999999999937e-01,1.047057666666666591e+03
1.085500000000000000e+03,9.059144000000000574e+01,2.819175999999999904e-01,1.066999000000000024e+03
1.095500000000000000e+03,9.055999000000001331e+01,2.888742000000000254e-01,1.087119000000000142e+03
1.105500000000000000e+03,9.058285999999999660e+01,2.834830000000000405e-01,1.107418333333333521e+03
1.115500000000000000e+03,9.056714999999999804e+01,2.853426999999999492e-01,1.127900333333333265e+03
1.125500000000000000e+03,9.055715000000000714e+01,2.839979000000000253e-01,1.148569333333333361e+03
1.135500000000000000e+03,9.056428000000001077e+01,2.857549000000000339e-01,1.169418000000000120e+03
1.145500000000000000e+03,9.054283999999999821e+01,2.826118000000000241e-01,1.190431666666666615e+03
1.155500000000000000e+03,9.055571000000000481e+01,2.865473000000000603e-01,1.211619666666666490e+03
1.165500000000000000e+03,9.055428999999999462e+01,2.819688999999999668e-01,1.232983000000000175e+03
1.175500000000000000e+03,9.053284999999999627e+01,2.828500999999999932e-01,1.254516000000000076e+03
1.185500000000000000e+03,9.054427000000001158e+01,2.824890000000000456e-01,1.276227000000000089e+03
1.195500000000000000e+03,9.053858999999999924e+01,2.813388000000000000e-01,1.298133666666666613e+03
1.205500000000000000e+03,9.053713000000000477e+01,2.810928000000000315e-01,1.320275000000000091e+03
1.215500000000000000e+03,9.055428000000000566e+01,2.825495999999999563e-01,1.342624333333333425e+03
1.225500000000000000e+03,9.051143999999999323e+01,2.817558000000000007e-01,1.365163333333333412e+03
1.235500000000000000e+03,9.053143000000000029e+01,2.802364999999999995e-01,1.387892666666666628e+03
1.245500000000000000e+03,9.051713999999999771e+01,2.826657000000000197e-01,1.410802333333333308e+03
1.255500000000000000e+03,9.052573999999999899e+01,2.800775000000000348e-01,1.433885333333333165e+03
1.265500000000000000e+03,9.054000000000000625e+01,2.789936000000000083e-01,1.457143000000000029e+03
1.275500000000000000e+03,9.051716000000000406e+01,2.788658999999999999e-01,1.480593000000000075e+03
1.285500000000000000e+03,9.050427999999999429e+01,2.777831000000000605e-01,1.504230333333333419e+03
1.295500000000000000e+03,9.049571000000000254e+01,2.761548000000000336e-01,1.528048666666666577e+03
1.305500000000000000e+03,9.051141999999998689e+01,2.776154999999999595e-01,1.552037333333333208e+03
1.315500000000000000e+03,9.048999999999999488e+01,2.780796000000000379e-01,1.576194999999999936e+03
1.325500000000000000e+03,9.047569000000000017e+01,2.771218000000000292e-01,1.600523666666666486e+03
1.335500000000000000e+03,9.049571000000000254e+01,2.770002999999999771e-01,1.625030333333333147e+03
1.345500000000000000e+03,9.048426999999999509e+01,2.781541999999999626e-01,1.649716666666666470e+03
1.355500000000000000e+03,9.048427000000000930e+01,2.772475999999999829e-01,1.674579333333333580e+03
1.365500000000000000e+03,9.047571999999999548e+01,2.755798999999999888e-01,1.699623000000000047e+03
1.375500000000000000e+03,9.047283999999999082e+01,2.767663999999999680e-01,1.724853333333333239e+03
1.385500000000000000e+03,9.047999000000000080e+01,2.769992000000000010e-01,1.750253666666666732e+03
1.395500000000000000e+03,9.047569999999998913e+01,2.750042000000000320e-01,1.775826666666666597e+03
1.405500000000000000e+03,9.046140999999998655e+01,2.777203000000000310e-01,1.801568999999999960e+03
1.415500000000000000e+03,9.046286000000000627e+01,2.777936999999999768e-01,1.827486000000000104e+03
1.425500000000000000e+03,9.046998999999999569e+01,2.751289000000000096e-01,1.853597333333333154e+03
1.435500000000000000e+03,9.045141999999999882e+01,2.750890000000000279e-01,1.879894333333332952e+03
1.445500000000000000e+03,9.046283999999999992e+01,2.760245000000000060e-01,1.906364666666666835e+03
1.455500000000000000e+03,9.045569999999999311e+01,2.765109000000000039e-01,1.933006333333333259e+03
1.465500000000000000e+03,9.044857000000000369e+01,2.748191000000000384e-01,1.959824666666666644e+03
1.475500000000000000e+03,9.043860000000000809e+01,2.761370999999999687e-01,1.986823333333333721e+03
1.485500000000000000e+03,9.043287999999999727e+01,2.759341000000000155e-01,2.014012333333333345e+03
1.495500000000000000e+03,9.043999999999999773e+01,2.778355000000000130e-01,2.041401999999999589e+03
1.505500000000000000e+03,9.043572999999999240e+01,2.771909000000000178e-01,2.068982999999999720e+03
1.515500000000000000e+03,9.042573999999999046e+01,2.756838999999999817e-01,2.096754666666666708e+03
1.525500000000000000e+03,9.043431000000001063e+01,2.762046999999999697e-01,2.124717333333333045e+03
1.535500000000000000e+03,9.042287999999999215e+01,2.748685000000000156e-01,2.152872666666666646e+03
1.545500000000000000e+03,9.042717000000000382e+01,2.761120000000000241e-01,2.181218333333333248e+03
1.555500000000000000e+03,9.042001999999999384e+01,2.750736000000000292e-01,2.209742666666666992e+03
1.565500000000000000e+03,9.042573999999999046e+01,2.762659000000000087e-01,2.238446000000000367e+03
1.575500000000000000e+03,9.041429000000000826e+01,2.752624000000000182e-01,2.267330999999999676e+03
1.585500000000000000e+03,9.042859999999998877e+01,2.771814000000000222e-01,2.296400000000000091e+03
1.595500000000000000e+03,9.041143999999999892e+01,2.763372000000000051e-01,2.325653666666666140e+03
1.605500000000000000e+03,9.041858999999998048e+01,2.761807000000000012e-01,2.355100666666666257e+03
1.615500000000000000e+03,9.041000999999999976e+01,2.765882000000000618e-01,2.384748000000000047e+03
1.625500000000000000e+03,9.041001000000001397e+01,2.748443999999999887e-01,2.414587999999999738e+03
1.635500000000000000e+03,9.041001000000001397e+01,2.765003000000000322e-01,2.444609333333333325e+03
1.645500000000000000e+03,9.041715999999998132e+01,2.752928000000000042e-01,2.474804666666665980e+03
1.655500000000000000e+03,9.041857999999999151e+01,2.745845000000000091e-01,2.505171000000000276e+03
1.665500000000000000e+03,9.042001999999999384e+01,2.757483000000000017e-01,2.535708333333333485e+03
1.675500000000000000e+03,9.042001999999999384e+01,2.754501000000000310e-01,2.566419333333333270e+03
1.685500000000000000e+03,9.041000999999999976e+01,2.757388000000000061e-01,2.597296999999999571e+03
1.695500000000000000e+03,9.041573000000001059e+01,2.750891000000000308e-01,2.628351999999999862e+03
1.705500000000000000e+03,9.041715000000000657e+01,2.751836000000000282e-01,2.659582333333332826e+03
1.715500000000000000e+03,9.041715999999999553e+01,2.745821999999999985e-01,2.690987333333333481e+03
1.725500000000000000e+03,9.041286999999999807e+01,2.750658000000000269e-01,2.722572999999999865e+03
1.735500000000000000e+03,9.041858999999999469e+01,2.747844000000000397e-01,2.754338333333333139e+03
1.745500000000000000e+03,9.040858000000000061e+01,2.748742000000000130e-01,2.786274000000000342e+03
1.755500000000000000e+03,9.040142999999999063e+01,2.743589000000000722e-01,2.818386666666666770e+03
1.765500000000000000e+03,9.040428999999998894e+01,2.740183999999999953e-01,2.850721666666666806e+03
1.775500000000000000e+03,9.040286000000000399e+01,2.755352999999999830e-01,2.883249666666666599e+03
1.785500000000000000e+03,9.039570999999999401e+01,2.737747000000000375e-01,2.915952666666667028e+03
1.795500000000000000e+03,9.039142000000001076e+01,2.735308000000000184e-01,2.948831999999999425e+03
1.805500000000000000e+03,9.038998999999999739e+01,2.740448999999999802e-01,2.981880666666666912e+03
1.815500000000000000e+03,9.039570999999999401e+01,2.734702999999999995e-01,3.015092666666666446e+03
1.825500000000000000e+03,9.039714000000000738e+01,2.735336999999999352e-01,3.048471000000000458e+03
1.835500000000000000e+03,9.037570000000000903e+01,2.736891999999999658e-01,3.082008666666666613e+03
1.845500000000000000e+03,9.038569999999998572e+01,2.738289999999999891e-01,3.115726333333333514e+03
1.855500000000000000e+03,9.037998000000000332e+01,2.732459999999999889e-01,3.149623666666666850e+03
1.865500000000000000e+03,9.039000000000000057e+01,2.733766999999999725e-01,3.183710000000000036e+03
1.875500000000000000e+03,9.038856000000001245e+01,2.730462999999999640e-01,3.217991666666666333e+03
1.885500000000000000e+03,9.037998000000000332e+01,2.729291999999999829e-01,3.252454000000000178e+03
1.895500000000000000e+03,9.037284999999999968e+01,2.729399000000000131e-01,3.287089666666666744e+03
1.905500000000000000e+03,9.037283999999999651e+01,2.725110999999999506e-01,3.321894333333332725e+03
1.915500000000000000e+03,9.037856000000000734e+01,2.724796999999999914e-01,3.356877000000000407e+03
1.925500000000000000e+03,9.037284000000001072e+01,2.730327000000000170e-01,3.392039333333333161e+03
1.935500000000000000e+03,9.036999999999997613e+01,2.719875999999999960e-01,3.427385666666666566e+03
1.945500000000000000e+03,9.037000000000000455e+01,2.726540999999999548e-01,3.462914333333333161e+03
1.955500000000000000e+03,9.036999000000000137e+01,2.720909000000000244e-01,3.498615666666666129e+03
1.965500000000000000e+03,9.036571000000000708e+01,2.722826999999999886e-01,3.534487000000000080e+03
1.975500000000000000e+03,9.037142000000001474e+01,2.723562000000000483e-01,3.570528666666666595e+03
1.985500000000000000e+03,9.036427000000000476e+01,2.719266999999999657e-01,3.606740000000000236e+03
1.995500000000000000e+03,9.035429000000002020e+01,2.715117000000000225e-01,3.643127666666667210e+03
2.005500000000000000e+03,9.035569999999999879e+01,2.715660000000000296e-01,3.679690666666666402e+03
2.015500000000000000e+03,9.035000999999999749e+01,2.720287000000000122e-01,3.716440000000000055e+03
2.025500000000000000e+03,9.034286999999999068e+01,2.720319000000000487e-01,3.753384333333332961e+03
2.035500000000000000e+03,9.034286000000000172e+01,2.718056999999999834e-01,3.790528000000000702e+03
2.045500000000000000e+03,9.034857999999999834e+01,2.720811999999999675e-01,3.827862999999999829e+03
2.055500000000000000e+03,9.034001999999999555e+01,2.711620000000000141e-01,3.865384000000000469e+03
2.065500000000000000e+03,9.034714999999998497e+01,2.719826000000000188e-01,3.903091666666666242e+03
2.075500000000000000e+03,9.033430999999998789e+01,2.708685999999999594e-01,3.940981333333334078e+03
2.085500000000000000e+03,9.033003000000000782e+01,2.715088999999999975e-01,3.979053333333332375e+03
2.095500000000000000e+03,9.034002999999999872e+01,2.708861999999999659e-01,4.017313333333333958e+03
2.105500000000000000e+03,9.033288000000000295e+01,2.712779000000000162e-01,4.055752333333332899e+03
2.115500000000000000e+03,9.033432000000000528e+01,2.709389000000000380e-01,4.094378999999999905e+03
2.125500000000000000e+03,9.032860000000000866e+01,2.710554000000000019e-01,4.133204333333333125e+03
2.135500000000000000e+03,9.033431000000000211e+01,2.699774000000000340e-01,4.172226666666667370e+03
2.145500000000000000e+03,9.033003000000000782e+01,2.706406000000000089e-01,4.211443333333333612e+03
2.155500000000000000e+03,9.033003000000000782e+01,2.705106000000000455e-01,4.250835666666667748e+03
2.165500000000000000e+03,9.032860000000000866e+01,2.709651000000000143e-01,4.290403333333333649e+03
2.175500000000000000e+03,9.032716999999999530e+01,2.705220999999999876e-01,4.330154666666666344e+03
2.185500000000000000e+03,9.032860000000000866e+01,2.702934000000000170e-01,4.370105999999999767e+03
2.195500000000000000e+03,9.032860000000000866e+01,2.698892999999999986e-01,4.410275999999999840e+03
2.205500000000000000e+03,9.032860000000000866e+01,2.703340000000000187e-01,4.450619333333333998e+03
2.215500000000000000e+03,9.032860000000000866e+01,2.698935999999999558e-01,4.491137999999999920e+03
2.225500000000000000e+03,9.032860000000000866e+01,2.703506999999999993e-01,4.531831333333333532e+03
2.235500000000000000e+03,9.032860000000000866e+01,2.706239000000000283e-01,4.572699666666666417e+03
2.245500000000000000e+03,9.032573999999999614e+01,2.700332000000000288e-01,4.613745333333334202e+03
2.255500000000000000e+03,9.033003000000000782e+01,2.694898000000000016e-01,4.654964666666665835e+03
2.265500000000000000e+03,9.032716999999999530e+01,2.698695999999999318e-01,4.696354000000000269e+03
2.275500000000000000e+03,9.032716999999999530e+01,2.698715999999999893e-01,4.737911333333332550e+03
2.285500000000000000e+03,9.032716999999999530e+01,2.697268999999999917e-01,4.779636333333332914e+03
2.295500000000000000e+03,9.032716999999999530e+01,2.701522000000000090e-01,4.821531000000000859e+03
2.305500000000000000e+03,9.032573999999999614e+01,2.693784000000000178e-01,4.863604999999999563e+03
2.315500000000000000e+03,9.032860000000000866e+01,2.692400000000000349e-01,4.905869333333333998e+03
2.325500000000000000e+03,9.032430999999999699e+01,2.703838000000000075e-01,4.948309333333332688e+03
2.335500000000000000e+03,9.032716999999999530e+01,2.695312000000000263e-01,4.990920333333333474e+03
2.345500000000000000e+03,9.032431000000001120e+01,2.690390000000000281e-01,5.033713999999999942e+03
2.355500000000000000e+03,9.032288000000001205e+01,2.688142000000000031e-01,5.076700333333333219e+03
2.365500000000000000e+03,9.032144999999999868e+01,2.691864999999999952e-01,5.119871999999999389e+03
2.375500000000000000e+03,9.032430999999999699e+01,2.690195000000000225e-01,5.163225333333333765e+03
2.385500000000000000e+03,9.032431000000001120e+01,2.692678000000000016e-01,5.206751999999999498e+03
2.395500000000000000e+03,9.032001999999999953e+01,2.691255000000000175e-01,5.250460000000000946e+03
2.405500000000000000e+03,9.032001999999999953e+01,2.693530000000000091e-01,5.294384000000000015e+03
2.415500000000000000e+03,9.032001999999999953e+01,2.686649999999999872e-01,5.338490999999999985e+03
2.425500000000000000e+03,9.032001999999999953e+01,2.682712999999999903e-01,5.382770999999998821e+03
2.435500000000000000e+03,9.031716000000000122e+01,2.678125000000000644e-01,5.427228000000000065e+03
2.445500000000000000e+03,9.031716000000001543e+01,2.678633999999999737e-01,5.471869333333333998e+03
2.455500000000000000e+03,9.032144999999999868e+01,2.682322000000000317e-01,5.516703999999999724e+03
2.465500000000000000e+03,9.031716000000001543e+01,2.677690999999999821e-01,5.561719999999999345e+03
2.475500000000000000e+03,9.031573000000000206e+01,2.675759999999999805e-01,5.606915333333333365e+03
2.485500000000000000e+03,9.031430000000000291e+01,2.683753999999999862e-01,5.652281000000000859e+03
2.495500000000000000e+03,9.031430000000000291e+01,2.681004999999999638e-01,5.697815333333333001e+03
2.505500000000000000e+03,9.031430000000000291e+01,2.681748000000000465e-01,5.743519333333333634e+03
2.515500000000000000e+03,9.031287000000000376e+01,2.679731000000000196e-01,5.789392000000000735e+03
2.525500000000000000e+03,9.031573000000000206e+01,2.679287999999999670e-01,5.835430333333332783e+03
2.535500000000000000e+03,9.031573000000000206e+01,2.679153999999999702e-01,5.881642999999999120e+03
2.545500000000000000e+03,9.031287000000000376e+01,2.679090999999999556e-01,5.928037999999998647e+03
2.555500000000000000e+03,9.031287000000000376e+01,2.676515999999999340e-01,5.974603333333333467e+03
2.565500000000000000e+03,9.031143999999999039e+01,2.673145999999999578e-01,6.021339666666666744e+03
2.575500000000000000e+03,9.031001000000000545e+01,2.676105000000000289e-01,6.068247000000000298e+03
2.585500000000000000e+03,9.030429000000000883e+01,2.676817999999999698e-01,6.115333000000000538e+03
2.595500000000000000e+03,9.029856999999999800e+01,2.671690999999999927e-01,6.162597666666666555e+03
2.605500000000000000e+03,9.030858000000000629e+01,2.673035000000000272e-01,6.210030666666666548e+03
2.615500000000000000e+03,9.029856999999999800e+01,2.670352000000000281e-01,6.257639333333332615e+03
2.625500000000000000e+03,9.031001000000000545e+01,2.669495000000000062e-01,6.305443333333333612e+03
2.635500000000000000e+03,9.029999999999999716e+01,2.668445999999999318e-01,6.353425333333332674e+03
2.645500000000000000e+03,9.030285999999999547e+01,2.669982000000000188e-01,6.401577000000000226e+03
2.655500000000000000e+03,9.029428000000000054e+01,2.669669000000000070e-01,6.449903333333332739e+03
2.665500000000000000e+03,9.029714000000001306e+01,2.669850999999999752e-01,6.498398666666666941e+03
2.675500000000000000e+03,9.030285999999999547e+01,2.665904999999999525e-01,6.547069000000000415e+03
2.685500000000000000e+03,9.029142000000001644e+01,2.668871999999999911e-01,6.595911333333332550e+03
2.695500000000000000e+03,9.029572000000000287e+01,2.665425000000000155e-01,6.644934666666666089e+03
2.705500000000000000e+03,9.028285000000001048e+01,2.664739000000000413e-01,6.694149000000000342e+03
2.715500000000000000e+03,9.027998000000000900e+01,2.664057999999999704e-01,6.743555999999999585e+03
2.725500000000000000e+03,9.027141999999999200e+01,2.663762000000000629e-01,6.793163999999999760e+03
2.735500000000000000e+03,9.028712999999999056e+01,2.662631000000000303e-01,6.842957000000000335e+03
2.745500000000000000e+03,9.027714000000000283e+01,2.658173999999999815e-01,6.892931333333332077e+03
2.755500000000000000e+03,9.027571000000000367e+01,2.659559000000000784e-01,6.943085333333333438e+03
2.765500000000000000e+03,9.025143000000001337e+01,2.661297999999999719e-01,6.993413666666667268e+03
2.775500000000000000e+03,9.025288000000000466e+01,2.661091999999999902e-01,7.043919333333333270e+03
2.785500000000000000e+03,9.026431000000000893e+01,2.656103000000000214e-01,7.094601333333333969e+03
2.795500000000000000e+03,9.026715000000000089e+01,2.660050999999999943e-01,7.145470333333332746e+03
2.805500000000000000e+03,9.026858000000000004e+01,2.657614000000000365e-01,7.196537666666666155e+03
2.815500000000000000e+03,9.025287000000000148e+01,2.657240000000000157e-01,7.247778999999999542e+03
2.825500000000000000e+03,9.026570999999998435e+01,2.658802999999999583e-01,7.299191333333333205e+03
2.835500000000000000e+03,9.025859000000001231e+01,2.656497000000000441e-01,7.350776666666666642e+03
2.845500000000000000e+03,9.024859999999999616e+01,2.655787000000000009e-01,7.402541333333332659e+03
2.855500000000000000e+03,9.025428999999999746e+01,2.653817999999999455e-01,7.454482666666665864e+03
2.865500000000000000e+03,9.025857999999999493e+01,2.656030000000000335e-01,7.506597999999999956e+03
2.875500000000000000e+03,9.026430000000000575e+01,2.657525000000000581e-01,7.558884333333333416e+03
2.885500000000000000e+03,9.024145999999998935e+01,2.654108000000000023e-01,7.611341666666667152e+03
2.895500000000000000e+03,9.024287999999998533e+01,2.653524999999999912e-01,7.663977000000000771e+03
2.905500000000000000e+03,9.024858999999999298e+01,2.651647999999999783e-01,7.716782666666667865e+03
2.915500000000000000e+03,9.025000000000000000e+01,2.652220999999999607e-01,7.769762666666666519e+03
2.925500000000000000e+03,9.023431999999999675e+01,2.647772999999999932e-01,7.822918999999999869e+03
2.935500000000000000e+03,9.024859999999999616e+01,2.653990000000000515e-01,7.876251000000001113e+03
2.945500000000000000e+03,9.023715999999998871e+01,2.647461999999999871e-01,7.929762666666667428e+03
2.955500000000000000e+03,9.023145999999999844e+01,2.653018999999999794e-01,7.983448333333331902e+03
2.965500000000000000e+03,9.024288000000001375e+01,2.647432999999999592e-01,8.037314333333333707e+03
2.975500000000000000e+03,9.023287999999999442e+01,2.650151000000000034e-01,8.091366333333331568e+03
2.985500000000000000e+03,9.023288999999998339e+01,2.644989999999999841e-01,8.145609666666666271e+03
2.995500000000000000e+03,9.023430999999999358e+01,2.648452000000000028e-01,8.200053333333331466e+03
3.005500000000000000e+03,9.023145999999999844e+01,2.646973000000000242e-01,8.254703666666664503e+03
3.015500000000000000e+03,9.023288999999998339e+01,2.646201999999999721e-01,8.309556333333332077e+03
3.025500000000000000e+03,9.023287999999999442e+01,2.646730999999999945e-01,8.364600000000000364e+03
3.035500000000000000e+03,9.022716999999998677e+01,2.645414000000000376e-01,8.419828333333332921e+03
3.045500000000000000e+03,9.022573999999998762e+01,2.647529999999999606e-01,8.475251666666667006e+03
3.055500000000000000e+03,9.022287999999998931e+01,2.644152000000000169e-01,8.530867666666666992e+03
3.065500000000000000e+03,9.022573999999998762e+01,2.645914000000000321e-01,8.586690000000000509e+03
3.075500000000000000e+03,9.021572999999999354e+01,2.641925999999999997e-01,8.642717666666665536e+03
3.085500000000000000e+03,9.022001999999999100e+01,2.641947999999999519e-01,8.698934999999999491e+03
3.095500000000000000e+03,9.022000999999998783e+01,2.644250000000000211e-01,8.755340333333335366e+03
3.105500000000000000e+03,9.021572999999999354e+01,2.639701999999999882e-01,8.811938000000000102e+03
3.115500000000000000e+03,9.022144999999999015e+01,2.642442999999999875e-01,8.868715333333333547e+03
3.125500000000000000e+03,9.021859000000000606e+01,2.643303000000000180e-01,8.925668333333334886e+03
3.135500000000000000e+03,9.021858999999999185e+01,2.641749999999999932e-01,8.982801333333332877e+03
3.145500000000000000e+03,9.021572999999997933e+01,2.641302999999999845e-01,9.040108666666666977e+03
3.155500000000000000e+03,9.021144000000001029e+01,2.641723000000000265e-01,9.097594333333332543e+03
3.165500000000000000e+03,9.021572999999997933e+01,2.635372000000000270e-01,9.155253666666667414e+03
3.175500000000000000e+03,9.021715999999999269e+01,2.639659999999999784e-01,9.213090000000000146e+03
3.185500000000000000e+03,9.021429999999999438e+01,2.635020000000000140e-01,9.271095666666667967e+03
3.195500000000000000e+03,9.021572999999999354e+01,2.636832000000000065e-01,9.329272666666667646e+03
3.205500000000000000e+03,9.021000999999998271e+01,2.638532000000000100e-01,9.387620000000000800e+03
3.215500000000000000e+03,9.021286999999999523e+01,2.637627000000000166e-01,9.446159333333333052e+03
3.225500000000000000e+03,9.020714999999999861e+01,2.634889000000000259e-01,9.504918666666668287e+03
3.235500000000000000e+03,9.020857999999999777e+01,2.636292000000000080e-01,9.563873999999999796e+03
3.245500000000000000e+03,9.021286999999999523e+01,2.631699999999999595e-01,9.623019666666667035e+03
3.255500000000000000e+03,9.021286999999999523e+01,2.634876000000000440e-01,9.682338999999999942e+03
3.265500000000000000e+03,9.020714999999999861e+01,2.635238999999999776e-01,9.741828000000001339e+03
3.275500000000000000e+03,9.021143999999999608e+01,2.634718000000000337e-01,9.801492333333333590e+03
3.285500000000000000e+03,9.020857999999999777e+01,2.635344000000000020e-01,9.861339000000001761e+03
3.295500000000000000e+03,9.020858000000001198e+01,2.634977000000000014e-01,9.921366666666664969e+03
3.305500000000000000e+03,9.020858000000001198e+01,2.633159999999999945e-01,9.981564333333333707e+03
3.315500000000000000e+03,9.021286999999999523e+01,2.633945999999999787e-01,1.004194366666666610e+04
3.325500000000000000e+03,9.020858000000001198e+01,2.634058999999999706e-01,1.010249999999999818e+04
3.335500000000000000e+03,9.020857999999999777e+01,2.634140999999999844e-01,1.016322999999999956e+04
3.345500000000000000e+03,9.021000999999998271e+01,2.629851999999999745e-01,1.022415666666666584e+04
3.355500000000000000e+03,9.020857999999999777e+01,2.631339000000000317e-01,1.028524666666666599e+04
3.365500000000000000e+03,9.020857999999999777e+01,2.632475999999999705e-01,1.034650333333333219e+04
3.375500000000000000e+03,9.020714999999999861e+01,2.630603000000000247e-01,1.040794666666666672e+04
3.385500000000000000e+03,9.020857999999999777e+01,2.633668999999999594e-01,1.046956000000000131e+04
3.395500000000000000e+03,9.021000999999999692e+01,2.627764999999999684e-01,1.053134666666666635e+04
3.405500000000000000e+03,9.020572000000001367e+01,2.627716000000000496e-01,1.059332333333333372e+04
3.415500000000000000e+03,9.020714999999999861e+01,2.629300999999999999e-01,1.065543999999999869e+04
3.425500000000000000e+03,9.020286000000001536e+01,2.629715000000000247e-01,1.071774666666666599e+04
3.435500000000000000e+03,9.020286000000001536e+01,2.629409999999999803e-01,1.078023333333333358e+04
3.445500000000000000e+03,9.020429000000000030e+01,2.628538000000000263e-01,1.084290333333333365e+04
3.455500000000000000e+03,9.020429000000001452e+01,2.628712999999999189e-01,1.090573333333333358e+04
3.465500000000000000e+03,9.020286000000001536e+01,2.629325999999999608e-01,1.096876666666666642e+04
3.475500000000000000e+03,9.020429000000001452e+01,2.630404000000000631e-01,1.103199000000000160e+04
3.485500000000000000e+03,9.020429000000000030e+01,2.627476999999999729e-01,1.109539999999999964e+04
3.495500000000000000e+03,9.020857999999999777e+01,2.629092000000000096e-01,1.115898666666666759e+04
3.505500000000000000e+03,9.020286000000001536e+01,2.628409999999999913e-01,1.122275333333333401e+04
3.515500000000000000e+03,9.020286000000000115e+01,2.629443999999999670e-01,1.128669666666666672e+04
3.525500000000000000e+03,9.020143000000000200e+01,2.623737999999999904e-01,1.135080666666666730e+04
3.535500000000000000e+03,9.020143000000000200e+01,2.627207000000000292e-01,1.141510333333333438e+04
3.545500000000000000e+03,9.020857999999999777e+01,2.627361999999999753e-01,1.147956999999999971e+04
3.555500000000000000e+03,9.020286000000000115e+01,2.625933000000000295e-01,1.154420999999999913e+04
3.565500000000000000e+03,9.020429000000001452e+01,2.627610999999999697e-01,1.160901000000000022e+04
3.575500000000000000e+03,9.020572000000001367e+01,2.625391000000000252e-01,1.167399666666666417e+04
3.585500000000000000e+03,9.020571999999999946e+01,2.625757999999999703e-01,1.173914999999999964e+04
3.595500000000000000e+03,9.020143000000000200e+01,2.625138000000000194e-01,1.180446666666666533e+04
3.605500000000000000e+03,9.020143000000000200e+01,2.623858000000000024e-01,1.186996999999999935e+04
3.615500000000000000e+03,9.020000000000001705e+01,2.624103999999999881e-01,1.193564666666666744e+04
3.625500000000000000e+03,9.020286000000001536e+01,2.625085999999999808e-01,1.200150000000000000e+04
3.635500000000000000e+03,9.020000000000001705e+01,2.622959000000000263e-01,1.206753333333333285e+04
3.645500000000000000e+03,9.020143000000000200e+01,2.623602999999999907e-01,1.213378000000000065e+04
3.655500000000000000e+03,9.020143000000000200e+01,2.620712000000000041e-01,1.220020000000000073e+04
3.665500000000000000e+03,9.020143000000000200e+01,2.623793999999999849e-01,1.226680666666666730e+04
3.675500000000000000e+03,9.020000000000001705e+01,2.623172999999999755e-01,1.233361666666666679e+04
3.685500000000000000e+03,9.020286000000001536e+01,2.622232000000000451e-01,1.240061000000000240e+04
3.695500000000000000e+03,9.020286000000000115e+01,2.622362999999999778e-01,1.246777333333333445e+04
3.705500000000000000e+03,9.020000000000001705e+01,2.620724999999999860e-01,1.253513333333333503e+04
3.715500000000000000e+03,9.020000000000001705e+01,2.621070999999999818e-01,1.260266000000000167e+04
3.725500000000000000e+03,9.020000000000001705e+01,2.619881000000000015e-01,1.267037333333333299e+04
3.735500000000000000e+03,9.020000000000001705e+01,2.620080999999999660e-01,1.273826333333333241e+04
3.745500000000000000e+03,9.020000000000001705e+01,2.618173000000000306e-01,1.280636000000000058e+04
3.755500000000000000e+03,9.020000000000001705e+01,2.618959999999999622e-01,1.287464333333333343e+04
3.765500000000000000e+03,9.020000000000001705e+01,2.619932000000000372e-01,1.294310333333333438e+04
3.775500000000000000e+03,9.020000000000001705e+01,2.617067000000000698e-01,1.301173999999999978e+04
3.785500000000000000e+03,9.020000000000001705e+01,2.618255999999999917e-01,1.308056666666666570e+04
3.795500000000000000e+03,9.020000000000001705e+01,2.617231999999999892e-01,1.314956999999999789e+04
3.805500000000000000e+03,9.020000000000001705e+01,2.616648999999999781e-01,1.321877000000000044e+04
3.815500000000000000e+03,9.020000000000001705e+01,2.617097000000000451e-01,1.328816000000000349e+04
3.825500000000000000e+03,9.020000000000001705e+01,2.614573000000000036e-01,1.335775666666666802e+04
3.835500000000000000e+03,9.020000000000001705e+01,2.614693000000000156e-01,1.342753333333333467e+04
3.845500000000000000e+03,9.020000000000001705e+01,2.615254000000000190e-01,1.349748666666666759e+04
3.855500000000000000e+03,9.020000000000001705e+01,2.613637999999999795e-01,1.356763333333333503e+04
3.865500000000000000e+03,9.020000000000001705e+01,2.616366999999999998e-01,1.363795666666666875e+04
3.875500000000000000e+03,9.020000000000001705e+01,2.613871999999999862e-01,1.370843333333333430e+04
3.885500000000000000e+03,9.020000000000001705e+01,2.615149999999999975e-01,1.377908333333333212e+04
3.895500000000000000e+03,9.020000000000001705e+01,2.616592999999999836e-01,1.384992000000000189e+04
3.905500000000000000e+03,9.020000000000001705e+01,2.615285000000000526e-01,1.392093333333333430e+04
3.915500000000000000e+03,9.020000000000001705e+01,2.613058000000000325e-01,1.399213333333333503e+04
3.925500000000000000e+03,9.020000000000001705e+01,2.614674000000000165e-01,1.406351000000000022e+04
3.935500000000000000e+03,9.019857000000000369e+01,2.611355000000000759e-01,1.413507666666666591e+04
3.945500000000000000e+03,9.020000000000001705e+01,2.613437000000000121e-01,1.420681333333333350e+04
3.955500000000000000e+03,9.019857000000000369e+01,2.611141000000000156e-01,1.427871333333333314e+04
3.965500000000000000e+03,9.020000000000001705e+01,2.612295000000000034e-01,1.435079666666666708e+04
3.975500000000000000e+03,9.020000000000001705e+01,2.611240000000000228e-01,1.442308333333333394e+04
3.985500000000000000e+03,9.020000000000001705e+01,2.609057000000000182e-01,1.449554999999999927e+04
3.995500000000000000e+03,9.020000000000001705e+01,2.610731000000000024e-01,1.456821000000000095e+04
4.005500000000000000e+03,9.020000000000001705e+01,2.610547999999999758e-01,1.464102666666666300e+04
4.015500000000000000e+03,9.020000000000001705e+01,2.611301999999999790e-01,1.471405333333333328e+04
4.025500000000000000e+03,9.020000000000001705e+01,2.611569999999999725e-01,1.478724333333333198e+04
4.035500000000000000e+03,9.020000000000001705e+01,2.609308000000000183e-01,1.486061333333333278e+04
4.045500000000000000e+03,9.019857000000001790e+01,2.610427000000000719e-01,1.493417333333333590e+04
4.055500000000000000e+03,9.019714000000001874e+01,2.607657999999999920e-01,1.500790666666666584e+04
4.065500000000000000e+03,9.019857000000001790e+01,2.608319000000000054e-01,1.508182000000000153e+04
4.075500000000000000e+03,9.019857000000001790e+01,2.609301000000000537e-01,1.515594333333333270e+04
4.085500000000000000e+03,9.019857000000000369e+01,2.607693000000000372e-01,1.523021666666666897e+04
4.095500000000000000e+03,9.019714000000001874e+01,2.608480999999999717e-01,1.530466666666666788e+04
4.105500000000000000e+03,9.020000000000001705e+01,2.607392999999999517e-01,1.537929333333333489e+04
4.115500000000000000e+03,9.020000000000001705e+01,2.608564999999999356e-01,1.545408333333333212e+04
4.125500000000000000e+03,9.019714000000001874e+01,2.607704000000000133e-01,1.552905333333333510e+04
4.135500000000000000e+03,9.019714000000001874e+01,2.607874000000000581e-01,1.560420666666666511e+04
4.145500000000000000e+03,9.019857000000001790e+01,2.607408999999999977e-01,1.567953666666666686e+04
4.155500000000000000e+03,9.019428000000000623e+01,2.606503000000000014e-01,1.575504000000000269e+04
4.165500000000000000e+03,9.019714000000001874e+01,2.606673999999999936e-01,1.583072666666666919e+04
4.175500000000000000e+03,9.019714000000001874e+01,2.607753000000000432e-01,1.590659333333333234e+04
4.185500000000000000e+03,9.019714000000001874e+01,2.607017999999999835e-01,1.598260666666666475e+04
4.195500000000000000e+03,9.019857000000001790e+01,2.606719000000000119e-01,1.605881999999999789e+04
4.205500000000000000e+03,9.019571000000000538e+01,2.606423000000000489e-01,1.613523999999999978e+04
4.215500000000000000e+03,9.019714000000001874e+01,2.606369000000000602e-01,1.621185666666666839e+04
4.225500000000000000e+03,9.019857000000000369e+01,2.605620999999999632e-01,1.628866666666666788e+04
4.235500000000000000e+03,9.019428000000000623e+01,2.606205999999999801e-01,1.636562666666666701e+04
4.245500000000000000e+03,9.019284999999999286e+01,2.606466000000000061e-01,1.644276666666666279e+04
4.255500000000000000e+03,9.019141999999999371e+01,2.604634000000000116e-01,1.652011666666666861e+04
4.265500000000000000e+03,9.019284999999999286e+01,2.604307000000000150e-01,1.659764000000000306e+04
4.275500000000000000e+03,9.019571000000000538e+01,2.605046000000000306e-01,1.667534666666666817e+04
4.285500000000000000e+03,9.019141999999999371e+01,2.604344999999999577e-01,1.675325666666666802e+04
4.295500000000000000e+03,9.018856000000000961e+01,2.605886000000000036e-01,1.683136666666666861e+04
4.305500000000000000e+03,9.018712999999999624e+01,2.602437999999999696e-01,1.690963333333333867e+04
4.315500000000000000e+03,9.019142000000000792e+01,2.604960000000000053e-01,1.698811000000000058e+04
4.325500000000000000e+03,9.018569999999999709e+01,2.603997000000000117e-01,1.706676333333333241e+04
4.335500000000000000e+03,9.019142000000000792e+01,2.603481000000000267e-01,1.714561333333333459e+04
4.345500000000000000e+03,9.018855999999999540e+01,2.603048000000000028e-01,1.722464333333333343e+04
4.355500000000000000e+03,9.018712999999999624e+01,2.601558000000000481e-01,1.730384666666666817e+04
4.365500000000000000e+03,9.018284000000001299e+01,2.606201000000000212e-01,1.738322666666666555e+04
4.375500000000000000e+03,9.018283999999998457e+01,2.602427999999999964e-01,1.746279000000000087e+04
4.385500000000000000e+03,9.018712999999999624e+01,2.602640999999999982e-01,1.754253666666667050e+04
4.395500000000000000e+03,9.018140999999999963e+01,2.603029000000000037e-01,1.762246999999999753e+04
4.405500000000000000e+03,9.017569000000000301e+01,2.603073000000000192e-01,1.770259000000000015e+04
4.415500000000000000e+03,9.017426000000000386e+01,2.605090999999999934e-01,1.778290333333333183e+04
4.425500000000000000e+03,9.017855000000000132e+01,2.602707000000000215e-01,1.786340666666666948e+04
4.435500000000000000e+03,9.018140999999999963e+01,2.602686999999999640e-01,1.794405666666666730e+04
4.445500000000000000e+03,9.017569000000000301e+01,2.602718999999999450e-01,1.802489000000000306e+04
4.455500000000000000e+03,9.017568999999998880e+01,2.602706000000000186e-01,1.810593000000000029e+04
4.465500000000000000e+03,9.017426000000000386e+01,2.604075999999999613e-01,1.818715000000000146e+04
4.475500000000000000e+03,9.017711999999998795e+01,2.600873000000000212e-01,1.826855999999999767e+04
4.485500000000000000e+03,9.017283000000000470e+01,2.603356000000000003e-01,1.835015999999999985e+04
4.495500000000000000e+03,9.017426000000000386e+01,2.598960000000000159e-01,1.843194666666666308e+04
4.505500000000000000e+03,9.017426000000000386e+01,2.599630000000000551e-01,1.851390000000000146e+04
4.515500000000000000e+03,9.017426000000000386e+01,2.601209000000000438e-01,1.859602666666666482e+04
4.525500000000000000e+03,9.017139999999999134e+01,2.600868999999999542e-01,1.867832333333333372e+04
4.535500000000000000e+03,9.017139999999999134e+01,2.601073999999999886e-01,1.876080666666667094e+04
4.545500000000000000e+03,9.017426000000000386e+01,2.599173000000000178e-01,1.884347333333333154e+04
4.555500000000000000e+03,9.017283000000000470e+01,2.601128999999999802e-01,1.892629666666666526e+04
4.565500000000000000e+03,9.017139999999999134e+01,2.600242000000000386e-01,1.900929333333333125e+04
4.575500000000000000e+03,9.017283000000000470e+01,2.600067999999999269e-01,1.909247666666666555e+04
4.585500000000000000e+03,9.017283000000000470e+01,2.598290999999999795e-01,1.917581333333333168e+04
4.595500000000000000e+03,9.017283000000000470e+01,2.601202999999999710e-01,1.925934000000000015e+04
4.605500000000000000e+03,9.017139999999999134e+01,2.598932999999999938e-01,1.934303666666666686e+04
4.615500000000000000e+03,9.017283000000000470e+01,2.601402999999999910e-01,1.942690333333333183e+04
4.625500000000000000e+03,9.017426000000000386e+01,2.600541000000000103e-01,1.951094666666666672e+04
4.635500000000000000e+03,9.017139999999999134e+01,2.599418000000000006e-01,1.959517333333333227e+04
4.645500000000000000e+03,9.017139999999999134e+01,2.600418000000000451e-01,1.967959666666666817e+04
4.655500000000000000e+03,9.017139999999999134e+01,2.599698999999999760e-01,1.976420666666666511e+04
4.665500000000000000e+03,9.017139999999999134e+01,2.597488000000000019e-01,1.984898000000000320e+04
4.675500000000000000e+03,9.017139999999999134e+01,2.598045000000000493e-01,1.993393333333333794e+04
4.685500000000000000e+03,9.016996999999999218e+01,2.595858000000000332e-01,2.001905333333333328e+04
4.695500000000000000e+03,9.016997000000000639e+01,2.599459000000000075e-01,2.010436999999999898e+04
4.705500000000000000e+03,9.016853999999999303e+01,2.600099000000000160e-01,2.018981666666666570e+04
4.715500000000000000e+03,9.016711000000000809e+01,2.596229999999999372e-01,2.027546333333333314e+04
4.725500000000000000e+03,9.016854000000000724e+01,2.598294999999999910e-01,2.036125999999999840e+04
4.735500000000000000e+03,9.016996999999999218e+01,2.598253000000000368e-01,2.044722333333333518e+04
4.745500000000000000e+03,9.017139999999999134e+01,2.597167000000000225e-01,2.053336999999999898e+04
4.755500000000000000e+03,9.016854000000000724e+01,2.597253999999999952e-01,2.061968333333333067e+04
4.765500000000000000e+03,9.016568000000000893e+01,2.595625000000000293e-01,2.070615999999999985e+04
4.775500000000000000e+03,9.016854000000000724e+01,2.596050999999999775e-01,2.079280999999999767e+04
4.785500000000000000e+03,9.016711000000000809e+01,2.598091999999999624e-01,2.087965000000000146e+04
4.795500000000000000e+03,9.016425000000000978e+01,2.597685000000000133e-01,2.096669000000000233e+04
4.805500000000000000e+03,9.016996999999999218e+01,2.598962000000000216e-01,2.105403333333333285e+04
4.815500000000000000e+03,9.016282000000001062e+01,2.594633000000000078e-01,2.114154333333333489e+04
4.825500000000000000e+03,9.016567999999999472e+01,2.596837999999999647e-01,2.122921999999999753e+04
4.835500000000000000e+03,9.016711000000000809e+01,2.594807000000000641e-01,2.131707999999999811e+04
4.845500000000000000e+03,9.016425000000000978e+01,2.594240999999999908e-01,2.140512333333333299e+04
4.855500000000000000e+03,9.016568000000000893e+01,2.595182999999999796e-01,2.149335333333333620e+04
4.865500000000000000e+03,9.016139000000001147e+01,2.596151000000000431e-01,2.158179333333333125e+04
4.875500000000000000e+03,9.016424999999999557e+01,2.595451999999999759e-01,2.167042666666666992e+04
4.885500000000000000e+03,9.015995999999999810e+01,2.595440999999999998e-01,2.175925333333333401e+04
4.895500000000000000e+03,9.015852999999999895e+01,2.597846999999999795e-01,2.184826333333333241e+04
4.905500000000000000e+03,9.016281999999999641e+01,2.596097999999999462e-01,2.193745999999999913e+04
4.915500000000000000e+03,9.015852999999999895e+01,2.595631000000000466e-01,2.202684000000000378e+04
4.925500000000000000e+03,9.016138999999999726e+01,2.597494999999999665e-01,2.211639666666666744e+04
4.935500000000000000e+03,9.015995999999999810e+01,2.594961999999999547e-01,2.220614333333333343e+04
4.945500000000000000e+03,9.016281999999999641e+01,2.595520000000000049e-01,2.229605333333333328e+04
4.955500000000000000e+03,9.015709999999999980e+01,2.595406000000000102e-01,2.238613666666666904e+04
4.965500000000000000e+03,9.015709999999999980e+01,2.593246999999999636e-01,2.247640333333333547e+04
4.975500000000000000e+03,9.015852999999999895e+01,2.592195999999999945e-01,2.256685333333332892e+04
4.985500000000000000e+03,9.015709999999999980e+01,2.591365999999999947e-01,2.265746999999999753e+04
4.995500000000000000e+03,9.016139000000001147e+01,2.594611999999999474e-01,2.274825000000000000e+04
