5.500000000000000000e+00,8.935141000000000133e+01,7.804268999999999323e+01,1.421514999999999931e-02
1.550000000000000000e+01,8.625142999999999915e+01,1.197332899999999967e+01,8.153669666666665816e-02
2.550000000000000000e+01,8.600572000000001083e+01,8.457708999999999477e+00,2.074147333333333232e-01
3.550000000000000000e+01,8.838000000000000966e+01,6.161103999999999914e+00,3.917976333333333394e-01
4.550000000000000000e+01,8.760859000000000663e+01,5.010811999999999600e+00,6.384781333333332531e-01
5.550000000000000000e+01,8.836287000000000091e+01,4.196683000000000163e+00,9.655242999999998910e-01
6.550000000000000000e+01,8.609284999999999854e+01,3.598438000000000248e+00,1.351140666666666545e+00
7.550000000000000000e+01,8.847427999999999315e+01,3.024928000000000061e+00,1.792078666666666820e+00
8.550000000000000000e+01,8.772285999999999717e+01,2.568445999999999785e+00,2.288477333333333252e+00
9.550000000000000000e+01,8.861713999999999203e+01,2.243120999999999921e+00,2.853741666666667065e+00
1.055000000000000000e+02,8.869858999999999583e+01,1.911442000000000307e+00,3.492150666666666403e+00
1.155000000000000000e+02,8.847287000000000035e+01,1.820381000000000027e+00,4.187926333333332529e+00
1.255000000000000000e+02,8.951142999999999006e+01,1.742107000000000072e+00,4.940888666666666929e+00
1.355000000000000000e+02,8.952429000000000769e+01,1.546162999999999954e+00,5.749961333333333258e+00
1.455000000000000000e+02,8.968426999999999794e+01,1.587548999999999877e+00,6.614244666666666994e+00
1.555000000000000000e+02,9.041572999999999638e+01,1.212733499999999909e+00,7.533507000000000176e+00
1.655000000000000000e+02,8.882428999999999064e+01,1.256572999999999940e+00,8.509817666666666724e+00
1.755000000000000000e+02,8.836142999999999859e+01,1.167009799999999986e+00,9.545099333333334712e+00
1.855000000000000000e+02,8.820713999999999544e+01,1.152429799999999949e+00,1.064105866666666600e+01
1.955000000000000000e+02,8.811001000000001682e+01,1.041613699999999865e+00,1.179981666666666840e+01
2.055000000000000000e+02,8.756283999999999423e+01,1.033965400000000034e+00,1.302102000000000182e+01
2.155000000000000000e+02,8.724000999999999806e+01,9.020721999999998797e-01,1.429973000000000027e+01
2.255000000000000000e+02,8.738716000000000861e+01,8.151696999999998861e-01,1.563502333333333638e+01
2.355000000000000000e+02,8.795285000000001219e+01,9.508537000000000239e-01,1.702718000000000131e+01
2.455000000000000000e+02,8.817858999999999980e+01,8.508550000000001390e-01,1.847572999999999865e+01
2.555000000000000000e+02,8.726570999999999856e+01,7.805305000000000160e-01,1.998039333333333190e+01
2.655000000000000000e+02,8.751142999999999006e+01,7.566604999999999581e-01,2.154059999999999775e+01
2.755000000000000000e+02,8.752000000000001023e+01,7.987336999999999909e-01,2.315634666666666774e+01
2.855000000000000000e+02,8.816141999999999257e+01,7.858289999999999997e-01,2.482838666666666683e+01
2.955000000000000000e+02,8.826858999999998900e+01,7.260142000000000539e-01,2.655704666666666824e+01
3.055000000000000000e+02,8.850714999999999577e+01,7.002596999999999294e-01,2.834260666666666495e+01
3.155000000000000000e+02,8.832143000000000654e+01,6.303132000000000179e-01,3.018566666666666265e+01
3.255000000000000000e+02,8.847855999999998744e+01,6.364179999999999282e-01,3.208599000000000245e+01
3.355000000000000000e+02,8.841572999999999638e+01,6.312225000000000197e-01,3.404456666666666820e+01
3.455000000000000000e+02,8.827143999999999835e+01,6.018963000000001617e-01,3.606770333333334122e+01
3.555000000000000000e+02,8.850142999999999915e+01,6.026580000000001380e-01,3.815538999999999703e+01
3.655000000000000000e+02,8.773288000000000864e+01,5.398613999999999358e-01,4.030269666666666240e+01
3.755000000000000000e+02,8.804857000000001221e+01,5.350827999999999696e-01,4.251226999999999379e+01
3.855000000000000000e+02,8.814998000000001355e+01,5.155220999999998721e-01,4.478071666666667028e+01
3.955000000000000000e+02,8.803856000000000392e+01,5.182223999999999720e-01,4.711162000000000205e+01
4.055000000000000000e+02,8.786142999999999859e+01,5.573417000000000510e-01,4.950595666666666261e+01
4.155000000000000000e+02,8.798143999999999210e+01,5.225253999999999177e-01,5.195994999999999209e+01
4.255000000000000000e+02,8.814286000000001309e+01,5.089392000000000360e-01,5.447387666666666206e+01
4.355000000000000000e+02,8.792286000000000001e+01,4.687303999999999915e-01,5.704742333333333448e+01
4.455000000000000000e+02,8.785427999999998860e+01,5.045230999999998911e-01,5.967991333333333159e+01
4.555000000000000000e+02,8.790572000000000230e+01,4.933486000000001370e-01,6.237210000000000321e+01
4.655000000000000000e+02,8.775429000000001167e+01,5.152707999999999178e-01,6.512150333333332242e+01
4.755000000000000000e+02,8.744428999999999519e+01,4.849887000000000503e-01,6.792740333333334490e+01
4.855000000000000000e+02,8.726712999999999454e+01,5.093992000000000520e-01,7.078899333333333743e+01
4.955000000000000000e+02,8.715714999999998724e+01,4.800079999999999347e-01,7.370669333333334805e+01
5.055000000000000000e+02,8.708570999999999174e+01,4.742561999999999611e-01,7.668139333333333241e+01
5.155000000000000000e+02,8.707428000000001589e+01,4.865256999999999499e-01,7.971202666666667369e+01
5.255000000000000000e+02,8.734142999999998835e+01,4.559904999999999653e-01,8.279821333333333655e+01
5.355000000000000000e+02,8.676285000000000025e+01,4.506889000000000034e-01,8.594004666666667447e+01
5.455000000000000000e+02,8.666858000000000573e+01,4.669306000000000845e-01,8.913839000000000112e+01
5.555000000000000000e+02,8.707141000000001441e+01,4.141746999999999512e-01,9.239308333333333678e+01
5.655000000000000000e+02,8.690427999999999997e+01,4.458620999999999834e-01,9.570463333333333367e+01
5.755000000000000000e+02,8.646002000000001431e+01,4.268653000000000586e-01,9.907262999999998954e+01
5.855000000000000000e+02,8.645856000000000563e+01,4.098860000000000281e-01,1.024964133333333365e+02
5.955000000000000000e+02,8.644714000000000453e+01,4.084396000000000138e-01,1.059763666666666495e+02
6.055000000000000000e+02,8.634571000000001106e+01,3.930916999999999883e-01,1.095299666666666809e+02
6.155000000000000000e+02,8.615429000000000315e+01,3.827419999999999711e-01,1.131581666666666734e+02
6.255000000000000000e+02,8.639142999999999972e+01,3.817792999999999881e-01,1.168633666666666642e+02
6.355000000000000000e+02,8.640000000000000568e+01,3.645380000000000287e-01,1.206474666666666735e+02
6.455000000000000000e+02,8.584998000000000218e+01,3.761422000000000376e-01,1.244983666666666551e+02
6.555000000000000000e+02,8.626000000000000512e+01,3.783040999999999210e-01,1.284124999999999659e+02
6.655000000000000000e+02,8.614570000000000505e+01,3.501626999999999934e-01,1.323865999999999872e+02
6.755000000000000000e+02,8.636429000000001110e+01,3.594789999999999930e-01,1.364224666666666508e+02
6.855000000000000000e+02,8.610141999999999030e+01,3.408261000000000207e-01,1.405201666666666540e+02
6.955000000000000000e+02,8.645000999999999181e+01,3.507061999999999680e-01,1.446829333333333523e+02
7.055000000000000000e+02,8.619428000000000623e+01,3.566780999999999979e-01,1.489087333333333447e+02
7.155000000000000000e+02,8.631570999999999572e+01,3.449081999999999981e-01,1.532004000000000019e+02
7.255000000000000000e+02,8.623141000000001100e+01,3.433222000000000773e-01,1.575594333333333168e+02
7.355000000000000000e+02,8.621285000000001730e+01,3.546302000000000065e-01,1.619872666666666703e+02
7.455000000000000000e+02,8.609571000000001106e+01,3.436762000000000428e-01,1.664784333333333564e+02
7.555000000000000000e+02,8.616142000000000678e+01,3.403928999999999983e-01,1.710317666666666696e+02
7.655000000000000000e+02,8.639142999999998551e+01,3.556689000000000656e-01,1.756452666666666858e+02
7.755000000000000000e+02,8.593715999999999156e+01,3.746263000000000232e-01,1.803195333333333394e+02
7.855000000000000000e+02,8.609286000000000172e+01,3.574978999999999796e-01,1.850561999999999898e+02
7.955000000000000000e+02,8.598999000000000592e+01,3.619030999999999776e-01,1.898553999999999746e+02
8.055000000000000000e+02,8.582426999999999850e+01,3.531597000000000208e-01,1.947146333333333246e+02
8.155000000000000000e+02,8.596999999999999886e+01,3.588144999999999807e-01,1.996314999999999884e+02
8.255000000000000000e+02,8.597713999999999146e+01,3.593391000000000224e-01,2.046052999999999997e+02
8.355000000000000000e+02,8.583714999999999407e+01,3.515233999999999859e-01,2.096360000000000241e+02
8.455000000000000000e+02,8.578286999999998841e+01,3.460300000000000042e-01,2.147274999999999636e+02
8.555000000000000000e+02,8.584713999999999601e+01,3.349760000000000515e-01,2.198783333333333871e+02
8.655000000000000000e+02,8.552143000000000939e+01,3.368909999999999960e-01,2.250904666666666856e+02
8.755000000000000000e+02,8.574285999999999319e+01,3.442878000000000327e-01,2.303656333333332782e+02
8.855000000000000000e+02,8.543286000000000513e+01,3.409271000000000384e-01,2.357034333333333507e+02
8.955000000000000000e+02,8.556430000000000291e+01,3.313731999999999789e-01,2.411016666666666879e+02
9.055000000000000000e+02,8.537000000000000455e+01,3.286687999999999832e-01,2.465636999999999830e+02
9.155000000000000000e+02,8.554999999999999716e+01,3.235679999999999668e-01,2.520866666666666731e+02
9.255000000000000000e+02,8.574714000000000169e+01,3.380838999999999928e-01,2.576704666666666412e+02
9.355000000000000000e+02,8.541713000000000022e+01,2.930635999999999797e-01,2.633158999999999992e+02
9.455000000000000000e+02,8.557284999999998831e+01,3.032568000000000485e-01,2.690209333333333461e+02
9.555000000000000000e+02,8.560428999999999178e+01,3.155629999999999824e-01,2.747890000000000441e+02
9.655000000000000000e+02,8.549000999999998385e+01,3.035453000000000179e-01,2.806193333333333157e+02
9.755000000000000000e+02,8.550001000000000317e+01,2.969841000000000286e-01,2.865097999999999843e+02
9.855000000000000000e+02,8.556999999999999318e+01,3.068517000000000050e-01,2.924579999999999700e+02
9.955000000000000000e+02,8.548001000000000715e+01,2.810265000000000124e-01,2.984654999999999632e+02
1.005500000000000000e+03,8.551570000000000960e+01,3.065398000000000289e-01,3.045313333333333503e+02
1.015500000000000000e+03,8.559429000000001508e+01,2.758183000000000162e-01,3.106569666666666762e+02
1.025500000000000000e+03,8.551856999999999687e+01,2.729252999999999818e-01,3.168421333333333223e+02
1.035500000000000000e+03,8.539714999999999634e+01,3.013228000000000018e-01,3.230854999999999677e+02
1.045500000000000000e+03,8.534285999999998751e+01,2.742740000000000178e-01,3.293878666666666390e+02
1.055500000000000000e+03,8.543430000000000746e+01,2.887133000000000616e-01,3.357516666666666652e+02
1.065500000000000000e+03,8.530857000000000312e+01,2.749248000000000247e-01,3.421708999999999605e+02
1.075500000000000000e+03,8.552998999999999796e+01,2.914464999999999972e-01,3.486465333333333660e+02
1.085500000000000000e+03,8.552428000000000452e+01,2.961320000000000618e-01,3.551790666666666993e+02
1.095500000000000000e+03,8.531857999999999720e+01,2.650084000000000328e-01,3.617679333333333602e+02
1.105500000000000000e+03,8.534712000000000387e+01,2.967866999999999589e-01,3.684129666666666481e+02
1.115500000000000000e+03,8.552714999999999179e+01,2.899441999999999853e-01,3.751139333333333639e+02
1.125500000000000000e+03,8.552141999999999200e+01,2.986938000000000093e-01,3.818711333333333187e+02
1.135500000000000000e+03,8.533714000000000510e+01,3.064409000000000161e-01,3.886845999999999322e+02
1.145500000000000000e+03,8.529000000000000625e+01,3.111408000000000507e-01,3.955536666666666861e+02
1.155500000000000000e+03,8.546000000000000796e+01,3.366154000000000091e-01,4.024779999999999518e+02
1.165500000000000000e+03,8.544141999999999371e+01,3.012780000000000458e-01,4.094606999999999744e+02
1.175500000000000000e+03,8.539570999999999401e+01,3.247136999999999940e-01,4.165174000000000092e+02
1.185500000000000000e+03,8.523856999999999573e+01,2.859596999999999833e-01,4.236346333333332836e+02
1.195500000000000000e+03,8.558572000000000912e+01,3.401967000000000185e-01,4.308122666666666873e+02
1.205500000000000000e+03,8.545998999999999057e+01,3.339728000000000141e-01,4.380966666666666356e+02
1.215500000000000000e+03,8.530429999999998358e+01,3.066774000000000444e-01,4.454595333333332974e+02
1.225500000000000000e+03,8.523572000000000060e+01,2.897306000000000048e-01,4.528809666666667226e+02
1.235500000000000000e+03,8.525142999999999915e+01,3.048784999999999412e-01,4.603622666666666987e+02
1.245500000000000000e+03,8.533142999999999745e+01,2.921141999999999905e-01,4.679035000000000650e+02
1.255500000000000000e+03,8.533286000000001081e+01,3.007950999999999264e-01,4.755067333333333295e+02
1.265500000000000000e+03,8.517001000000000488e+01,3.096398999999999679e-01,4.831715666666667062e+02
1.275500000000000000e+03,8.517143000000000086e+01,3.139698000000000211e-01,4.908982999999999493e+02
1.285500000000000000e+03,8.495570000000000732e+01,3.304418999999999551e-01,4.986846666666667147e+02
1.295500000000000000e+03,8.508858000000000743e+01,3.298271000000000397e-01,5.065304999999999609e+02
1.305500000000000000e+03,8.511856000000000222e+01,3.210351999999999650e-01,5.144372000000000753e+02
1.315500000000000000e+03,8.513571000000000311e+01,3.099533000000000427e-01,5.224048333333332721e+02
1.325500000000000000e+03,8.501715000000000089e+01,3.189961000000000046e-01,5.304339000000001079e+02
1.335500000000000000e+03,8.515716000000000463e+01,3.085144000000000775e-01,5.385239333333333889e+02
1.345500000000000000e+03,8.497144000000000119e+01,3.089688999999999908e-01,5.466748999999999796e+02
1.355500000000000000e+03,8.501140999999999792e+01,3.114229000000000025e-01,5.548862000000000307e+02
1.365500000000000000e+03,8.505427000000000248e+01,3.200509999999999744e-01,5.631589333333333798e+02
1.375500000000000000e+03,8.501569000000000642e+01,3.067712999999999690e-01,5.714934666666665635e+02
1.385500000000000000e+03,8.511572999999999922e+01,3.193678999999999824e-01,5.798885666666666339e+02
1.395500000000000000e+03,8.502143000000000939e+01,3.071749999999999758e-01,5.883462999999999283e+02
1.405500000000000000e+03,8.512997999999998910e+01,2.991666000000000047e-01,5.968684000000000651e+02
1.415500000000000000e+03,8.497999000000001502e+01,3.020930000000000004e-01,6.054524666666666235e+02
1.425500000000000000e+03,8.488429000000000713e+01,3.207737999999999978e-01,6.140983666666667204e+02
1.435500000000000000e+03,8.481570999999999572e+01,3.008684000000000358e-01,6.228048000000000002e+02
1.445500000000000000e+03,8.489140000000000441e+01,3.107292999999999861e-01,6.315729333333334807e+02
1.455500000000000000e+03,8.489712999999998999e+01,3.011655999999999223e-01,6.404033333333333076e+02
1.465500000000000000e+03,8.499427000000000021e+01,3.134120999999999713e-01,6.492945666666666966e+02
1.475500000000000000e+03,8.483572999999999809e+01,3.190708999999999906e-01,6.582472000000000207e+02
1.485500000000000000e+03,8.489713999999999317e+01,3.111645999999999579e-01,6.672605666666665911e+02
1.495500000000000000e+03,8.479714000000001306e+01,3.149817000000000311e-01,6.763349333333333107e+02
1.505500000000000000e+03,8.487859000000000265e+01,3.064663000000000248e-01,6.854677000000000362e+02
1.515500000000000000e+03,8.474143000000000825e+01,3.112219999999999986e-01,6.946609666666665817e+02
1.525500000000000000e+03,8.485858000000000345e+01,3.049936999999999787e-01,7.039146333333331995e+02
1.535500000000000000e+03,8.490427999999999997e+01,3.151842000000000255e-01,7.132277333333333900e+02
1.545500000000000000e+03,8.496712999999999738e+01,3.005543999999999438e-01,7.226112333333333027e+02
1.555500000000000000e+03,8.483428999999999576e+01,3.238379999999999592e-01,7.320655333333331782e+02
1.565500000000000000e+03,8.482284999999998831e+01,3.009610000000000340e-01,7.415824000000000069e+02
1.575500000000000000e+03,8.490856999999999744e+01,2.864123000000000085e-01,7.511618333333333339e+02
1.585500000000000000e+03,8.483284999999999343e+01,3.085169999999999857e-01,7.608020666666667466e+02
1.595500000000000000e+03,8.497713999999999146e+01,2.904670000000000307e-01,7.705069999999999482e+02
1.605500000000000000e+03,8.477714999999999179e+01,2.918759999999999688e-01,7.802741666666667015e+02
1.615500000000000000e+03,8.491715999999999553e+01,2.962230000000000141e-01,7.901022999999999001e+02
1.625500000000000000e+03,8.484285999999998751e+01,2.888294000000000139e-01,7.999911999999999352e+02
1.635500000000000000e+03,8.490285000000000082e+01,2.934358999999999718e-01,8.099407999999999674e+02
1.645500000000000000e+03,8.483285999999999660e+01,2.923130999999999924e-01,8.199517999999998210e+02
1.655500000000000000e+03,8.485857000000001449e+01,2.802472999999999770e-01,8.300227999999999611e+02
1.665500000000000000e+03,8.478430000000000177e+01,2.806891000000000247e-01,8.401555000000000746e+02
1.675500000000000000e+03,8.491857999999999151e+01,2.857052000000000480e-01,8.503494000000000597e+02
1.685500000000000000e+03,8.488144000000001199e+01,2.822449000000000208e-01,8.606052999999999429e+02
1.695500000000000000e+03,8.480714000000000397e+01,2.799429999999999419e-01,8.709291333333333114e+02
1.705500000000000000e+03,8.468858000000001596e+01,2.793975999999999682e-01,8.813183333333333849e+02
1.715500000000000000e+03,8.480999999999998806e+01,2.762763000000000302e-01,8.917670666666665511e+02
1.725500000000000000e+03,8.478143000000000029e+01,2.718697999999999948e-01,9.022773000000000820e+02
1.735500000000000000e+03,8.483857999999999322e+01,2.832448999999999661e-01,9.128479666666665935e+02
1.745500000000000000e+03,8.487716000000000349e+01,2.670081999999999733e-01,9.234831333333335124e+02
1.755500000000000000e+03,8.492569999999999197e+01,2.692257000000000122e-01,9.341817666666665900e+02
1.765500000000000000e+03,8.483999000000000024e+01,2.555859999999999799e-01,9.449410000000000309e+02
1.775500000000000000e+03,8.481427999999999656e+01,2.599402000000000101e-01,9.557596666666668170e+02
1.785500000000000000e+03,8.486714000000000624e+01,2.588315999999999950e-01,9.666386333333332459e+02
1.795500000000000000e+03,8.483284000000000447e+01,2.468109999999999749e-01,9.775830666666666957e+02
1.805500000000000000e+03,8.485001000000001170e+01,2.641524999999999568e-01,9.885982000000000198e+02
1.815500000000000000e+03,8.495141999999999882e+01,2.507293999999999912e-01,9.996737333333333027e+02
1.825500000000000000e+03,8.490715000000000146e+01,2.550217000000000178e-01,1.010809666666666658e+03
1.835500000000000000e+03,8.481427999999999656e+01,2.613498000000000210e-01,1.022003999999999905e+03
1.845500000000000000e+03,8.504572000000000287e+01,2.506994000000000167e-01,1.033265666666666675e+03
1.855500000000000000e+03,8.499429999999999552e+01,2.472287000000000234e-01,1.044587333333333390e+03
1.865500000000000000e+03,8.497144000000000119e+01,2.432991999999999655e-01,1.055970666666666602e+03
1.875500000000000000e+03,8.497001000000000204e+01,2.467567000000000232e-01,1.067419000000000096e+03
1.885500000000000000e+03,8.494714000000000453e+01,2.597520999999999858e-01,1.078926000000000158e+03
1.895500000000000000e+03,8.491285000000000593e+01,2.529461000000000070e-01,1.090496666666666670e+03
1.905500000000000000e+03,8.496143000000000711e+01,2.477678000000000103e-01,1.102128999999999905e+03
1.915500000000000000e+03,8.507284999999998831e+01,2.468494999999999995e-01,1.113822666666666464e+03
1.925500000000000000e+03,8.504999000000000819e+01,2.495261999999999758e-01,1.125579333333333580e+03
1.935500000000000000e+03,8.505715000000000714e+01,2.356564999999999910e-01,1.137400000000000091e+03
1.945500000000000000e+03,8.512715000000000032e+01,2.455767999999999840e-01,1.149279999999999973e+03
1.955500000000000000e+03,8.509284999999999854e+01,2.428481999999999863e-01,1.161218333333333476e+03
1.965500000000000000e+03,8.507286000000000570e+01,2.427128000000000063e-01,1.173219666666666626e+03
1.975500000000000000e+03,8.513998999999999739e+01,2.336516000000000426e-01,1.185280999999999722e+03
1.985500000000000000e+03,8.514997999999999934e+01,2.503505999999999787e-01,1.197402333333333218e+03
1.995500000000000000e+03,8.517427999999999599e+01,2.434842999999999869e-01,1.209583666666666659e+03
2.005500000000000000e+03,8.519856999999998948e+01,2.332131000000000343e-01,1.221828666666666550e+03
2.015500000000000000e+03,8.514286999999998784e+01,2.414634999999999976e-01,1.234134000000000242e+03
2.025500000000000000e+03,8.523002999999999929e+01,2.335287999999999808e-01,1.246500999999999976e+03
2.035500000000000000e+03,8.524714000000001590e+01,2.380277000000000365e-01,1.258927666666666482e+03
2.045500000000000000e+03,8.512715000000000032e+01,2.361415000000000042e-01,1.271413999999999987e+03
2.055500000000000000e+03,8.507285999999999149e+01,2.430591000000000279e-01,1.283961666666666588e+03
2.065500000000000000e+03,8.509143000000001678e+01,2.381794999999999884e-01,1.296566333333333205e+03
2.075500000000000000e+03,8.520286000000000115e+01,2.259514999999999996e-01,1.309231333333333168e+03
2.085500000000000000e+03,8.519855999999998630e+01,2.298376999999999781e-01,1.321954666666666753e+03
2.095500000000000000e+03,8.516284999999997751e+01,2.498941999999999553e-01,1.334737666666666655e+03
2.105500000000000000e+03,8.516713000000000022e+01,2.408941999999999750e-01,1.347579333333333352e+03
2.115500000000000000e+03,8.506571999999999889e+01,2.321494000000000058e-01,1.360481666666666797e+03
2.125500000000000000e+03,8.509713000000000704e+01,2.435253000000000001e-01,1.373442666666666582e+03
2.135500000000000000e+03,8.523857000000000994e+01,2.443873000000000018e-01,1.386458666666666659e+03
2.145500000000000000e+03,8.507000999999999635e+01,2.290575999999999723e-01,1.399536666666666633e+03
2.155500000000000000e+03,8.518571000000000026e+01,2.409444999999999781e-01,1.412677000000000135e+03
2.165500000000000000e+03,8.518573000000000661e+01,2.444164999999999810e-01,1.425875666666666575e+03
2.175500000000000000e+03,8.528285999999999945e+01,2.375748000000000304e-01,1.439131666666666661e+03
2.185500000000000000e+03,8.509144000000000574e+01,2.274265999999999788e-01,1.452445000000000164e+03
2.195500000000000000e+03,8.524571000000000254e+01,2.377915000000000167e-01,1.465817666666666810e+03
2.205500000000000000e+03,8.523426999999999509e+01,2.445357999999999699e-01,1.479248666666666622e+03
2.215500000000000000e+03,8.519427999999999201e+01,2.339543000000000039e-01,1.492739666666666835e+03
2.225500000000000000e+03,8.527284999999999116e+01,2.332946000000000186e-01,1.506288999999999987e+03
2.235500000000000000e+03,8.516571000000000424e+01,2.551025999999999572e-01,1.519920000000000073e+03
2.245500000000000000e+03,8.530285000000000650e+01,2.255619000000000374e-01,1.533620666666666693e+03
2.255500000000000000e+03,8.527857999999999095e+01,2.347039999999999682e-01,1.547379333333333307e+03
2.265500000000000000e+03,8.516428000000000509e+01,2.323503000000000096e-01,1.561193333333333612e+03
2.275500000000000000e+03,8.521143999999999608e+01,2.318664999999999754e-01,1.575064666666666653e+03
2.285500000000000000e+03,8.531714999999999804e+01,2.327772000000000452e-01,1.588990666666666812e+03
2.295500000000000000e+03,8.526714000000001192e+01,2.276485000000000036e-01,1.602970666666666602e+03
2.305500000000000000e+03,8.522856000000000165e+01,2.305789000000000311e-01,1.617007000000000062e+03
2.315500000000000000e+03,8.535428999999999178e+01,2.244022999999999435e-01,1.631099999999999909e+03
2.325500000000000000e+03,8.534427999999999770e+01,2.318404000000000020e-01,1.645257333333333463e+03
2.335500000000000000e+03,8.531570999999999572e+01,2.248056999999999694e-01,1.659472999999999956e+03
2.345500000000000000e+03,8.525428000000000850e+01,2.353660999999999670e-01,1.673745333333333519e+03
2.355500000000000000e+03,8.527286999999998329e+01,2.325327000000000088e-01,1.688077999999999975e+03
2.365500000000000000e+03,8.536285999999999774e+01,2.343498999999999999e-01,1.702467666666666673e+03
2.375500000000000000e+03,8.543142999999999176e+01,2.295639000000000429e-01,1.716912666666666382e+03
2.385500000000000000e+03,8.534000000000000341e+01,2.345044999999999769e-01,1.731413333333333412e+03
2.395500000000000000e+03,8.530142000000000735e+01,2.359659000000000062e-01,1.745969333333333680e+03
2.405500000000000000e+03,8.531714999999999804e+01,2.335697999999999941e-01,1.760581999999999880e+03
2.415500000000000000e+03,8.529856999999999800e+01,2.278574999999999906e-01,1.775254000000000133e+03
2.425500000000000000e+03,8.537284999999999968e+01,2.322928000000000215e-01,1.789985666666666702e+03
2.435500000000000000e+03,8.529856999999999800e+01,2.342709000000000041e-01,1.804775666666666893e+03
2.445500000000000000e+03,8.540142999999999063e+01,2.346124999999999738e-01,1.819624666666666599e+03
2.455500000000000000e+03,8.534283999999999537e+01,2.343529999999999780e-01,1.834535666666666657e+03
2.465500000000000000e+03,8.532000000000000739e+01,2.348187999999999942e-01,1.849506333333333259e+03
2.475500000000000000e+03,8.540571000000001334e+01,2.402399999999999536e-01,1.864533666666666932e+03
2.485500000000000000e+03,8.538428000000001816e+01,2.345242999999999911e-01,1.879620666666666466e+03
2.495500000000000000e+03,8.533142999999999745e+01,2.370746000000000520e-01,1.894762333333333345e+03
2.505500000000000000e+03,8.543998999999999455e+01,2.400984000000000174e-01,1.909961666666666588e+03
2.515500000000000000e+03,8.529571999999998866e+01,2.320757999999999710e-01,1.925216999999999871e+03
2.525500000000000000e+03,8.536285999999999774e+01,2.454401999999999973e-01,1.940531000000000176e+03
2.535500000000000000e+03,8.529856000000000904e+01,2.394013999999999864e-01,1.955901333333333241e+03
2.545500000000000000e+03,8.536857999999999436e+01,2.381686999999999832e-01,1.971333666666666659e+03
2.555500000000000000e+03,8.534999999999999432e+01,2.368657000000000123e-01,1.986827666666666801e+03
2.565500000000000000e+03,8.533142999999999745e+01,2.387910999999999784e-01,2.002381666666666661e+03
2.575500000000000000e+03,8.539142000000001076e+01,2.343426000000000120e-01,2.017997000000000071e+03
2.585500000000000000e+03,8.532286000000001991e+01,2.393594000000000277e-01,2.033670666666666875e+03
2.595500000000000000e+03,8.528285999999999945e+01,2.415022000000000002e-01,2.049409000000000560e+03
2.605500000000000000e+03,8.540716000000000463e+01,2.469078999999999857e-01,2.065209666666666635e+03
2.615500000000000000e+03,8.537141999999998632e+01,2.431181000000000036e-01,2.081068000000000211e+03
2.625500000000000000e+03,8.533572999999999809e+01,2.332659999999999734e-01,2.096985666666666475e+03
2.635500000000000000e+03,8.543713999999999942e+01,2.537118999999999902e-01,2.112959000000000287e+03
2.645500000000000000e+03,8.539142999999999972e+01,2.425850999999999702e-01,2.128991999999999734e+03
2.655500000000000000e+03,8.531428999999999974e+01,2.526312000000000557e-01,2.145083999999999833e+03
2.665500000000000000e+03,8.541142999999999574e+01,2.427291999999999506e-01,2.161235666666666930e+03
2.675500000000000000e+03,8.531427999999999656e+01,2.417924000000000184e-01,2.177445000000000164e+03
2.685500000000000000e+03,8.539857000000000653e+01,2.484716000000000147e-01,2.193717999999999847e+03
2.695500000000000000e+03,8.535142999999999347e+01,2.523738000000000370e-01,2.210047666666667283e+03
2.705500000000000000e+03,8.523999000000000592e+01,2.564715000000000189e-01,2.226436000000000149e+03
2.715500000000000000e+03,8.539000000000001478e+01,2.519225999999999965e-01,2.242878333333333103e+03
2.725500000000000000e+03,8.543571999999998923e+01,2.517993000000000037e-01,2.259384666666666817e+03
2.735500000000000000e+03,8.542289000000000954e+01,2.510539999999999994e-01,2.275951666666666824e+03
2.745500000000000000e+03,8.530571999999999377e+01,2.467635000000000522e-01,2.292585666666666384e+03
2.755500000000000000e+03,8.532712999999999681e+01,2.549561999999999662e-01,2.309283333333332848e+03
2.765500000000000000e+03,8.533144000000000062e+01,2.449456000000000411e-01,2.326037666666666610e+03
2.775500000000000000e+03,8.545570999999999628e+01,2.474520999999999804e-01,2.342860999999999876e+03
2.785500000000000000e+03,8.543715000000000259e+01,2.444347000000000047e-01,2.359759333333333416e+03
2.795500000000000000e+03,8.539285999999999888e+01,2.532199999999999451e-01,2.376717666666666446e+03
2.805500000000000000e+03,8.549714000000000169e+01,2.451430000000000275e-01,2.393742333333333136e+03
2.815500000000000000e+03,8.535571000000000197e+01,2.410790999999999629e-01,2.410824666666666417e+03
2.825500000000000000e+03,8.531287000000000376e+01,2.547409999999999952e-01,2.427970333333333656e+03
2.835500000000000000e+03,8.535714000000000112e+01,2.473479000000000094e-01,2.445177666666666937e+03
2.845500000000000000e+03,8.542570999999999515e+01,2.479946000000000095e-01,2.462448333333333267e+03
2.855500000000000000e+03,8.543142000000000280e+01,2.506442000000000392e-01,2.479779999999999745e+03
2.865500000000000000e+03,8.546141999999998973e+01,2.382519999999999916e-01,2.497173000000000229e+03
2.875500000000000000e+03,8.538572999999999524e+01,2.505063000000000151e-01,2.514628333333333103e+03
2.885500000000000000e+03,8.542141999999999769e+01,2.496259000000000117e-01,2.532150333333333492e+03
2.895500000000000000e+03,8.542428999999999917e+01,2.463199999999999557e-01,2.549738999999999578e+03
2.905500000000000000e+03,8.538714000000000226e+01,2.439417000000000113e-01,2.567392999999999574e+03
2.915500000000000000e+03,8.543428999999999007e+01,2.532254999999999923e-01,2.585108333333333121e+03
2.925500000000000000e+03,8.556856000000000506e+01,2.505661000000000138e-01,2.602883000000000266e+03
2.935500000000000000e+03,8.547714999999999463e+01,2.507975000000000065e-01,2.620719000000000051e+03
2.945500000000000000e+03,8.547428999999999633e+01,2.391850999999999838e-01,2.638613666666667086e+03
2.955500000000000000e+03,8.553857000000000710e+01,2.483571999999999724e-01,2.656569999999999709e+03
2.965500000000000000e+03,8.559284999999999854e+01,2.509550999999999865e-01,2.674585333333332983e+03
2.975500000000000000e+03,8.564855000000000018e+01,2.462529999999999997e-01,2.692664333333333161e+03
2.985500000000000000e+03,8.553284999999999627e+01,2.531525000000000025e-01,2.710802999999999884e+03
2.995500000000000000e+03,8.557572000000000401e+01,2.401060000000000139e-01,2.729000999999999294e+03
3.005500000000000000e+03,8.557998999999999512e+01,2.423319000000000167e-01,2.747263333333333321e+03
3.015500000000000000e+03,8.558285000000000764e+01,2.446396000000000126e-01,2.765585333333333438e+03
3.025500000000000000e+03,8.558715000000000828e+01,2.453797999999999813e-01,2.783970333333333201e+03
3.035500000000000000e+03,8.558428000000000679e+01,2.463490999999999875e-01,2.802414333333333161e+03
3.045500000000000000e+03,8.556856999999999402e+01,2.436295000000000266e-01,2.820921333333333223e+03
3.055500000000000000e+03,8.564287000000000205e+01,2.449746000000000146e-01,2.839486666666666679e+03
3.065500000000000000e+03,8.567856000000000449e+01,2.460321000000000036e-01,2.858112333333333481e+03
3.075500000000000000e+03,8.565858000000000061e+01,2.446075000000000055e-01,2.876798333333333630e+03
3.085500000000000000e+03,8.559999000000000535e+01,2.403145000000000420e-01,2.895542666666666719e+03
3.095500000000000000e+03,8.565999000000002184e+01,2.399176000000000086e-01,2.914350999999999658e+03
3.105500000000000000e+03,8.554000000000000625e+01,2.429756000000000138e-01,2.933222333333333154e+03
3.115500000000000000e+03,8.558429999999999893e+01,2.404392000000000196e-01,2.952154333333332943e+03
3.125500000000000000e+03,8.555999999999998806e+01,2.432357999999999743e-01,2.971149000000000342e+03
3.135500000000000000e+03,8.575856999999999175e+01,2.309228000000000114e-01,2.990201999999999771e+03
3.145500000000000000e+03,8.569284000000000390e+01,2.392901000000000056e-01,3.009318333333333612e+03
3.155500000000000000e+03,8.571285999999999206e+01,2.408817000000000041e-01,3.028497333333333700e+03
3.165500000000000000e+03,8.572142999999999802e+01,2.378659999999999941e-01,3.047736333333333278e+03
3.175500000000000000e+03,8.578287000000000262e+01,2.388396000000000130e-01,3.067038000000000011e+03
3.185500000000000000e+03,8.580143000000001052e+01,2.422818000000000471e-01,3.086401999999999589e+03
3.195500000000000000e+03,8.579429000000000372e+01,2.406240999999999519e-01,3.105827333333332717e+03
3.205500000000000000e+03,8.576715000000000089e+01,2.407777000000000389e-01,3.125314333333333252e+03
3.215500000000000000e+03,8.592998000000000047e+01,2.314893000000000089e-01,3.144862666666666883e+03
3.225500000000000000e+03,8.589999000000000251e+01,2.370869999999999922e-01,3.164469000000000051e+03
3.235500000000000000e+03,8.590286000000000399e+01,2.396022999999999903e-01,3.184132000000000062e+03
3.245500000000000000e+03,8.589856999999999232e+01,2.410827999999999860e-01,3.203852333333333263e+03
3.255500000000000000e+03,8.591143000000000995e+01,2.372274999999999801e-01,3.223630000000000109e+03
3.265500000000000000e+03,8.591141999999999257e+01,2.402127000000000012e-01,3.243466666666666697e+03
3.275500000000000000e+03,8.598426000000000613e+01,2.356082999999999927e-01,3.263364000000000033e+03
3.285500000000000000e+03,8.599715000000000487e+01,2.400084000000000106e-01,3.283316333333333660e+03
3.295500000000000000e+03,8.593141999999998859e+01,2.413763999999999910e-01,3.303331333333333987e+03
3.305500000000000000e+03,8.588714000000000226e+01,2.398540000000000116e-01,3.323415666666666311e+03
3.315500000000000000e+03,8.602714000000000283e+01,2.410231999999999652e-01,3.343587666666666337e+03
3.325500000000000000e+03,8.603999999999999204e+01,2.373116000000000114e-01,3.363821666666666715e+03
3.335500000000000000e+03,8.598143000000000313e+01,2.385290999999999939e-01,3.384116000000000440e+03
3.345500000000000000e+03,8.604285000000001560e+01,2.391201999999999772e-01,3.404474999999999909e+03
3.355500000000000000e+03,8.608714999999999407e+01,2.378029999999999866e-01,3.424896666666666533e+03
3.365500000000000000e+03,8.607856999999999914e+01,2.400779999999999581e-01,3.445374666666667508e+03
3.375500000000000000e+03,8.594714999999999350e+01,2.409961999999999660e-01,3.465912666666666155e+03
3.385500000000000000e+03,8.607571999999998980e+01,2.401151999999999731e-01,3.486516666666666424e+03
3.395500000000000000e+03,8.605714000000000397e+01,2.335244000000000208e-01,3.507180333333332783e+03
3.405500000000000000e+03,8.615573000000000548e+01,2.333141000000000242e-01,3.527903333333333194e+03
3.415500000000000000e+03,8.596715000000000373e+01,2.403200000000000336e-01,3.548683333333332939e+03
3.425500000000000000e+03,8.604142000000000223e+01,2.335589999999999888e-01,3.569520333333332928e+03
3.435500000000000000e+03,8.615713000000000932e+01,2.365286999999999806e-01,3.590418333333333521e+03
3.445500000000000000e+03,8.623429000000001565e+01,2.364745000000000597e-01,3.611373000000000502e+03
3.455500000000000000e+03,8.615713999999999828e+01,2.361058000000000323e-01,3.632386666666666770e+03
3.465500000000000000e+03,8.619714999999999350e+01,2.309636999999999940e-01,3.653456333333332623e+03
3.475500000000000000e+03,8.625143999999998812e+01,2.371882999999999908e-01,3.674586666666667043e+03
3.485500000000000000e+03,8.611284999999999457e+01,2.352925000000000433e-01,3.695777666666666391e+03
3.495500000000000000e+03,8.620570999999999628e+01,2.394471999999999989e-01,3.717036333333333459e+03
3.505500000000000000e+03,8.614141999999999655e+01,2.301721999999999935e-01,3.738356666666666570e+03
3.515500000000000000e+03,8.627143000000000939e+01,2.338794999999999624e-01,3.759733000000000175e+03
3.525500000000000000e+03,8.626712999999999454e+01,2.304694000000000464e-01,3.781169666666667126e+03
3.535500000000000000e+03,8.621572000000000457e+01,2.343896000000000035e-01,3.802663333333332957e+03
3.545500000000000000e+03,8.623570000000000846e+01,2.300400000000000222e-01,3.824213666666666541e+03
3.555500000000000000e+03,8.632999999999999829e+01,2.305625000000000036e-01,3.845824999999999818e+03
3.565500000000000000e+03,8.631000000000001648e+01,2.316883000000000137e-01,3.867497666666667101e+03
3.575500000000000000e+03,8.630284999999999229e+01,2.335988999999999982e-01,3.889230666666666366e+03
3.585500000000000000e+03,8.627000999999999920e+01,2.305203000000000113e-01,3.911025000000000091e+03
3.595500000000000000e+03,8.631570999999999572e+01,2.319300999999999724e-01,3.932878333333333103e+03
3.605500000000000000e+03,8.633857000000000426e+01,2.364393000000000189e-01,3.954789999999999509e+03
3.615500000000000000e+03,8.631287000000000376e+01,2.384891000000000094e-01,3.976760666666666566e+03
3.625500000000000000e+03,8.635998999999999626e+01,2.360977999999999688e-01,3.998792666666667174e+03
3.635500000000000000e+03,8.629429000000001793e+01,2.339938999999999769e-01,4.020885999999999513e+03
3.645500000000000000e+03,8.638856999999998720e+01,2.279558999999999891e-01,4.043043333333333521e+03
3.655500000000000000e+03,8.640429000000001736e+01,2.325369999999999937e-01,4.065260666666666566e+03
3.665500000000000000e+03,8.636856000000000222e+01,2.270720999999999989e-01,4.087535333333333256e+03
3.675500000000000000e+03,8.640285000000000082e+01,2.301349000000000034e-01,4.109867000000000189e+03
3.685500000000000000e+03,8.636857000000000539e+01,2.275063000000000224e-01,4.132255666666666002e+03
3.695500000000000000e+03,8.635286999999999580e+01,2.304579000000000488e-01,4.154706000000000131e+03
3.705500000000000000e+03,8.641427999999999088e+01,2.287377000000000160e-01,4.177215666666666948e+03
3.715500000000000000e+03,8.643000999999999578e+01,2.295944000000000040e-01,4.199783999999999651e+03
3.725500000000000000e+03,8.647571000000000652e+01,2.284559000000000173e-01,4.222414999999999964e+03
3.735500000000000000e+03,8.640000000000000568e+01,2.295900000000000163e-01,4.245106666666666570e+03
3.745500000000000000e+03,8.640858000000000061e+01,2.271314000000000388e-01,4.267857666666666773e+03
3.755500000000000000e+03,8.643856999999999857e+01,2.292469999999999786e-01,4.290670333333332565e+03
3.765500000000000000e+03,8.639572999999998615e+01,2.267802999999999902e-01,4.313542333333332863e+03
3.775500000000000000e+03,8.642713999999998009e+01,2.312028000000000139e-01,4.336474666666666963e+03
3.785500000000000000e+03,8.644428999999999519e+01,2.270548000000000288e-01,4.359464999999999236e+03
3.795500000000000000e+03,8.650428999999999746e+01,2.279631000000000296e-01,4.382514666666666926e+03
3.805500000000000000e+03,8.649571000000000254e+01,2.289460000000000384e-01,4.405628000000000611e+03
3.815500000000000000e+03,8.648428000000001248e+01,2.278068000000000315e-01,4.428799333333333379e+03
3.825500000000000000e+03,8.647999000000000080e+01,2.259657999999999944e-01,4.452026666666666642e+03
3.835500000000000000e+03,8.647714999999999463e+01,2.272234000000000198e-01,4.475311999999999898e+03
3.845500000000000000e+03,8.650428000000000850e+01,2.258872000000000102e-01,4.498658333333333758e+03
3.855500000000000000e+03,8.648430000000000462e+01,2.246112999999999860e-01,4.522062666666666701e+03
3.865500000000000000e+03,8.646428999999999121e+01,2.273619999999999808e-01,4.545526666666666642e+03
3.875500000000000000e+03,8.648143000000000313e+01,2.252533000000000174e-01,4.569048000000000684e+03
3.885500000000000000e+03,8.647856000000000165e+01,2.252718999999999971e-01,4.592628666666666504e+03
3.895500000000000000e+03,8.658142999999999745e+01,2.268405999999999756e-01,4.616271333333332223e+03
3.905500000000000000e+03,8.651287000000000660e+01,2.256393000000000149e-01,4.639975999999999658e+03
3.915500000000000000e+03,8.654716000000000520e+01,2.257885000000000031e-01,4.663765999999999622e+03
3.925500000000000000e+03,8.655713000000000079e+01,2.264143999999999879e-01,4.687631999999999607e+03
3.935500000000000000e+03,8.655571000000000481e+01,2.266220000000000179e-01,4.711558999999999287e+03
3.945500000000000000e+03,8.659141000000001043e+01,2.266704999999999970e-01,4.735549000000000888e+03
3.955500000000000000e+03,8.653284999999999627e+01,2.272562999999999944e-01,4.759601000000000568e+03
3.965500000000000000e+03,8.658141999999999427e+01,2.265647000000000355e-01,4.783712999999999738e+03
3.975500000000000000e+03,8.658144000000000062e+01,2.238041000000000058e-01,4.807913999999999760e+03
3.985500000000000000e+03,8.657572000000001822e+01,2.250863000000000169e-01,4.832183666666667705e+03
3.995500000000000000e+03,8.655857000000000312e+01,2.271797999999999873e-01,4.856513666666667632e+03
4.005500000000000000e+03,8.659572000000000003e+01,2.249502000000000168e-01,4.880904666666666344e+03
4.015500000000000000e+03,8.657141000000000020e+01,2.263329000000000035e-01,4.905352000000000771e+03
4.025500000000000000e+03,8.658286000000001081e+01,2.260498000000000229e-01,4.929859666666666271e+03
4.035500000000000000e+03,8.657143000000000654e+01,2.263818000000000219e-01,4.954423333333333176e+03
4.045500000000000000e+03,8.658429999999999893e+01,2.264243000000000505e-01,4.979050666666666075e+03
4.055500000000000000e+03,8.662429000000001622e+01,2.266501999999999961e-01,5.003738333333333685e+03
4.065500000000000000e+03,8.655284999999999229e+01,2.262425999999999604e-01,5.028487999999999374e+03
4.075500000000000000e+03,8.653857000000002131e+01,2.258950000000000125e-01,5.053300999999999476e+03
4.085500000000000000e+03,8.662715000000000032e+01,2.248013000000000372e-01,5.078175666666666984e+03
4.095500000000000000e+03,8.659857999999999834e+01,2.250942000000000220e-01,5.103115999999999985e+03
4.105500000000000000e+03,8.669286999999999921e+01,2.235939000000000121e-01,5.128119000000000597e+03
4.115500000000000000e+03,8.666429000000000826e+01,2.251564000000000065e-01,5.153182000000000698e+03
4.125500000000000000e+03,8.666714999999999236e+01,2.247506999999999699e-01,5.178305333333332783e+03
4.135500000000000000e+03,8.663858000000000459e+01,2.245250000000000024e-01,5.203489666666666380e+03
4.145500000000000000e+03,8.654000000000000625e+01,2.227886000000000311e-01,5.228733333333333576e+03
4.155500000000000000e+03,8.661571999999999605e+01,2.255328000000000055e-01,5.254039333333334071e+03
4.165500000000000000e+03,8.661997999999999820e+01,2.230975000000000041e-01,5.279405666666667457e+03
4.175500000000000000e+03,8.664713000000000420e+01,2.224106999999999612e-01,5.304832333333333736e+03
4.185500000000000000e+03,8.661714999999999520e+01,2.209623999999999755e-01,5.330320999999999913e+03
4.195500000000000000e+03,8.657428000000000168e+01,2.209572000000000203e-01,5.355871666666666897e+03
4.205500000000000000e+03,8.662145000000001005e+01,2.222205000000000152e-01,5.381481333333333168e+03
4.215500000000000000e+03,8.655429000000000883e+01,2.208973999999999660e-01,5.407152000000000044e+03
4.225500000000000000e+03,8.663857000000000141e+01,2.204768000000000006e-01,5.432883333333334122e+03
4.235500000000000000e+03,8.662856999999999630e+01,2.215640000000000109e-01,5.458678333333334194e+03
4.245500000000000000e+03,8.664856999999999232e+01,2.204221000000000097e-01,5.484543999999999869e+03
4.255500000000000000e+03,8.671000000000000796e+01,2.210489000000000481e-01,5.510470666666666148e+03
4.265500000000000000e+03,8.670999999999999375e+01,2.196231000000000155e-01,5.536457333333333736e+03
4.275500000000000000e+03,8.668569999999999709e+01,2.181890000000000218e-01,5.562505666666666002e+03
4.285500000000000000e+03,8.672713999999999146e+01,2.181804999999999717e-01,5.588613333333332776e+03
4.295500000000000000e+03,8.669285999999999603e+01,2.186697000000000224e-01,5.614780999999999949e+03
4.305500000000000000e+03,8.669998999999999967e+01,2.182289000000000034e-01,5.641010666666667021e+03
4.315500000000000000e+03,8.669712999999998715e+01,2.171570000000000444e-01,5.667301666666667188e+03
4.325500000000000000e+03,8.675426999999999111e+01,2.186770999999999854e-01,5.693658666666667159e+03
4.335500000000000000e+03,8.678714000000000794e+01,2.169532999999999878e-01,5.720077000000000226e+03
4.345500000000000000e+03,8.676286000000001764e+01,2.200760000000000216e-01,5.746559333333332688e+03
4.355500000000000000e+03,8.674286999999999637e+01,2.181270999999999627e-01,5.773105333333333874e+03
4.365500000000000000e+03,8.677714000000000283e+01,2.167911999999999895e-01,5.799713666666666541e+03
4.375500000000000000e+03,8.678143000000000029e+01,2.182552999999999854e-01,5.826385000000000218e+03
4.385500000000000000e+03,8.688570000000001414e+01,2.180652999999999897e-01,5.853119333333333088e+03
4.395500000000000000e+03,8.673141999999999996e+01,2.184804999999999942e-01,5.879918666666666468e+03
4.405500000000000000e+03,8.682285999999999149e+01,2.166117000000000181e-01,5.906777000000000044e+03
4.415500000000000000e+03,8.680429000000000883e+01,2.181546000000000041e-01,5.933694000000000415e+03
4.425500000000000000e+03,8.684286000000000172e+01,2.193846999999999881e-01,5.960686333333333096e+03
4.435500000000000000e+03,8.678856999999999289e+01,2.168404999999999916e-01,5.987751666666666097e+03
4.445500000000000000e+03,8.684999000000000535e+01,2.172671999999999937e-01,6.014878666666666504e+03
4.455500000000000000e+03,8.684713999999999601e+01,2.203708999999999807e-01,6.042065333333333001e+03
4.465500000000000000e+03,8.685285000000001787e+01,2.174748999999999710e-01,6.069313333333333503e+03
4.475500000000000000e+03,8.677571000000000367e+01,2.158021999999999996e-01,6.096623666666667305e+03
4.485500000000000000e+03,8.679142000000000223e+01,2.176095999999999864e-01,6.123993333333333794e+03
4.495500000000000000e+03,8.681143999999999039e+01,2.185387000000000024e-01,6.151424666666666781e+03
4.505500000000000000e+03,8.683144000000000062e+01,2.157697999999999838e-01,6.178918333333333067e+03
4.515500000000000000e+03,8.683428999999998155e+01,2.144294999999999951e-01,6.206469666666666853e+03
4.525500000000000000e+03,8.687000000000000455e+01,2.156301999999999663e-01,6.234079000000000633e+03
4.535500000000000000e+03,8.683570000000000277e+01,2.152160999999999935e-01,6.261748666666667305e+03
4.545500000000000000e+03,8.680714000000000397e+01,2.163683000000000134e-01,6.289477666666666664e+03
4.555500000000000000e+03,8.690285000000000082e+01,2.179123000000000032e-01,6.317265666666667130e+03
4.565500000000000000e+03,8.690999999999999659e+01,2.144725999999999855e-01,6.345112333333333481e+03
4.575500000000000000e+03,8.682714999999998895e+01,2.172007999999999994e-01,6.373014000000000124e+03
4.585500000000000000e+03,8.683570000000000277e+01,2.155592999999999537e-01,6.400972666666666555e+03
4.595500000000000000e+03,8.686712000000001410e+01,2.180230999999999975e-01,6.428991333333333387e+03
4.605500000000000000e+03,8.684856999999999516e+01,2.207461000000000007e-01,6.457070666666667421e+03
4.615500000000000000e+03,8.688284000000000162e+01,2.153360999999999748e-01,6.485205333333333328e+03
4.625500000000000000e+03,8.694570000000001642e+01,2.194850999999999885e-01,6.513401666666666642e+03
4.635500000000000000e+03,8.684429000000001508e+01,2.192097000000000073e-01,6.541654000000000451e+03
4.645500000000000000e+03,8.687714000000001136e+01,2.188569000000000209e-01,6.569965999999998530e+03
4.655500000000000000e+03,8.689286999999998784e+01,2.174116999999999855e-01,6.598336666666667043e+03
4.665500000000000000e+03,8.695143999999999096e+01,2.202502000000000071e-01,6.626761333333333823e+03
4.675500000000000000e+03,8.691713999999998919e+01,2.179281000000000135e-01,6.655242000000000189e+03
4.685500000000000000e+03,8.692715000000001169e+01,2.194562999999999930e-01,6.683779333333333852e+03
4.695500000000000000e+03,8.689997999999999934e+01,2.178395000000000192e-01,6.712372333333332790e+03
4.705500000000000000e+03,8.689571000000000822e+01,2.182627999999999791e-01,6.741022333333332426e+03
4.715500000000000000e+03,8.695858000000001198e+01,2.208194000000000268e-01,6.769728333333334376e+03
4.725500000000000000e+03,8.699143000000000825e+01,2.188002999999999754e-01,6.798491333333333387e+03
4.735500000000000000e+03,8.694571000000000538e+01,2.187041000000000124e-01,6.827311999999999898e+03
4.745500000000000000e+03,8.694856999999998948e+01,2.202437999999999896e-01,6.856188666666666904e+03
4.755500000000000000e+03,8.697999999999998977e+01,2.208356999999999959e-01,6.885121666666667807e+03
4.765500000000000000e+03,8.691714999999999236e+01,2.172512000000000332e-01,6.914112666666667792e+03
4.775500000000000000e+03,8.686430000000000007e+01,2.202243999999999868e-01,6.943158000000000357e+03
4.785500000000000000e+03,8.688141999999997722e+01,2.183119000000000032e-01,6.972260333333331801e+03
4.795500000000000000e+03,8.688572999999999524e+01,2.179963000000000317e-01,7.001470333333333656e+03
4.805500000000000000e+03,8.690286000000000399e+01,2.207823999999999898e-01,7.030861666666666679e+03
4.815500000000000000e+03,8.689285999999999888e+01,2.162622999999999907e-01,7.060319666666667217e+03
4.825500000000000000e+03,8.693142000000000280e+01,2.156890999999999947e-01,7.089836333333334551e+03
4.835500000000000000e+03,8.693571000000000026e+01,2.168551000000000228e-01,7.119413333333332957e+03
4.845500000000000000e+03,8.687000000000000455e+01,2.166800999999999866e-01,7.149051666666666279e+03
4.855500000000000000e+03,8.695000999999999181e+01,2.164432999999999774e-01,7.178750333333334311e+03
4.865500000000000000e+03,8.690998999999999342e+01,2.176677999999999946e-01,7.208508333333333212e+03
4.875500000000000000e+03,8.694570999999999117e+01,2.161129999999999995e-01,7.238324999999998909e+03
4.885500000000000000e+03,8.693572000000000344e+01,2.163984000000000185e-01,7.268200333333332310e+03
4.895500000000000000e+03,8.692285000000001105e+01,2.183886999999999912e-01,7.298144666666667035e+03
4.905500000000000000e+03,8.695714999999999861e+01,2.192561000000000093e-01,7.328147333333334245e+03
4.915500000000000000e+03,8.691571999999999321e+01,2.172664000000000262e-01,7.358210000000000946e+03
4.925500000000000000e+03,8.694571000000000538e+01,2.170356999999999703e-01,7.388330666666666730e+03
4.935500000000000000e+03,8.697141999999999484e+01,2.181047000000000402e-01,7.418513333333333321e+03
4.945500000000000000e+03,8.690858000000000061e+01,2.187646000000000035e-01,7.448751666666666097e+03
4.955500000000000000e+03,8.703713999999999373e+01,2.170378000000000029e-01,7.479052333333334900e+03
4.965500000000000000e+03,8.696430000000000859e+01,2.147053999999999907e-01,7.509412000000001171e+03
4.975500000000000000e+03,8.696714000000000055e+01,2.185019999999999740e-01,7.539831333333333532e+03
4.985500000000000000e+03,8.705571000000000481e+01,2.229819000000000107e-01,7.570309333333332688e+03
4.995500000000000000e+03,8.699285999999999319e+01,2.194373999999999769e-01,7.600850666666665347e+03
