5.500000000000000000e+00,8.804569999999999652e+01,7.916434999999999889e+01,2.062260133333333745e-02
1.550000000000000000e+01,8.428857999999999606e+01,1.365158000000000094e+01,1.187010866666666775e-01
2.550000000000000000e+01,8.378000000000000114e+01,8.859628000000000725e+00,2.998828333333333207e-01
3.550000000000000000e+01,8.434427999999999770e+01,6.577149000000000356e+00,5.615814999999999557e-01
4.550000000000000000e+01,8.517144000000000403e+01,5.321895999999999738e+00,9.030790333333331699e-01
5.550000000000000000e+01,8.538714000000000226e+01,4.432611000000000523e+00,1.324626666666666841e+00
6.550000000000000000e+01,8.738856999999998720e+01,3.805678000000000338e+00,1.826562333333333399e+00
7.550000000000000000e+01,8.677856999999998777e+01,3.224108999999999892e+00,2.408589666666666407e+00
8.550000000000000000e+01,8.809857999999999834e+01,2.973155999999999910e+00,3.072718333333333440e+00
9.550000000000000000e+01,8.958141999999999427e+01,2.512732999999999883e+00,3.821857000000000504e+00
1.055000000000000000e+02,9.028714999999999691e+01,2.300764000000000031e+00,4.659541333333334201e+00
1.155000000000000000e+02,9.024143000000000825e+01,2.189043999999999990e+00,5.580284000000000688e+00
1.255000000000000000e+02,9.056999999999999318e+01,1.979976000000000180e+00,6.579580666666666744e+00
1.355000000000000000e+02,9.093285000000000196e+01,1.705721999999999738e+00,7.660238333333333927e+00
1.455000000000000000e+02,9.120714999999999861e+01,1.623867999999999867e+00,8.832615666666665533e+00
1.555000000000000000e+02,9.114856999999999232e+01,1.551690000000000014e+00,1.009708966666666541e+01
1.655000000000000000e+02,9.133427999999999258e+01,1.401218999999999770e+00,1.144608000000000025e+01
1.755000000000000000e+02,9.138284000000001583e+01,1.317827999999999777e+00,1.287455666666666687e+01
1.855000000000000000e+02,9.145286000000001536e+01,1.237820000000000142e+00,1.439073999999999920e+01
1.955000000000000000e+02,9.160287000000001001e+01,1.180808000000000080e+00,1.600027666666666804e+01
2.055000000000000000e+02,9.157999999999999829e+01,1.111693999999999960e+00,1.770177333333333181e+01
2.155000000000000000e+02,9.160571000000000197e+01,1.069478999999999846e+00,1.948487000000000080e+01
2.255000000000000000e+02,9.166428000000000509e+01,1.026411899999999822e+00,2.134641333333333435e+01
2.355000000000000000e+02,9.160427999999998860e+01,9.695347999999999189e-01,2.328775333333333464e+01
2.455000000000000000e+02,9.161143999999998755e+01,9.270322999999999203e-01,2.531125666666666874e+01
2.555000000000000000e+02,9.161571999999999605e+01,8.962788000000001531e-01,2.741354000000000113e+01
2.655000000000000000e+02,9.156428999999999974e+01,8.715919000000000860e-01,2.959416333333333426e+01
2.755000000000000000e+02,9.163429000000000713e+01,8.414500000000000313e-01,3.185153999999999286e+01
2.855000000000000000e+02,9.159430000000000405e+01,8.124784999999998814e-01,3.418628999999999962e+01
2.955000000000000000e+02,9.152000000000001023e+01,7.716744999999999299e-01,3.660035999999998779e+01
3.055000000000000000e+02,9.156573000000000206e+01,7.484929000000000165e-01,3.910757666666666665e+01
3.155000000000000000e+02,9.152572000000000685e+01,7.220448999999999895e-01,4.170487999999999573e+01
3.255000000000000000e+02,9.156286000000001479e+01,6.940706999999999294e-01,4.438429999999999609e+01
3.355000000000000000e+02,9.150141999999999598e+01,6.808918999999999944e-01,4.714766000000000190e+01
3.455000000000000000e+02,9.151570999999998435e+01,6.578247999999999873e-01,4.999775000000000347e+01
3.555000000000000000e+02,9.139287000000000205e+01,6.520589999999999442e-01,5.293287666666667235e+01
3.655000000000000000e+02,9.153285000000001048e+01,6.120428999999999453e-01,5.595058000000000220e+01
3.755000000000000000e+02,9.144714000000000453e+01,5.987738000000001337e-01,5.905542000000000513e+01
3.855000000000000000e+02,9.145999999999999375e+01,5.792745999999999729e-01,6.224982666666667086e+01
3.955000000000000000e+02,9.139997999999999934e+01,5.847094999999999931e-01,6.552955999999998937e+01
4.055000000000000000e+02,9.142427999999999599e+01,5.770134999999999570e-01,6.889555333333333920e+01
4.155000000000000000e+02,9.136858999999998332e+01,5.606444000000000427e-01,7.234691000000000827e+01
4.255000000000000000e+02,9.128856999999999289e+01,5.470868999999999316e-01,7.588164333333334355e+01
4.355000000000000000e+02,9.125856999999999175e+01,5.417343999999999493e-01,7.949788999999998396e+01
4.455000000000000000e+02,9.114430000000000121e+01,5.326733000000000162e-01,8.319575000000000387e+01
4.555000000000000000e+02,9.119711999999999819e+01,5.244275999999999938e-01,8.697240999999999644e+01
4.655000000000000000e+02,9.113856999999998720e+01,5.220434000000000463e-01,9.082743666666667082e+01
4.755000000000000000e+02,9.107142000000000337e+01,5.067437999999999665e-01,9.476620333333332269e+01
4.855000000000000000e+02,9.106856999999999402e+01,4.933454999999999369e-01,9.879302666666667676e+01
4.955000000000000000e+02,9.114569999999999084e+01,4.820542999999998801e-01,1.029042699999999968e+02
5.055000000000000000e+02,9.110142999999999347e+01,4.645348999999999728e-01,1.070970333333333144e+02
5.155000000000000000e+02,9.100428999999999746e+01,4.511888000000000010e-01,1.113698333333333466e+02
5.255000000000000000e+02,9.103143000000000029e+01,4.418835000000000401e-01,1.157212000000000245e+02
5.355000000000000000e+02,9.100571999999999662e+01,4.283655999999999575e-01,1.201499000000000024e+02
5.455000000000000000e+02,9.092286999999998898e+01,4.223335999999999757e-01,1.246588333333333338e+02
5.555000000000000000e+02,9.092285999999998580e+01,4.150133999999999768e-01,1.292529666666666515e+02
5.655000000000000000e+02,9.090999999999999659e+01,4.039011999999999603e-01,1.339350333333333651e+02
5.755000000000000000e+02,9.089141999999999655e+01,3.950829000000000146e-01,1.387001000000000204e+02
5.855000000000000000e+02,9.086141999999999541e+01,3.832548999999999539e-01,1.435477666666666323e+02
5.955000000000000000e+02,9.074141999999999086e+01,3.792110000000000203e-01,1.484797000000000082e+02
6.055000000000000000e+02,9.075000000000000000e+01,3.715448000000000084e-01,1.535065333333333513e+02
6.155000000000000000e+02,9.076142000000001531e+01,3.793284999999999574e-01,1.586276333333333355e+02
6.255000000000000000e+02,9.071999999999999886e+01,3.582622000000000306e-01,1.638344666666666569e+02
6.355000000000000000e+02,9.084143999999999153e+01,3.619811000000000001e-01,1.691254666666666822e+02
6.455000000000000000e+02,9.077286000000000854e+01,3.608236000000000221e-01,1.745052333333333365e+02
6.555000000000000000e+02,9.071429000000000542e+01,3.685901999999999790e-01,1.799766333333333250e+02
6.655000000000000000e+02,9.072857999999999379e+01,3.606444999999999790e-01,1.855390333333333217e+02
6.755000000000000000e+02,9.069144000000000005e+01,3.646312000000000442e-01,1.911985000000000241e+02
6.855000000000000000e+02,9.065142000000000166e+01,3.584770999999999930e-01,1.969543666666666581e+02
6.955000000000000000e+02,9.076286000000000342e+01,3.562488999999999795e-01,2.028037999999999954e+02
7.055000000000000000e+02,9.065000000000000568e+01,3.507676000000000127e-01,2.087466666666666697e+02
7.155000000000000000e+02,9.065142999999999063e+01,3.474875000000000602e-01,2.147747333333333586e+02
7.255000000000000000e+02,9.064713999999999317e+01,3.503068000000000293e-01,2.208838666666667052e+02
7.355000000000000000e+02,9.067143000000001507e+01,3.588617000000000057e-01,2.270830666666666673e+02
7.455000000000000000e+02,9.073427999999998406e+01,3.565231999999999291e-01,2.333740666666666925e+02
7.555000000000000000e+02,9.068571999999998923e+01,3.478548000000000195e-01,2.397485666666667044e+02
7.655000000000000000e+02,9.066001000000001397e+01,3.460608000000000017e-01,2.462173000000000229e+02
7.755000000000000000e+02,9.067573000000000150e+01,3.420755999999999797e-01,2.527773333333333028e+02
7.855000000000000000e+02,9.056858000000001141e+01,3.382882999999999862e-01,2.594249666666666485e+02
7.955000000000000000e+02,9.059714000000001022e+01,3.385794999999999222e-01,2.661637000000000057e+02
8.055000000000000000e+02,9.067573000000000150e+01,3.404844000000000204e-01,2.729909999999999854e+02
8.155000000000000000e+02,9.065429000000001736e+01,3.415862000000000065e-01,2.799059666666666431e+02
8.255000000000000000e+02,9.056428999999999974e+01,3.375114000000000170e-01,2.869122333333333472e+02
8.355000000000000000e+02,9.060430999999999813e+01,3.384131000000000222e-01,2.940029333333333170e+02
8.455000000000000000e+02,9.058286999999999978e+01,3.396354999999999791e-01,3.011786333333333801e+02
8.555000000000000000e+02,9.057999999999999829e+01,3.381911999999999696e-01,3.084428333333333399e+02
8.655000000000000000e+02,9.065855999999999426e+01,3.342108000000000301e-01,3.157902333333333331e+02
8.755000000000000000e+02,9.053427999999999543e+01,3.348909999999999942e-01,3.232174999999999159e+02
8.855000000000000000e+02,9.057856999999998493e+01,3.326816000000000217e-01,3.307303333333333057e+02
8.955000000000000000e+02,9.061571000000000708e+01,3.321275000000000199e-01,3.383343333333332907e+02
9.055000000000000000e+02,9.059430000000000405e+01,3.289559999999999707e-01,3.460276333333333696e+02
9.155000000000000000e+02,9.053857999999999606e+01,3.284795999999999827e-01,3.538213333333333139e+02
9.255000000000000000e+02,9.054427000000001158e+01,3.234890000000000265e-01,3.617136333333333482e+02
9.355000000000000000e+02,9.049714999999999065e+01,3.249328000000000216e-01,3.697007666666666523e+02
9.455000000000000000e+02,9.057286999999999466e+01,3.254693999999999643e-01,3.777882999999999925e+02
9.555000000000000000e+02,9.051000000000000512e+01,3.240436999999999901e-01,3.859718000000000302e+02
9.655000000000000000e+02,9.050000000000000000e+01,3.206865999999999883e-01,3.942497666666666873e+02
9.755000000000000000e+02,9.049714000000001590e+01,3.272781999999999636e-01,4.026182666666666705e+02
9.855000000000000000e+02,9.046569999999999823e+01,3.174778000000000322e-01,4.110725666666666029e+02
9.955000000000000000e+02,9.050001000000000317e+01,3.117900000000000116e-01,4.196095999999999435e+02
1.005500000000000000e+03,9.045427999999999713e+01,3.141007999999999578e-01,4.282350666666666257e+02
1.015500000000000000e+03,9.052429000000002191e+01,3.156724999999999670e-01,4.369441666666666606e+02
1.025500000000000000e+03,9.053143000000000029e+01,3.158407999999999771e-01,4.457371999999999161e+02
1.035500000000000000e+03,9.049427000000001442e+01,3.130931000000000131e-01,4.546188666666665767e+02
1.045500000000000000e+03,9.052428000000000452e+01,3.078518000000000088e-01,4.635885666666666793e+02
1.055500000000000000e+03,9.054000000000000625e+01,3.121342999999999757e-01,4.726423333333333403e+02
1.065500000000000000e+03,9.050001000000000317e+01,3.060927999999999427e-01,4.817768666666667059e+02
1.075500000000000000e+03,9.049856000000001188e+01,3.036587000000000036e-01,4.909916333333333682e+02
1.085500000000000000e+03,9.049286000000000740e+01,3.007828000000000168e-01,5.002859666666666385e+02
1.095500000000000000e+03,9.053716000000000008e+01,3.050339999999999718e-01,5.096609999999999445e+02
1.105500000000000000e+03,9.056857999999998299e+01,3.098857999999999890e-01,5.191175333333333128e+02
1.115500000000000000e+03,9.047999999999998977e+01,3.023532999999999360e-01,5.286571666666666260e+02
1.125500000000000000e+03,9.060572999999999411e+01,3.011938000000000115e-01,5.382816333333333887e+02
1.135500000000000000e+03,9.067855999999999028e+01,3.008236000000000243e-01,5.479873000000000047e+02
1.145500000000000000e+03,9.064858000000000970e+01,2.964392000000000138e-01,5.577748999999998887e+02
1.155500000000000000e+03,9.063571000000000311e+01,3.010721000000000092e-01,5.676470666666666602e+02
1.165500000000000000e+03,9.068143999999999494e+01,2.961132000000000208e-01,5.776023000000000138e+02
1.175500000000000000e+03,9.061428999999999689e+01,2.959009000000000222e-01,5.876425666666666530e+02
1.185500000000000000e+03,9.059857000000000937e+01,3.018969000000000236e-01,5.977622666666667328e+02
1.195500000000000000e+03,9.067714000000000851e+01,2.921201999999999965e-01,6.079601999999999862e+02
1.205500000000000000e+03,9.068286999999999409e+01,2.974724999999999731e-01,6.182729666666666617e+02
1.215500000000000000e+03,9.078285999999999945e+01,2.953281999999999852e-01,6.286847999999999956e+02
1.225500000000000000e+03,9.063000000000000966e+01,3.080501999999999407e-01,6.391819666666667672e+02
1.235500000000000000e+03,9.075854999999998540e+01,2.985854000000000008e-01,6.497599666666666280e+02
1.245500000000000000e+03,9.068570000000001130e+01,2.924323999999999812e-01,6.604202666666666346e+02
1.255500000000000000e+03,9.075428999999999746e+01,3.032167000000000057e-01,6.711640666666667130e+02
1.265500000000000000e+03,9.069286999999999921e+01,2.949585000000000123e-01,6.819906333333333350e+02
1.275500000000000000e+03,9.064000000000001478e+01,2.994766999999999846e-01,6.929001999999999271e+02
1.285500000000000000e+03,9.071571000000001561e+01,3.089186999999999905e-01,7.038956000000000586e+02
1.295500000000000000e+03,9.069142000000000792e+01,3.032470999999999917e-01,7.149783333333333530e+02
1.305500000000000000e+03,9.073286000000000229e+01,3.070978000000000319e-01,7.261557666666667501e+02
1.315500000000000000e+03,9.078427999999999543e+01,2.970643000000000034e-01,7.374217999999998483e+02
1.325500000000000000e+03,9.069714000000001874e+01,3.060707999999999762e-01,7.487718666666667104e+02
1.335500000000000000e+03,9.073857999999998469e+01,3.177485999999999922e-01,7.602057666666667046e+02
1.345500000000000000e+03,9.071428000000001646e+01,3.047706000000000581e-01,7.717265333333333501e+02
1.355500000000000000e+03,9.080285999999998126e+01,2.875555999999999668e-01,7.833311999999999671e+02
1.365500000000000000e+03,9.075714000000000681e+01,3.200389000000000150e-01,7.950229000000000497e+02
1.375500000000000000e+03,9.073141999999999996e+01,3.083771999999999625e-01,8.068030000000001110e+02
1.385500000000000000e+03,9.069714000000001874e+01,3.172727000000000186e-01,8.186674999999999045e+02
1.395500000000000000e+03,9.078001000000000431e+01,3.087172999999999723e-01,8.306173999999998614e+02
1.405500000000000000e+03,9.072000000000001307e+01,3.200916999999999790e-01,8.426533999999999196e+02
1.415500000000000000e+03,9.080286000000000968e+01,3.292667999999999706e-01,8.547742666666666764e+02
1.425500000000000000e+03,9.071855999999999653e+01,3.183199999999999918e-01,8.669795666666665284e+02
1.435500000000000000e+03,9.074000000000000909e+01,3.259225000000000039e-01,8.792727333333332354e+02
1.445500000000000000e+03,9.078286000000001366e+01,3.089798999999999740e-01,8.916553999999999860e+02
1.455500000000000000e+03,9.079427999999998633e+01,3.223605999999999971e-01,9.041371333333332814e+02
1.465500000000000000e+03,9.075856999999999175e+01,3.115429999999999588e-01,9.167170333333331200e+02
1.475500000000000000e+03,9.073143000000000313e+01,3.190285999999999400e-01,9.293998666666666395e+02
1.485500000000000000e+03,9.078856999999999289e+01,3.253661999999999943e-01,9.421788000000000238e+02
1.495500000000000000e+03,9.078714000000000794e+01,3.145532999999999801e-01,9.550505333333334193e+02
1.505500000000000000e+03,9.078000000000000114e+01,3.089433000000000318e-01,9.680146000000000868e+02
1.515500000000000000e+03,9.082430000000000803e+01,3.076400000000000245e-01,9.810710333333332756e+02
1.525500000000000000e+03,9.081143000000000143e+01,3.124049000000000409e-01,9.942159666666666453e+02
1.535500000000000000e+03,9.079000999999999522e+01,3.199837999999999849e-01,1.007444333333333475e+03
1.545500000000000000e+03,9.074143999999998300e+01,3.059417999999999860e-01,1.020758466666666777e+03
1.555500000000000000e+03,9.079571999999998866e+01,3.131119999999999459e-01,1.034156999999999925e+03
1.565500000000000000e+03,9.079142000000000223e+01,3.139139000000000235e-01,1.047641666666666652e+03
1.575500000000000000e+03,9.079856999999999800e+01,3.130296000000000189e-01,1.061214999999999918e+03
1.585500000000000000e+03,9.076286000000000342e+01,3.152459999999999707e-01,1.074876999999999953e+03
1.595500000000000000e+03,9.074857999999998981e+01,3.081908999999999343e-01,1.088627333333333354e+03
1.605500000000000000e+03,9.080857000000000312e+01,3.136542999999999415e-01,1.102469666666666626e+03
1.615500000000000000e+03,9.074712999999999852e+01,3.099535999999999403e-01,1.116400666666666666e+03
1.625500000000000000e+03,9.078571999999999775e+01,3.079041000000000139e-01,1.130413666666666813e+03
1.635500000000000000e+03,9.076428000000001362e+01,3.178470999999999935e-01,1.144508333333332985e+03
1.645500000000000000e+03,9.076143999999999323e+01,3.118134000000000183e-01,1.158693666666666786e+03
1.655500000000000000e+03,9.084000000000000341e+01,3.128319999999999435e-01,1.172969666666666853e+03
1.665500000000000000e+03,9.080999999999998806e+01,3.172050999999999621e-01,1.187342333333333499e+03
1.675500000000000000e+03,9.078284999999999627e+01,3.158517000000000130e-01,1.201812666666666701e+03
1.685500000000000000e+03,9.081428999999999974e+01,3.165831000000000062e-01,1.216372666666666646e+03
1.695500000000000000e+03,9.079429999999999268e+01,3.115703000000000222e-01,1.231025000000000091e+03
1.705500000000000000e+03,9.078714999999999691e+01,3.118112000000000106e-01,1.245759000000000015e+03
1.715500000000000000e+03,9.078713999999999373e+01,3.139338999999999880e-01,1.260580333333333328e+03
1.725500000000000000e+03,9.077712999999999965e+01,3.118400000000000061e-01,1.275488000000000056e+03
1.735500000000000000e+03,9.077571000000000367e+01,3.128519000000000161e-01,1.290490000000000009e+03
1.745500000000000000e+03,9.077856999999998777e+01,3.110818000000000194e-01,1.305579999999999927e+03
1.755500000000000000e+03,9.077286000000000854e+01,3.124919000000000446e-01,1.320760999999999967e+03
1.765500000000000000e+03,9.077142000000000621e+01,3.102480999999999711e-01,1.336029333333333398e+03
1.775500000000000000e+03,9.080286999999999864e+01,3.113414999999999933e-01,1.351382999999999811e+03
1.785500000000000000e+03,9.075000000000001421e+01,3.117253999999999858e-01,1.366822333333333518e+03
1.795500000000000000e+03,9.075142999999999915e+01,3.117757999999999918e-01,1.382353000000000065e+03
1.805500000000000000e+03,9.078572000000001196e+01,3.082505999999999857e-01,1.397968333333333476e+03
1.815500000000000000e+03,9.076427999999998519e+01,3.090481999999999951e-01,1.413672666666666828e+03
1.825500000000000000e+03,9.074285000000000423e+01,3.104218000000000255e-01,1.429470333333333201e+03
1.835500000000000000e+03,9.075712000000000046e+01,3.096971000000000029e-01,1.445354333333333216e+03
1.845500000000000000e+03,9.076142000000000110e+01,3.096743999999999608e-01,1.461324666666666872e+03
1.855500000000000000e+03,9.074000000000002331e+01,3.089148000000000449e-01,1.477382999999999811e+03
1.865500000000000000e+03,9.075144000000000233e+01,3.094816000000000789e-01,1.493530999999999722e+03
1.875500000000000000e+03,9.073428000000001248e+01,3.082736999999999838e-01,1.509790666666666766e+03
1.885500000000000000e+03,9.075000000000000000e+01,3.067952999999999930e-01,1.526150000000000091e+03
1.895500000000000000e+03,9.071142999999999290e+01,3.074360999999999899e-01,1.542594333333333452e+03
1.905500000000000000e+03,9.070999999999999375e+01,3.086441000000000323e-01,1.559130999999999858e+03
1.915500000000000000e+03,9.069142999999999688e+01,3.070512000000000241e-01,1.575754333333333307e+03
1.925500000000000000e+03,9.069426999999998884e+01,3.060341999999999785e-01,1.592461666666666588e+03
1.935500000000000000e+03,9.073141000000001100e+01,3.042757999999999852e-01,1.609248666666666850e+03
1.945500000000000000e+03,9.069284999999999286e+01,3.077907000000000282e-01,1.626118333333333339e+03
1.955500000000000000e+03,9.073570999999999742e+01,3.042158000000000362e-01,1.643074000000000069e+03
1.965500000000000000e+03,9.068429000000000428e+01,3.046804999999999652e-01,1.660122666666666646e+03
1.975500000000000000e+03,9.069284999999999286e+01,3.058192999999999606e-01,1.677259000000000015e+03
1.985500000000000000e+03,9.072856000000000165e+01,3.043794000000000222e-01,1.694480666666666821e+03
1.995500000000000000e+03,9.074714000000000169e+01,3.031844000000000205e-01,1.711796333333333223e+03
2.005500000000000000e+03,9.072857999999999379e+01,3.037421999999999622e-01,1.729225666666666712e+03
2.015500000000000000e+03,9.072570999999999231e+01,3.046398000000000161e-01,1.746737999999999829e+03
2.025500000000000000e+03,9.075570999999999344e+01,3.037716000000000305e-01,1.764336000000000013e+03
2.035500000000000000e+03,9.077142000000000621e+01,3.046620000000000439e-01,1.782018666666666832e+03
2.045500000000000000e+03,9.072572000000000969e+01,3.050943000000000405e-01,1.799788666666666586e+03
2.055500000000000000e+03,9.074999999999998579e+01,3.025299000000000182e-01,1.817647666666666510e+03
2.065500000000000000e+03,9.074429000000000656e+01,3.034967000000000636e-01,1.835590666666666948e+03
2.075500000000000000e+03,9.075000000000000000e+01,3.033264999999999434e-01,1.853621666666666670e+03
2.085500000000000000e+03,9.073572000000000060e+01,3.038118999999999681e-01,1.871740666666666584e+03
2.095500000000000000e+03,9.071714000000000055e+01,3.033895999999999815e-01,1.889946666666666715e+03
2.105500000000000000e+03,9.075572999999999979e+01,3.031904999999999739e-01,1.908237000000000307e+03
2.115500000000000000e+03,9.075142999999999915e+01,3.002209000000000128e-01,1.926613000000000056e+03
2.125500000000000000e+03,9.073857000000000994e+01,3.009367999999999488e-01,1.945097000000000207e+03
2.135500000000000000e+03,9.075284000000000617e+01,3.007053000000000087e-01,1.963668666666666468e+03
2.145500000000000000e+03,9.073428000000001248e+01,2.991251000000000326e-01,1.982328666666666777e+03
2.155500000000000000e+03,9.078857000000000710e+01,2.985126999999999642e-01,2.001080666666666730e+03
2.165500000000000000e+03,9.073287000000000546e+01,3.006452000000000568e-01,2.019922000000000025e+03
2.175500000000000000e+03,9.078000999999999010e+01,2.990690999999999766e-01,2.038851666666666688e+03
2.185500000000000000e+03,9.075856999999999175e+01,3.011913999999999425e-01,2.057873000000000047e+03
2.195500000000000000e+03,9.076429000000001679e+01,2.998329000000000133e-01,2.076983666666666522e+03
2.205500000000000000e+03,9.071286000000000627e+01,2.992055999999999605e-01,2.096187999999999647e+03
2.215500000000000000e+03,9.073998999999999171e+01,2.994393999999999667e-01,2.115481000000000222e+03
2.225500000000000000e+03,9.077714000000000283e+01,2.982028000000000456e-01,2.134860666666666475e+03
2.235500000000000000e+03,9.074429000000000656e+01,2.964917000000000247e-01,2.154320666666666511e+03
2.245500000000000000e+03,9.073715999999998871e+01,2.974105000000000221e-01,2.173867999999999938e+03
2.255500000000000000e+03,9.076143999999999323e+01,2.968436999999999881e-01,2.193497000000000298e+03
2.265500000000000000e+03,9.074859000000000719e+01,2.985484999999999944e-01,2.213204999999999927e+03
2.275500000000000000e+03,9.073570999999998321e+01,2.976453000000000015e-01,2.232994333333333543e+03
2.285500000000000000e+03,9.077428999999997927e+01,2.964158999999999544e-01,2.252867666666666537e+03
2.295500000000000000e+03,9.073286000000000229e+01,2.977189000000000085e-01,2.272815999999999804e+03
2.305500000000000000e+03,9.071999999999999886e+01,2.960075999999999818e-01,2.292841666666666697e+03
2.315500000000000000e+03,9.076284000000001129e+01,2.951801999999999482e-01,2.312943333333333612e+03
2.325500000000000000e+03,9.072571999999999548e+01,2.977588000000000457e-01,2.333122333333333245e+03
2.335500000000000000e+03,9.075999999999999091e+01,2.960476000000000218e-01,2.353376999999999498e+03
2.345500000000000000e+03,9.074428000000000338e+01,2.962520000000000708e-01,2.373709000000000287e+03
2.355500000000000000e+03,9.071283999999999992e+01,2.955950999999999995e-01,2.394120333333333292e+03
2.365500000000000000e+03,9.072570000000001755e+01,2.940627000000000102e-01,2.414612999999999829e+03
2.375500000000000000e+03,9.076000999999999408e+01,2.959948000000000023e-01,2.435187666666666701e+03
2.385500000000000000e+03,9.072571999999999548e+01,2.949722999999999651e-01,2.455843333333333248e+03
2.395500000000000000e+03,9.071857999999998867e+01,2.949907999999999975e-01,2.476589666666667199e+03
2.405500000000000000e+03,9.072287000000001456e+01,2.935818000000000039e-01,2.497471666666666806e+03
2.415500000000000000e+03,9.071714000000000055e+01,2.931791000000000258e-01,2.518447333333333518e+03
2.425500000000000000e+03,9.073001000000002136e+01,2.933198999999999668e-01,2.539507333333333463e+03
2.435500000000000000e+03,9.070714000000000965e+01,2.922437999999999980e-01,2.560648999999999887e+03
2.445500000000000000e+03,9.071284999999998888e+01,2.913674000000000541e-01,2.581875666666666802e+03
2.455500000000000000e+03,9.071999000000000990e+01,2.933742999999999768e-01,2.603184999999999945e+03
2.465500000000000000e+03,9.069856999999998948e+01,2.921112000000000153e-01,2.624581333333333532e+03
2.475500000000000000e+03,9.074712999999999852e+01,2.912923000000000595e-01,2.646070000000000164e+03
2.485500000000000000e+03,9.073570999999999742e+01,2.909277000000000113e-01,2.667646666666666988e+03
2.495500000000000000e+03,9.075142999999999915e+01,2.912617000000000123e-01,2.689312333333333754e+03
2.505500000000000000e+03,9.070284000000000901e+01,2.896470000000000433e-01,2.711066000000000258e+03
2.515500000000000000e+03,9.071856999999999971e+01,2.897393999999999803e-01,2.732908333333333303e+03
2.525500000000000000e+03,9.068999999999999773e+01,2.899996999999999714e-01,2.754831666666666933e+03
2.535500000000000000e+03,9.071999000000000990e+01,2.901217999999999853e-01,2.776839333333333343e+03
2.545500000000000000e+03,9.071570999999998719e+01,2.883395999999999737e-01,2.798932666666666591e+03
2.555500000000000000e+03,9.071713999999998634e+01,2.900170000000000248e-01,2.821106999999999971e+03
2.565500000000000000e+03,9.068714000000001363e+01,2.895031000000000132e-01,2.843369666666666490e+03
2.575500000000000000e+03,9.073713999999999658e+01,2.889701999999999549e-01,2.865714666666666744e+03
2.585500000000000000e+03,9.069142000000000792e+01,2.881144000000000482e-01,2.888135333333333165e+03
2.595500000000000000e+03,9.069283999999998969e+01,2.884805999999999759e-01,2.910640666666667130e+03
2.605500000000000000e+03,9.069857000000000369e+01,2.877827000000000024e-01,2.933226666666666915e+03
2.615500000000000000e+03,9.069284999999999286e+01,2.876703999999999928e-01,2.955904999999999745e+03
2.625500000000000000e+03,9.066427999999999088e+01,2.875774000000000385e-01,2.978670333333333474e+03
2.635500000000000000e+03,9.072142999999999802e+01,2.870371999999999924e-01,3.001521333333333132e+03
2.645500000000000000e+03,9.068715000000001680e+01,2.868339999999999779e-01,3.024457666666666682e+03
2.655500000000000000e+03,9.069714000000000453e+01,2.860282000000000102e-01,3.047484666666666271e+03
2.665500000000000000e+03,9.067573000000000150e+01,2.865118999999999860e-01,3.070597666666667010e+03
2.675500000000000000e+03,9.068999999999999773e+01,2.857754999999999601e-01,3.093794999999999618e+03
2.685500000000000000e+03,9.068141999999998859e+01,2.861774000000000262e-01,3.117075333333333219e+03
2.695500000000000000e+03,9.069570999999999117e+01,2.854147999999999685e-01,3.140443000000000211e+03
2.705500000000000000e+03,9.066427999999999088e+01,2.858288999999999969e-01,3.163896333333333132e+03
2.715500000000000000e+03,9.067571999999999832e+01,2.851924000000000126e-01,3.187439666666666653e+03
2.725500000000000000e+03,9.069284999999999286e+01,2.850276999999999950e-01,3.211073333333333267e+03
2.735500000000000000e+03,9.068571999999998923e+01,2.848209000000000435e-01,3.234795666666666420e+03
2.745500000000000000e+03,9.066571999999999321e+01,2.847452000000000316e-01,3.258613333333333230e+03
2.755500000000000000e+03,9.065999999999999659e+01,2.838023000000000073e-01,3.282514666666667381e+03
2.765500000000000000e+03,9.065715000000000146e+01,2.839938000000000184e-01,3.306508666666667068e+03
2.775500000000000000e+03,9.066571000000001845e+01,2.832363999999999438e-01,3.330589333333332434e+03
2.785500000000000000e+03,9.066714999999999236e+01,2.838321999999999790e-01,3.354762666666666519e+03
2.795500000000000000e+03,9.063998000000000843e+01,2.831776999999999767e-01,3.379025333333333492e+03
2.805500000000000000e+03,9.066428000000000509e+01,2.834324000000000288e-01,3.403383000000000266e+03
2.815500000000000000e+03,9.064285999999999888e+01,2.832278000000000295e-01,3.427829000000000178e+03
2.825500000000000000e+03,9.062857000000001051e+01,2.833492000000000233e-01,3.452357666666666773e+03
2.835500000000000000e+03,9.063430000000001030e+01,2.823383999999999894e-01,3.476974666666666508e+03
2.845500000000000000e+03,9.062999999999999545e+01,2.825567999999999413e-01,3.501681333333333896e+03
2.855500000000000000e+03,9.064713000000000420e+01,2.809185000000000709e-01,3.526469333333333452e+03
2.865500000000000000e+03,9.063142000000000564e+01,2.819450000000000012e-01,3.551346333333333405e+03
2.875500000000000000e+03,9.060571000000000197e+01,2.812810000000000032e-01,3.576340000000000146e+03
2.885500000000000000e+03,9.063142000000000564e+01,2.806575000000000042e-01,3.601426333333332877e+03
2.895500000000000000e+03,9.064429000000001224e+01,2.819768000000000274e-01,3.626597999999999502e+03
2.905500000000000000e+03,9.063142999999999461e+01,2.817091000000000456e-01,3.651854000000000269e+03
2.915500000000000000e+03,9.064001000000000374e+01,2.804243000000000707e-01,3.677196333333333314e+03
2.925500000000000000e+03,9.062858000000001368e+01,2.806400999999999479e-01,3.702629666666666708e+03
2.935500000000000000e+03,9.064572000000001140e+01,2.796367000000000158e-01,3.728152666666666391e+03
2.945500000000000000e+03,9.062999000000000649e+01,2.797463000000000033e-01,3.753761666666666315e+03
2.955500000000000000e+03,9.062857999999998526e+01,2.792636000000000007e-01,3.779459000000000287e+03
2.965500000000000000e+03,9.064142999999999972e+01,2.797688999999999870e-01,3.805244666666666944e+03
2.975500000000000000e+03,9.063428999999999292e+01,2.800325000000000175e-01,3.831119333333333543e+03
2.985500000000000000e+03,9.063856999999998720e+01,2.792613000000000456e-01,3.857080666666666275e+03
2.995500000000000000e+03,9.063000999999999863e+01,2.795174000000000269e-01,3.883129666666666253e+03
3.005500000000000000e+03,9.063001999999998759e+01,2.792979999999999907e-01,3.909258000000000266e+03
3.015500000000000000e+03,9.063857999999999038e+01,2.792148999999999881e-01,3.935469000000000051e+03
3.025500000000000000e+03,9.062001999999998247e+01,2.794043999999999972e-01,3.961764666666666926e+03
3.035500000000000000e+03,9.061571999999999605e+01,2.791426000000000185e-01,3.988140333333333729e+03
3.045500000000000000e+03,9.061571999999999605e+01,2.778490999999999600e-01,4.014604333333333670e+03
3.055500000000000000e+03,9.062429000000000201e+01,2.785612000000000088e-01,4.041149666666666690e+03
3.065500000000000000e+03,9.063000000000000966e+01,2.784939000000000164e-01,4.067784000000000560e+03
3.075500000000000000e+03,9.062859000000000265e+01,2.774917999999999552e-01,4.094504666666666708e+03
3.085500000000000000e+03,9.060998999999999626e+01,2.769713999999999787e-01,4.121311999999999898e+03
3.095500000000000000e+03,9.062715000000000032e+01,2.768677999999999972e-01,4.148206000000000131e+03
3.105500000000000000e+03,9.062570999999999799e+01,2.778634000000000381e-01,4.175193666666667013e+03
3.115500000000000000e+03,9.063428999999999292e+01,2.770182999999999951e-01,4.202265666666667130e+03
3.125500000000000000e+03,9.062859000000000265e+01,2.768634999999999846e-01,4.229424000000000888e+03
3.135500000000000000e+03,9.062857999999999947e+01,2.764492000000000060e-01,4.256672666666666373e+03
3.145500000000000000e+03,9.062000000000000455e+01,2.761912000000000256e-01,4.284010333333333620e+03
3.155500000000000000e+03,9.063143999999999778e+01,2.757200999999999680e-01,4.311434000000000196e+03
3.165500000000000000e+03,9.063000000000002387e+01,2.745355999999999908e-01,4.338946333333332404e+03
3.175500000000000000e+03,9.063857000000000141e+01,2.754852000000000412e-01,4.366544333333333270e+03
3.185500000000000000e+03,9.064428999999999803e+01,2.751293999999999684e-01,4.394226333333333969e+03
3.195500000000000000e+03,9.064714000000000738e+01,2.760569999999999413e-01,4.421995333333334202e+03
3.205500000000000000e+03,9.064141999999999655e+01,2.752143999999999702e-01,4.449850000000000364e+03
3.215500000000000000e+03,9.065000999999999465e+01,2.751332999999999696e-01,4.477794333333333270e+03
3.225500000000000000e+03,9.064997999999999934e+01,2.751013999999999959e-01,4.505825333333334129e+03
3.235500000000000000e+03,9.065999000000002184e+01,2.746392000000000277e-01,4.533938333333333503e+03
3.245500000000000000e+03,9.064140999999999337e+01,2.737653999999999921e-01,4.562139333333333525e+03
3.255500000000000000e+03,9.064144000000000290e+01,2.750210000000000155e-01,4.590432333333333190e+03
3.265500000000000000e+03,9.065429000000000315e+01,2.745399999999999507e-01,4.618814000000000306e+03
3.275500000000000000e+03,9.065285000000001503e+01,2.736276999999999737e-01,4.647277333333333445e+03
3.285500000000000000e+03,9.065285000000001503e+01,2.731175000000000130e-01,4.675826999999999316e+03
3.295500000000000000e+03,9.064716000000001372e+01,2.734299999999999509e-01,4.704464666666667654e+03
3.305500000000000000e+03,9.065001000000002307e+01,2.728183999999999609e-01,4.733177666666666482e+03
3.315500000000000000e+03,9.066284000000000276e+01,2.737674999999999970e-01,4.761980999999999767e+03
3.325500000000000000e+03,9.064144000000001711e+01,2.726767999999999970e-01,4.790870000000000800e+03
3.335500000000000000e+03,9.066427000000001613e+01,2.726115000000000066e-01,4.819837000000000444e+03
3.345500000000000000e+03,9.065427999999999997e+01,2.727092999999999878e-01,4.848886333333332914e+03
3.355500000000000000e+03,9.064429000000001224e+01,2.733032000000000239e-01,4.878018333333333430e+03
3.365500000000000000e+03,9.064714000000000738e+01,2.727855000000000141e-01,4.907236333333332368e+03
3.375500000000000000e+03,9.064284999999999570e+01,2.723666000000000142e-01,4.936549666666667690e+03
3.385500000000000000e+03,9.065999999999999659e+01,2.722525000000000084e-01,4.965953000000000429e+03
3.395500000000000000e+03,9.065142000000000166e+01,2.717740000000000156e-01,4.995456666666666933e+03
3.405500000000000000e+03,9.065142000000000166e+01,2.724072000000000160e-01,5.025055000000000291e+03
3.415500000000000000e+03,9.063572999999999524e+01,2.725315999999999850e-01,5.054737666666666883e+03
3.425500000000000000e+03,9.063145000000000095e+01,2.713845000000000285e-01,5.084503999999999905e+03
3.435500000000000000e+03,9.065854000000000212e+01,2.713840000000000141e-01,5.114359333333332870e+03
3.445500000000000000e+03,9.064144000000001711e+01,2.719775000000000387e-01,5.144304999999999382e+03
3.455500000000000000e+03,9.064857000000002074e+01,2.718890999999999947e-01,5.174332333333333736e+03
3.465500000000000000e+03,9.062857999999999947e+01,2.714500000000000246e-01,5.204444666666667217e+03
3.475500000000000000e+03,9.064001000000000374e+01,2.710397999999999974e-01,5.234639000000000124e+03
3.485500000000000000e+03,9.064141999999999655e+01,2.708947999999999356e-01,5.264913333333332048e+03
3.495500000000000000e+03,9.063858999999999355e+01,2.707068000000000252e-01,5.295274666666666235e+03
3.505500000000000000e+03,9.064284000000000674e+01,2.710148000000000001e-01,5.325725666666667166e+03
3.515500000000000000e+03,9.061713999999999203e+01,2.705705000000000471e-01,5.356265666666667130e+03
3.525500000000000000e+03,9.063000999999999863e+01,2.711332999999999660e-01,5.386891999999998916e+03
3.535500000000000000e+03,9.060571000000000197e+01,2.707713999999999954e-01,5.417604333333333670e+03
3.545500000000000000e+03,9.057713999999998578e+01,2.703537000000000301e-01,5.448405999999999949e+03
3.555500000000000000e+03,9.057855000000000700e+01,2.698285999999999740e-01,5.479296999999999571e+03
3.565500000000000000e+03,9.057856000000001018e+01,2.705233999999999694e-01,5.510273333333333539e+03
3.575500000000000000e+03,9.057284999999998831e+01,2.697722999999999649e-01,5.541329333333333125e+03
3.585500000000000000e+03,9.056999999999999318e+01,2.704327999999999732e-01,5.572474666666666963e+03
3.595500000000000000e+03,9.055857000000000312e+01,2.702925999999999940e-01,5.603703666666666322e+03
3.605500000000000000e+03,9.053999999999999204e+01,2.695421000000000067e-01,5.635014333333332615e+03
3.615500000000000000e+03,9.054570999999999970e+01,2.704037000000000246e-01,5.666413333333332957e+03
3.625500000000000000e+03,9.055287000000001285e+01,2.696546999999999694e-01,5.697895666666667239e+03
3.635500000000000000e+03,9.053999999999999204e+01,2.691571999999999854e-01,5.729460666666666839e+03
3.645500000000000000e+03,9.054715000000001623e+01,2.706992000000000287e-01,5.761106666666666570e+03
3.655500000000000000e+03,9.054429999999999268e+01,2.694046999999999970e-01,5.792836333333333641e+03
3.665500000000000000e+03,9.053571000000000879e+01,2.696673000000000542e-01,5.824657999999999447e+03
3.675500000000000000e+03,9.051715000000000089e+01,2.691896000000000289e-01,5.856565000000000509e+03
3.685500000000000000e+03,9.052858000000000516e+01,2.697627999999999693e-01,5.888552000000001499e+03
3.695500000000000000e+03,9.053002000000000749e+01,2.686019000000000045e-01,5.920626333333334514e+03
3.705500000000000000e+03,9.053287000000000262e+01,2.685883999999999494e-01,5.952797000000000480e+03
3.715500000000000000e+03,9.052286999999999750e+01,2.684716000000000324e-01,5.985061333333333096e+03
3.725500000000000000e+03,9.051572000000001594e+01,2.691346000000000016e-01,6.017411000000000058e+03
3.735500000000000000e+03,9.052002000000001658e+01,2.689475000000000060e-01,6.049852333333334172e+03
3.745500000000000000e+03,9.052286999999998329e+01,2.686080999999999608e-01,6.082378999999999905e+03
3.755500000000000000e+03,9.052288000000001489e+01,2.688019999999999854e-01,6.114987666666666883e+03
3.765500000000000000e+03,9.052145000000001573e+01,2.684956000000000009e-01,6.147685999999999694e+03
3.775500000000000000e+03,9.051430000000000575e+01,2.679940000000000100e-01,6.180467666666665536e+03
3.785500000000000000e+03,9.051430000000000575e+01,2.683436000000000154e-01,6.213333000000000538e+03
3.795500000000000000e+03,9.050143000000001337e+01,2.680989000000000289e-01,6.246286333333334369e+03
3.805500000000000000e+03,9.051858000000000004e+01,2.684407999999999794e-01,6.279328666666667232e+03
3.815500000000000000e+03,9.051572999999999070e+01,2.677220000000000155e-01,6.312457666666667137e+03
3.825500000000000000e+03,9.051287000000000660e+01,2.681738000000000177e-01,6.345673333333333176e+03
3.835500000000000000e+03,9.050571999999998241e+01,2.675508999999999804e-01,6.378971999999999753e+03
3.845500000000000000e+03,9.050714999999999577e+01,2.674646999999999442e-01,6.412358666666666977e+03
3.855500000000000000e+03,9.049570999999998833e+01,2.684415999999999469e-01,6.445835333333333438e+03
3.865500000000000000e+03,9.050714999999999577e+01,2.681993999999999767e-01,6.479395333333332928e+03
3.875500000000000000e+03,9.050000000000000000e+01,2.676359000000000377e-01,6.513042333333332863e+03
3.885500000000000000e+03,9.048999000000000592e+01,2.678093000000000279e-01,6.546785999999999149e+03
3.895500000000000000e+03,9.050428999999999746e+01,2.674178000000000388e-01,6.580620333333332383e+03
3.905500000000000000e+03,9.050858000000000914e+01,2.674682999999999922e-01,6.614540333333332455e+03
3.915500000000000000e+03,9.050000000000000000e+01,2.669663999999999926e-01,6.648564333333332797e+03
3.925500000000000000e+03,9.050142999999999915e+01,2.669200999999999935e-01,6.682695333333334020e+03
3.935500000000000000e+03,9.050285999999999831e+01,2.668401999999999719e-01,6.716913333333332957e+03
3.945500000000000000e+03,9.048998999999999171e+01,2.668004999999999960e-01,6.751218333333333248e+03
3.955500000000000000e+03,9.049285000000000423e+01,2.669772000000000256e-01,6.785608999999999469e+03
3.965500000000000000e+03,9.049571000000000254e+01,2.673047000000000617e-01,6.820086999999999534e+03
3.975500000000000000e+03,9.049571000000000254e+01,2.675422999999999552e-01,6.854647999999999229e+03
3.985500000000000000e+03,9.049285000000000423e+01,2.664668000000000037e-01,6.889295000000000073e+03
3.995500000000000000e+03,9.048426999999999509e+01,2.670721000000000345e-01,6.924030999999999949e+03
4.005500000000000000e+03,9.050000000000000000e+01,2.668654000000000304e-01,6.958858000000000175e+03
4.015500000000000000e+03,9.050571999999999662e+01,2.672246000000000343e-01,6.993766999999999825e+03
4.025500000000000000e+03,9.051143999999999323e+01,2.665502000000000149e-01,7.028761333333332914e+03
4.035500000000000000e+03,9.049427999999997496e+01,2.661136000000000612e-01,7.063846666666666351e+03
4.045500000000000000e+03,9.048427000000000930e+01,2.660741999999999829e-01,7.099024666666667144e+03
4.055500000000000000e+03,9.049141999999999086e+01,2.662638999999999978e-01,7.134290333333333365e+03
4.065500000000000000e+03,9.048998999999999171e+01,2.661602999999999608e-01,7.169647666666666737e+03
4.075500000000000000e+03,9.049571000000000254e+01,2.662040999999999991e-01,7.205088666666667450e+03
4.085500000000000000e+03,9.049571000000000254e+01,2.664660999999999835e-01,7.240612666666665973e+03
4.095500000000000000e+03,9.049285000000000423e+01,2.664239999999999386e-01,7.276225333333333765e+03
4.105500000000000000e+03,9.048999000000000592e+01,2.662842000000000264e-01,7.311920000000000073e+03
4.115500000000000000e+03,9.049714000000001590e+01,2.663049000000000111e-01,7.347701333333333423e+03
4.125500000000000000e+03,9.049571000000000254e+01,2.665729000000000015e-01,7.383571666666667625e+03
4.135500000000000000e+03,9.050142999999999915e+01,2.661241999999999774e-01,7.419529333333333852e+03
4.145500000000000000e+03,9.049428000000000338e+01,2.664414000000000504e-01,7.455577333333334536e+03
4.155500000000000000e+03,9.049142000000000507e+01,2.664048999999999445e-01,7.491714999999999236e+03
4.165500000000000000e+03,9.049857000000000085e+01,2.660573999999999995e-01,7.527934333333333598e+03
4.175500000000000000e+03,9.048999000000000592e+01,2.671089000000000380e-01,7.564239666666666380e+03
4.185500000000000000e+03,9.050000000000000000e+01,2.666005999999999654e-01,7.600632000000000517e+03
4.195500000000000000e+03,9.049714000000000169e+01,2.654747000000000079e-01,7.637117666666666992e+03
4.205500000000000000e+03,9.049571000000000254e+01,2.669679000000000357e-01,7.673684999999999491e+03
4.215500000000000000e+03,9.049570999999998833e+01,2.672435999999999701e-01,7.710336333333334551e+03
4.225500000000000000e+03,9.049141999999999086e+01,2.671913000000000205e-01,7.747069999999999709e+03
4.235500000000000000e+03,9.050000000000000000e+01,2.667613000000000345e-01,7.783889000000000124e+03
4.245500000000000000e+03,9.049428000000000338e+01,2.659272000000000302e-01,7.820797333333332972e+03
4.255500000000000000e+03,9.049714000000000169e+01,2.668736999999999915e-01,7.857797999999999774e+03
4.265500000000000000e+03,9.050285999999999831e+01,2.668983999999999801e-01,7.894886999999999716e+03
4.275500000000000000e+03,9.048713000000000761e+01,2.669008999999999965e-01,7.932058333333332484e+03
4.285500000000000000e+03,9.050857999999999493e+01,2.671707999999999861e-01,7.969315666666666402e+03
4.295500000000000000e+03,9.048713000000000761e+01,2.677067999999999670e-01,8.006660333333335075e+03
4.305500000000000000e+03,9.049714000000001590e+01,2.663787000000000238e-01,8.044091666666667152e+03
4.315500000000000000e+03,9.049857000000000085e+01,2.662655999999999912e-01,8.081605000000000473e+03
4.325500000000000000e+03,9.049428000000000338e+01,2.672254000000000018e-01,8.119199999999999818e+03
4.335500000000000000e+03,9.050142999999999915e+01,2.675494999999999957e-01,8.156888666666667632e+03
4.345500000000000000e+03,9.049857000000000085e+01,2.674887999999999710e-01,8.194669333333333270e+03
4.355500000000000000e+03,9.049571000000000254e+01,2.673558999999999797e-01,8.232538000000000466e+03
4.365500000000000000e+03,9.050000000000000000e+01,2.680300999999999934e-01,8.270497333333334609e+03
4.375500000000000000e+03,9.048855999999999256e+01,2.676063999999999665e-01,8.308546666666667079e+03
4.385500000000000000e+03,9.049427999999998917e+01,2.678281999999999607e-01,8.346690666666665493e+03
4.395500000000000000e+03,9.050285999999999831e+01,2.678724999999999579e-01,8.384941333333334114e+03
4.405500000000000000e+03,9.050714999999999577e+01,2.677635999999999905e-01,8.423286666666666861e+03
4.415500000000000000e+03,9.049571000000000254e+01,2.674906999999999702e-01,8.461729000000001179e+03
4.425500000000000000e+03,9.049857000000000085e+01,2.673173000000000354e-01,8.500268000000000029e+03
4.435500000000000000e+03,9.050428999999999746e+01,2.672157999999999478e-01,8.538903000000000247e+03
4.445500000000000000e+03,9.049142000000001929e+01,2.675299000000000427e-01,8.577641333333333023e+03
4.455500000000000000e+03,9.050858000000000914e+01,2.675536000000000025e-01,8.616473666666668578e+03
4.465500000000000000e+03,9.048569999999999425e+01,2.669129000000000085e-01,8.655383666666668432e+03
4.475500000000000000e+03,9.050429000000001167e+01,2.670957999999999943e-01,8.694378999999998996e+03
4.485500000000000000e+03,9.050142999999999915e+01,2.652872000000000563e-01,8.733462333333332936e+03
4.495500000000000000e+03,9.050858000000000914e+01,2.669620000000000326e-01,8.772635666666667021e+03
4.505500000000000000e+03,9.049427999999998917e+01,2.673985999999999863e-01,8.811891666666666424e+03
4.515500000000000000e+03,9.049285000000000423e+01,2.668811999999999851e-01,8.851235333333333983e+03
4.525500000000000000e+03,9.048426999999999509e+01,2.668674999999999797e-01,8.890661000000000058e+03
4.535500000000000000e+03,9.049428000000000338e+01,2.667495999999999756e-01,8.930169999999998254e+03
4.545500000000000000e+03,9.048141999999999996e+01,2.669933999999999363e-01,8.969760333333333620e+03
4.555500000000000000e+03,9.048713000000000761e+01,2.677314000000000083e-01,9.009431333333332077e+03
4.565500000000000000e+03,9.048713999999999658e+01,2.669451999999999936e-01,9.049188000000000102e+03
4.575500000000000000e+03,9.048712999999999340e+01,2.667735000000000523e-01,9.089029666666667254e+03
4.585500000000000000e+03,9.047141999999999484e+01,2.665414000000000394e-01,9.128959333333332324e+03
4.595500000000000000e+03,9.048569999999998004e+01,2.666799999999999726e-01,9.168975666666667166e+03
4.605500000000000000e+03,9.047713000000000250e+01,2.668591000000000157e-01,9.209080333333333328e+03
4.615500000000000000e+03,9.048284000000001015e+01,2.662385999999999919e-01,9.249263999999999214e+03
4.625500000000000000e+03,9.047855999999998744e+01,2.662459999999999827e-01,9.289530999999999040e+03
4.635500000000000000e+03,9.047569999999998913e+01,2.668282999999999627e-01,9.329886333333333823e+03
4.645500000000000000e+03,9.047569000000001438e+01,2.645736999999999672e-01,9.370326000000000931e+03
4.655500000000000000e+03,9.046285000000000309e+01,2.650050999999999934e-01,9.410842999999998938e+03
4.665500000000000000e+03,9.047140000000000271e+01,2.662428000000000017e-01,9.451433666666667705e+03
4.675500000000000000e+03,9.048569999999999425e+01,2.667989000000000055e-01,9.492099666666665144e+03
4.685500000000000000e+03,9.047141000000000588e+01,2.667798000000000114e-01,9.532840000000000146e+03
4.695500000000000000e+03,9.046855999999999653e+01,2.642573000000000283e-01,9.573658333333334667e+03
4.705500000000000000e+03,9.047857000000000482e+01,2.661038999999999488e-01,9.614552333333333081e+03
4.715500000000000000e+03,9.046569999999999823e+01,2.658009000000000066e-01,9.655522666666667646e+03
4.725500000000000000e+03,9.047283000000000186e+01,2.643963999999999759e-01,9.696568999999999505e+03
4.735500000000000000e+03,9.047999000000000080e+01,2.641086000000000267e-01,9.737696333333333314e+03
4.745500000000000000e+03,9.047426000000000101e+01,2.659258999999999373e-01,9.778901333333333241e+03
4.755500000000000000e+03,9.046283999999999992e+01,2.656680999999999626e-01,9.820183333333334303e+03
4.765500000000000000e+03,9.047713000000001671e+01,2.658513000000000681e-01,9.861552999999999884e+03
4.775500000000000000e+03,9.047569000000000017e+01,2.655354000000000325e-01,9.903006333333332805e+03
4.785500000000000000e+03,9.046999000000000990e+01,2.639547000000000421e-01,9.944541333333332659e+03
4.795500000000000000e+03,9.046428000000000225e+01,2.622725000000000195e-01,9.986200666666665711e+03
4.805500000000000000e+03,9.047856000000000165e+01,2.653767000000000209e-01,1.002799033333333318e+04
4.815500000000000000e+03,9.048856000000000677e+01,2.652767000000000319e-01,1.006988933333333443e+04
4.825500000000000000e+03,9.048141999999998575e+01,2.652637000000000467e-01,1.011186800000000039e+04
4.835500000000000000e+03,9.048141999999998575e+01,2.652549999999999630e-01,1.015393333333333430e+04
4.845500000000000000e+03,9.047428000000000736e+01,2.650751000000000634e-01,1.019608866666666654e+04
4.855500000000000000e+03,9.047999000000001502e+01,2.650446000000000746e-01,1.023832766666666794e+04
4.865500000000000000e+03,9.047997999999998342e+01,2.650067999999999868e-01,1.028064666666666562e+04
4.875500000000000000e+03,9.048283999999999594e+01,2.649731000000000170e-01,1.032305666666666730e+04
4.885500000000000000e+03,9.048284000000001015e+01,2.617741000000000096e-01,1.036554666666666526e+04
4.895500000000000000e+03,9.048283999999999594e+01,2.650995999999999908e-01,1.040812999999999920e+04
4.905500000000000000e+03,9.048283999999999594e+01,2.648823999999999623e-01,1.045081000000000131e+04
4.915500000000000000e+03,9.047426000000000101e+01,2.648106000000000071e-01,1.049356999999999971e+04
4.925500000000000000e+03,9.047712000000001353e+01,2.647857000000000127e-01,1.053642333333333409e+04
4.935500000000000000e+03,9.047140000000000271e+01,2.646947000000000605e-01,1.057935666666666839e+04
4.945500000000000000e+03,9.047569000000000017e+01,2.646614000000000466e-01,1.062235999999999876e+04
4.955500000000000000e+03,9.047141000000000588e+01,2.645364000000000049e-01,1.066545333333333292e+04
4.965500000000000000e+03,9.047283000000000186e+01,2.645910999999999680e-01,1.070864333333333343e+04
4.975500000000000000e+03,9.047569000000000017e+01,2.630958999999999381e-01,1.075190999999999985e+04
4.985500000000000000e+03,9.047711999999999932e+01,2.629342000000000068e-01,1.079527666666666846e+04
4.995500000000000000e+03,9.048283999999999594e+01,2.616380999999999846e-01,1.083871333333333132e+04
