5.500000000000000000e+00,6.725043000000000859e+01,1.552144800000000089e+02,2.152208399999999688e+00
1.550000000000000000e+01,7.109440999999999633e+01,1.536290000000000155e+01,1.215118400000000065e+01
2.550000000000000000e+01,7.060129000000000588e+01,9.564783999999999509e+00,3.038501333333333676e+01
3.550000000000000000e+01,6.887944000000001665e+01,5.916603999999999530e+00,5.692700999999999567e+01
4.550000000000000000e+01,7.085999999999998522e+01,6.030089000000000254e+00,9.158845333333334793e+01
5.550000000000000000e+01,7.077499999999999147e+01,3.867695000000000327e+00,1.342308333333333223e+02
6.550000000000000000e+01,7.421157000000000892e+01,3.323691000000000173e+00,1.848656666666666695e+02
7.550000000000000000e+01,7.703271999999999764e+01,3.395626000000000033e+00,2.435794000000000210e+02
8.550000000000000000e+01,7.587170000000000414e+01,3.332330000000000236e+00,3.104925000000000068e+02
9.550000000000000000e+01,7.462658000000000413e+01,2.528436999999999824e+00,3.857221000000000686e+02
1.055000000000000000e+02,7.251885000000000048e+01,2.020161000000000318e+00,4.689836666666666360e+02
1.155000000000000000e+02,7.476630000000000109e+01,1.822018999999999833e+00,5.602225666666666939e+02
1.255000000000000000e+02,7.651841999999999189e+01,1.627260000000000151e+00,6.593872666666666191e+02
1.355000000000000000e+02,7.685757000000000971e+01,1.573754000000000097e+00,7.664805666666666184e+02
1.455000000000000000e+02,7.752785000000000082e+01,1.554811999999999861e+00,8.814649999999999181e+02
1.555000000000000000e+02,7.674843000000001325e+01,1.809631000000000212e+00,1.004325299999999856e+03
1.655000000000000000e+02,7.769070999999999572e+01,1.456716999999999818e+00,1.135146333333333359e+03
1.755000000000000000e+02,7.771871999999999048e+01,1.416120999999999963e+00,1.273905999999999949e+03
1.855000000000000000e+02,7.741414999999999225e+01,1.281502999999999837e+00,1.420609666666666726e+03
1.955000000000000000e+02,7.939072000000001594e+01,1.205378300000000014e+00,1.575222333333333609e+03
2.055000000000000000e+02,7.769187000000000864e+01,1.181471800000000183e+00,1.737766000000000076e+03
2.155000000000000000e+02,7.713770999999999844e+01,1.051122800000000135e+00,1.908254999999999882e+03
2.255000000000000000e+02,7.929242999999999597e+01,9.574949000000000376e-01,2.086717333333333045e+03
2.355000000000000000e+02,7.751229999999999620e+01,1.065912700000000157e+00,2.273405000000000200e+03
2.455000000000000000e+02,7.732327999999999690e+01,1.086302300000000276e+00,2.468166666666666970e+03
2.555000000000000000e+02,7.777744000000001279e+01,1.011737300000000062e+00,2.670968666666666650e+03
2.655000000000000000e+02,7.814199999999999591e+01,1.099251100000000037e+00,2.881693666666667013e+03
2.755000000000000000e+02,7.958756000000001052e+01,8.960938999999999988e-01,3.100345666666667057e+03
2.855000000000000000e+02,7.877558999999999401e+01,8.978028999999999593e-01,3.327002666666666300e+03
2.955000000000000000e+02,7.864428000000000907e+01,9.269187999999999317e-01,3.561693666666666104e+03
3.055000000000000000e+02,7.871186000000000149e+01,8.661086000000001173e-01,3.804416999999999916e+03
3.155000000000000000e+02,8.014057999999999993e+01,7.362874000000000363e-01,4.055192666666667265e+03
3.255000000000000000e+02,8.036456999999998629e+01,7.885710000000001330e-01,4.314002666666667210e+03
3.355000000000000000e+02,8.060269999999999868e+01,7.424789000000000527e-01,4.580835000000000946e+03
3.455000000000000000e+02,8.105298999999999410e+01,7.103331000000000506e-01,4.855659333333333052e+03
3.555000000000000000e+02,8.112599999999999056e+01,7.887818999999999248e-01,5.138487999999999374e+03
3.655000000000000000e+02,8.133670999999999651e+01,7.381007000000000540e-01,5.429300000000000182e+03
3.755000000000000000e+02,8.153927999999999088e+01,7.224760999999999544e-01,5.728115333333333183e+03
3.855000000000000000e+02,8.162757999999999470e+01,7.667221000000000730e-01,6.034895666666666330e+03
3.955000000000000000e+02,8.242670000000001096e+01,7.245607000000000575e-01,6.349732666666666773e+03
4.055000000000000000e+02,8.156870999999999583e+01,6.533130000000000326e-01,6.672661000000000058e+03
4.155000000000000000e+02,8.136370999999999754e+01,6.967271000000001546e-01,7.003639999999999418e+03
4.255000000000000000e+02,8.261614000000000146e+01,6.981610999999999789e-01,7.342619999999999891e+03
4.355000000000000000e+02,8.329671000000000447e+01,7.356549999999999478e-01,7.689630666666666912e+03
4.455000000000000000e+02,8.301800000000000068e+01,6.364535000000000053e-01,8.044820666666666511e+03
4.555000000000000000e+02,8.306642999999999688e+01,6.910033999999999343e-01,8.408118333333333794e+03
4.655000000000000000e+02,8.362600999999999374e+01,6.788281000000000454e-01,8.779706000000000131e+03
4.755000000000000000e+02,8.300301000000001750e+01,6.796727000000000185e-01,9.159482333333335191e+03
4.855000000000000000e+02,8.325298999999999694e+01,6.153397000000000450e-01,9.547402000000000044e+03
4.955000000000000000e+02,8.378713000000000477e+01,6.003593999999999875e-01,9.943363333333330957e+03
5.055000000000000000e+02,8.316043999999999414e+01,6.367964999999999876e-01,1.034729999999999927e+04
5.155000000000000000e+02,8.366414000000000328e+01,5.857573000000000363e-01,1.075937666666666701e+04
5.255000000000000000e+02,8.333071999999999946e+01,6.137076000000000198e-01,1.117960666666666475e+04
5.355000000000000000e+02,8.393227999999999156e+01,6.246703000000000117e-01,1.160797000000000116e+04
5.455000000000000000e+02,8.377630999999999517e+01,5.775645999999999836e-01,1.204445666666666693e+04
5.555000000000000000e+02,8.444986000000001525e+01,6.224727000000001009e-01,1.248902666666666664e+04
5.655000000000000000e+02,8.434956999999999994e+01,5.671548000000000700e-01,1.294165333333333183e+04
5.755000000000000000e+02,8.383572000000000912e+01,5.651235999999999482e-01,1.340237000000000080e+04
5.855000000000000000e+02,8.449872000000000583e+01,5.942988999999999633e-01,1.387117666666666628e+04
5.955000000000000000e+02,8.403015000000000612e+01,5.756917999999999758e-01,1.434807000000000153e+04
6.055000000000000000e+02,8.396098999999999535e+01,5.593171999999999588e-01,1.483305333333333328e+04
6.155000000000000000e+02,8.375229000000001633e+01,5.807347000000000481e-01,1.532611333333333278e+04
6.255000000000000000e+02,8.391684999999999661e+01,5.731642000000000126e-01,1.582725000000000000e+04
6.355000000000000000e+02,8.509756999999999039e+01,5.310945999999999723e-01,1.633650000000000000e+04
6.455000000000000000e+02,8.437570999999999799e+01,5.538879999999999360e-01,1.685384999999999854e+04
6.555000000000000000e+02,8.430643000000000598e+01,5.258321999999999719e-01,1.737929333333332761e+04
6.655000000000000000e+02,8.497914000000000101e+01,5.445278999999999536e-01,1.791287333333333663e+04
6.755000000000000000e+02,8.494184999999998809e+01,5.367186000000000456e-01,1.845465666666666584e+04
6.855000000000000000e+02,8.449242999999999881e+01,5.454185000000000283e-01,1.900466333333333023e+04
6.955000000000000000e+02,8.474827999999999406e+01,4.922060999999999242e-01,1.956288999999999942e+04
7.055000000000000000e+02,8.433684999999999832e+01,5.112126000000000170e-01,2.012924333333333561e+04
7.155000000000000000e+02,8.473257000000000971e+01,5.262230999999999437e-01,2.070376666666666642e+04
7.255000000000000000e+02,8.463986000000001297e+01,5.130942000000000558e-01,2.128643000000000029e+04
7.355000000000000000e+02,8.378429000000001281e+01,5.418164000000000868e-01,2.187726000000000204e+04
7.455000000000000000e+02,8.491799000000000319e+01,4.970513999999999766e-01,2.247635333333332892e+04
7.555000000000000000e+02,8.459343000000001211e+01,5.085102999999999707e-01,2.308368666666666832e+04
7.655000000000000000e+02,8.412586000000000297e+01,5.413797999999999666e-01,2.369919000000000233e+04
7.755000000000000000e+02,8.475713000000000363e+01,5.037739999999999441e-01,2.432286000000000422e+04
7.855000000000000000e+02,8.511614000000000146e+01,4.786378000000000021e-01,2.495465666666666584e+04
7.955000000000000000e+02,8.499701000000000306e+01,5.298754999999999438e-01,2.559460666666666657e+04
8.055000000000000000e+02,8.511643999999999721e+01,5.130114000000000063e-01,2.624264666666666017e+04
8.155000000000000000e+02,8.508528000000001157e+01,4.955631999999999815e-01,2.689882666666666773e+04
8.255000000000000000e+02,8.451685999999999410e+01,5.099072000000000049e-01,2.756312666666666701e+04
8.355000000000000000e+02,8.492372000000000298e+01,4.964252999999999583e-01,2.823559999999999854e+04
8.455000000000000000e+02,8.421757999999999811e+01,5.706028999999999129e-01,2.891624666666666599e+04
8.555000000000000000e+02,8.537255999999999290e+01,5.116281999999999774e-01,2.960505999999999767e+04
8.655000000000000000e+02,8.562284999999999968e+01,5.110683999999999783e-01,3.030202999999999884e+04
8.755000000000000000e+02,8.511713000000000306e+01,5.047068000000000110e-01,3.100710666666666657e+04
8.855000000000000000e+02,8.559144999999999470e+01,4.937280000000000557e-01,3.172031333333333168e+04
8.955000000000000000e+02,8.572114999999999441e+01,5.221955000000000346e-01,3.244168999999999505e+04
9.055000000000000000e+02,8.631873000000000218e+01,4.793880999999999837e-01,3.317122333333332062e+04
9.155000000000000000e+02,8.578457999999999117e+01,4.665758000000000405e-01,3.390887333333332936e+04
9.255000000000000000e+02,8.655543999999999016e+01,4.420684000000000280e-01,3.465472333333333518e+04
9.355000000000000000e+02,8.644228999999999985e+01,4.354966999999999588e-01,3.540873999999999069e+04
9.455000000000000000e+02,8.671385999999999683e+01,4.514744000000000534e-01,3.617096333333333314e+04
9.555000000000000000e+02,8.642201000000000022e+01,4.496440999999999910e-01,3.694147000000000116e+04
9.655000000000000000e+02,8.637841000000000236e+01,4.427928000000000419e-01,3.772019333333332906e+04
9.755000000000000000e+02,8.677027999999999963e+01,4.301460999999999757e-01,3.850705666666666366e+04
9.855000000000000000e+02,8.651871000000002709e+01,4.452874000000000554e-01,3.930215333333332819e+04
9.955000000000000000e+02,8.687701000000001272e+01,4.382179999999999964e-01,4.010547666666666191e+04
1.005500000000000000e+03,8.670955999999999619e+01,4.562382000000000382e-01,4.091699333333333198e+04
1.015500000000000000e+03,8.743986999999999910e+01,4.484886999999999624e-01,4.173679666666666162e+04
1.025500000000000000e+03,8.718971000000000515e+01,4.095077000000000855e-01,4.256489333333333343e+04
1.035500000000000000e+03,8.685571000000000197e+01,4.381796000000000579e-01,4.340120666666667239e+04
1.045500000000000000e+03,8.748429000000001565e+01,4.194493000000000249e-01,4.424573000000000320e+04
1.055500000000000000e+03,8.746684999999999377e+01,4.045505999999999824e-01,4.509855333333332965e+04
1.065500000000000000e+03,8.765583999999999776e+01,4.111189999999999567e-01,4.595965000000000146e+04
1.075500000000000000e+03,8.748357000000000028e+01,4.147237999999999758e-01,4.682894666666667035e+04
1.085500000000000000e+03,8.770042000000000826e+01,4.067071000000000436e-01,4.770640333333332819e+04
1.095500000000000000e+03,8.763085000000000946e+01,4.007711999999999941e-01,4.859206999999999971e+04
1.105500000000000000e+03,8.779040999999999428e+01,4.043051999999999202e-01,4.948606999999999971e+04
1.115500000000000000e+03,8.765242000000000644e+01,4.018745000000000234e-01,5.038837666666666337e+04
1.125500000000000000e+03,8.773627000000000464e+01,4.157650000000000512e-01,5.129906333333333896e+04
1.135500000000000000e+03,8.755656999999999357e+01,3.947108000000000283e-01,5.221815333333333547e+04
1.145500000000000000e+03,8.784013000000000204e+01,4.056371999999999756e-01,5.314558666666666977e+04
1.155500000000000000e+03,8.774100000000001387e+01,4.037015000000000464e-01,5.408134333333333780e+04
1.165500000000000000e+03,8.790213000000001387e+01,4.018119999999999470e-01,5.502530999999999767e+04
1.175500000000000000e+03,8.786129999999998574e+01,3.978365999999999847e-01,5.597755999999999767e+04
1.185500000000000000e+03,8.773900000000000432e+01,3.974209999999999687e-01,5.693809666666666453e+04
1.195500000000000000e+03,8.793300999999999590e+01,3.989803999999999573e-01,5.790691999999999825e+04
1.205500000000000000e+03,8.789871000000000834e+01,4.044729000000000241e-01,5.888399000000000524e+04
1.215500000000000000e+03,8.790770999999999447e+01,4.017523000000000621e-01,5.986930000000000291e+04
1.225500000000000000e+03,8.786728000000000804e+01,4.021467999999999710e-01,6.086279666666665435e+04
1.235500000000000000e+03,8.784400000000000830e+01,4.203591000000000411e-01,6.186457333333334100e+04
1.245500000000000000e+03,8.797584999999999411e+01,4.114634000000000347e-01,6.287474000000000524e+04
1.255500000000000000e+03,8.792056999999999789e+01,4.022586999999999691e-01,6.389323333333333721e+04
1.265500000000000000e+03,8.797499999999999432e+01,4.006526000000000254e-01,6.492004333333333489e+04
1.275500000000000000e+03,8.789628000000000441e+01,4.040835000000000399e-01,6.595508666666666977e+04
1.285500000000000000e+03,8.788957000000000619e+01,4.152631000000000516e-01,6.699839333333332615e+04
1.295500000000000000e+03,8.800327000000000055e+01,4.019053999999999682e-01,6.804988333333333139e+04
1.305500000000000000e+03,8.800500999999999863e+01,4.109368999999999938e-01,6.910952666666665755e+04
1.315500000000000000e+03,8.798627999999999361e+01,4.032310000000000061e-01,7.017733333333332848e+04
1.325500000000000000e+03,8.806728000000001089e+01,3.994781000000000581e-01,7.125339666666666744e+04
1.335500000000000000e+03,8.807041999999999859e+01,4.018974000000000157e-01,7.233771666666667443e+04
1.345500000000000000e+03,8.808786999999999523e+01,4.013614000000000348e-01,7.343026333333333605e+04
1.355500000000000000e+03,8.795786000000001081e+01,4.002550000000000274e-01,7.453099333333333198e+04
1.365500000000000000e+03,8.805899999999999750e+01,4.004645000000000010e-01,7.563986333333332732e+04
1.375500000000000000e+03,8.799398999999999660e+01,3.937582999999999500e-01,7.675698999999999069e+04
1.385500000000000000e+03,8.802770000000001005e+01,3.960889000000000215e-01,7.788243999999998778e+04
1.395500000000000000e+03,8.817999000000000365e+01,4.098080999999999530e-01,7.901609333333333780e+04
1.405500000000000000e+03,8.823913999999999191e+01,3.971831000000000111e-01,8.015795666666665056e+04
1.415500000000000000e+03,8.832885000000001696e+01,4.001377999999999879e-01,8.130802999999999884e+04
1.425500000000000000e+03,8.823572000000000060e+01,3.919382999999999617e-01,8.246643666666666104e+04
1.435500000000000000e+03,8.820514000000000010e+01,3.941195000000000115e-01,8.363307666666666046e+04
1.445500000000000000e+03,8.818456999999999368e+01,3.865120000000000222e-01,8.480797666666666919e+04
1.455500000000000000e+03,8.832572999999999297e+01,3.897384000000000404e-01,8.599113999999999942e+04
1.465500000000000000e+03,8.829285000000000139e+01,4.031640000000000224e-01,8.718266000000000349e+04
1.475500000000000000e+03,8.832228999999999530e+01,4.023102000000000622e-01,8.838241000000000349e+04
1.485500000000000000e+03,8.826115000000000066e+01,3.864899000000000528e-01,8.959043333333334886e+04
1.495500000000000000e+03,8.831571999999999889e+01,3.935788999999999538e-01,9.080685666666665929e+04
1.505500000000000000e+03,8.829201000000000477e+01,3.855141999999999736e-01,9.203157000000000698e+04
1.515500000000000000e+03,8.830540999999999485e+01,3.875041999999999098e-01,9.326449666666667326e+04
1.525500000000000000e+03,8.822856999999999061e+01,3.918155000000000387e-01,9.450568666666666104e+04
1.535500000000000000e+03,8.820929000000000997e+01,4.001803000000000443e-01,9.575516333333334478e+04
1.545500000000000000e+03,8.818868999999999403e+01,4.002887000000000528e-01,9.701291999999998370e+04
1.555500000000000000e+03,8.814459000000000799e+01,3.894234999999999780e-01,9.827887999999999010e+04
1.565500000000000000e+03,8.824330000000000496e+01,3.935388000000000219e-01,9.955307999999998719e+04
1.575500000000000000e+03,8.822999000000000080e+01,3.737055999999999711e-01,1.008356999999999971e+05
1.585500000000000000e+03,8.825399000000001593e+01,3.900688999999999962e-01,1.021263999999999942e+05
1.595500000000000000e+03,8.820729000000001463e+01,3.949482999999999744e-01,1.034255666666666511e+05
1.605500000000000000e+03,8.831316000000001054e+01,3.872126999999999653e-01,1.047328666666666686e+05
1.615500000000000000e+03,8.829526999999998793e+01,3.740204999999999780e-01,1.060484666666666453e+05
1.625500000000000000e+03,8.836199999999999477e+01,3.834340999999999999e-01,1.073721999999999971e+05
1.635500000000000000e+03,8.834628000000000725e+01,3.768975999999999993e-01,1.087043000000000029e+05
1.645500000000000000e+03,8.827755999999999403e+01,3.862211999999999867e-01,1.100448000000000029e+05
1.655500000000000000e+03,8.822413000000000238e+01,3.664622000000000157e-01,1.113935666666666802e+05
1.665500000000000000e+03,8.835571999999999093e+01,3.732447999999999877e-01,1.127505000000000000e+05
1.675500000000000000e+03,8.833742999999999768e+01,3.742542999999999842e-01,1.141158000000000029e+05
1.685500000000000000e+03,8.826227000000001510e+01,3.859807999999999573e-01,1.154893000000000029e+05
1.695500000000000000e+03,8.842028999999999428e+01,3.786996999999999725e-01,1.168713000000000029e+05
1.705500000000000000e+03,8.843672000000000821e+01,3.785090999999999872e-01,1.182613333333333285e+05
1.715500000000000000e+03,8.826272000000000162e+01,3.703558999999999601e-01,1.196598666666666686e+05
1.725500000000000000e+03,8.844657999999999731e+01,3.785929000000000100e-01,1.210668999999999796e+05
1.735500000000000000e+03,8.840043000000000006e+01,3.696013999999999688e-01,1.224821000000000058e+05
1.745500000000000000e+03,8.843969999999998777e+01,3.767934000000000561e-01,1.239058333333333430e+05
1.755500000000000000e+03,8.838555999999998392e+01,3.770955000000000279e-01,1.253376333333333314e+05
1.765500000000000000e+03,8.848715999999998871e+01,3.632063000000000375e-01,1.267778000000000029e+05
1.775500000000000000e+03,8.841555999999999926e+01,3.722927000000000319e-01,1.282265000000000000e+05
1.785500000000000000e+03,8.850100000000000477e+01,3.632370999999999794e-01,1.296835000000000000e+05
1.795500000000000000e+03,8.834342999999999790e+01,3.748070000000000013e-01,1.311487999999999884e+05
1.805500000000000000e+03,8.844483999999999924e+01,3.760606000000000226e-01,1.326223333333333139e+05
1.815500000000000000e+03,8.838743000000000904e+01,3.699377999999999833e-01,1.341043666666666977e+05
1.825500000000000000e+03,8.848785999999999774e+01,3.693273000000000250e-01,1.355946000000000058e+05
1.835500000000000000e+03,8.851986000000000843e+01,3.696221000000000645e-01,1.370934000000000233e+05
1.845500000000000000e+03,8.849456000000000699e+01,3.731073999999999780e-01,1.386007000000000116e+05
1.855500000000000000e+03,8.843499999999998806e+01,3.702286999999999662e-01,1.401162000000000116e+05
1.865500000000000000e+03,8.860401000000000238e+01,3.773604999999999321e-01,1.416400666666666802e+05
1.875500000000000000e+03,8.854399999999999693e+01,3.774519999999999542e-01,1.431722333333333372e+05
1.885500000000000000e+03,8.846487999999999374e+01,3.794323000000000001e-01,1.447127333333333081e+05
1.895500000000000000e+03,8.850842000000000098e+01,3.705363999999999325e-01,1.462615666666666802e+05
1.905500000000000000e+03,8.854513999999998930e+01,3.785029999999999784e-01,1.478186666666666570e+05
1.915500000000000000e+03,8.839159000000000788e+01,3.736272000000000482e-01,1.493841666666666861e+05
1.925500000000000000e+03,8.844313999999999965e+01,3.709007000000000276e-01,1.509580333333333256e+05
1.935500000000000000e+03,8.859270999999998253e+01,3.712562999999999835e-01,1.525402000000000116e+05
1.945500000000000000e+03,8.846572000000000457e+01,3.655915999999999610e-01,1.541307666666666628e+05
1.955500000000000000e+03,8.859756000000000142e+01,3.682621000000000366e-01,1.557297333333333372e+05
1.965500000000000000e+03,8.860069999999998913e+01,3.676473000000000657e-01,1.573372000000000116e+05
1.975500000000000000e+03,8.844356999999999402e+01,3.696152000000000326e-01,1.589530666666666511e+05
1.985500000000000000e+03,8.855886000000000990e+01,3.752878000000000602e-01,1.605770333333333256e+05
1.995500000000000000e+03,8.860056999999999050e+01,3.708194999999999686e-01,1.622096000000000349e+05
2.005500000000000000e+03,8.853114000000002193e+01,3.677853999999999846e-01,1.638503999999999942e+05
2.015500000000000000e+03,8.855228000000001032e+01,3.682174999999999754e-01,1.654994333333333198e+05
2.025500000000000000e+03,8.848044000000000153e+01,3.647232000000000252e-01,1.671569333333333198e+05
2.035500000000000000e+03,8.859499000000000990e+01,3.710090999999999806e-01,1.688227000000000116e+05
2.045500000000000000e+03,8.849228000000000804e+01,3.689201000000000841e-01,1.704966333333333314e+05
2.055500000000000000e+03,8.859815000000000396e+01,3.570106000000000113e-01,1.721789333333332906e+05
2.065500000000000000e+03,8.851357000000000141e+01,3.656989000000000489e-01,1.738694333333333489e+05
2.075500000000000000e+03,8.851370999999998901e+01,3.697201000000000515e-01,1.755685333333333547e+05
2.085500000000000000e+03,8.862357999999998981e+01,3.640760000000000107e-01,1.772757333333333372e+05
2.095500000000000000e+03,8.849499999999999034e+01,3.646802000000000099e-01,1.789915000000000000e+05
2.105500000000000000e+03,8.858543000000000234e+01,3.627627999999999964e-01,1.807155000000000000e+05
2.115500000000000000e+03,8.856573000000000206e+01,3.646129999999999649e-01,1.824478666666666686e+05
2.125500000000000000e+03,8.857471999999999923e+01,3.649924999999999975e-01,1.841885666666666511e+05
2.135500000000000000e+03,8.863813999999999282e+01,3.646274999999999378e-01,1.859376333333333314e+05
2.145500000000000000e+03,8.851144999999999641e+01,3.535748999999999698e-01,1.876950333333333547e+05
2.155500000000000000e+03,8.864070999999998435e+01,3.697926999999999742e-01,1.894607999999999884e+05
2.165500000000000000e+03,8.862985999999999365e+01,3.654407000000000072e-01,1.912347333333333372e+05
2.175500000000000000e+03,8.862500000000000000e+01,3.635219000000000089e-01,1.930170666666666802e+05
2.185500000000000000e+03,8.865684999999999150e+01,3.607140999999999265e-01,1.948077000000000116e+05
2.195500000000000000e+03,8.859800000000001319e+01,3.553581999999999574e-01,1.966065666666666511e+05
2.205500000000000000e+03,8.861356999999999573e+01,3.646915999999999491e-01,1.984137666666666628e+05
2.215500000000000000e+03,8.868886000000000536e+01,3.623467999999999689e-01,2.002293333333333139e+05
2.225500000000000000e+03,8.859872000000000014e+01,3.628123999999999794e-01,2.020531333333333314e+05
2.235500000000000000e+03,8.873542000000000485e+01,3.661136999999999864e-01,2.038856000000000349e+05
2.245500000000000000e+03,8.867157999999999163e+01,3.631018999999999775e-01,2.057261666666666570e+05
2.255500000000000000e+03,8.873570999999999742e+01,3.498331000000000079e-01,2.075750333333333256e+05
2.265500000000000000e+03,8.868928999999999974e+01,3.513661000000000145e-01,2.094321666666666570e+05
2.275500000000000000e+03,8.856671000000000049e+01,3.619805999999999857e-01,2.112977666666666628e+05
2.285500000000000000e+03,8.869514999999999816e+01,3.621979999999999644e-01,2.131712999999999884e+05
2.295500000000000000e+03,8.862527000000001465e+01,3.564016999999999880e-01,2.150533666666666977e+05
2.305500000000000000e+03,8.863385000000000957e+01,3.421018000000000114e-01,2.169436000000000058e+05
2.315500000000000000e+03,8.861114000000000601e+01,3.487569999999999837e-01,2.188422000000000116e+05
2.325500000000000000e+03,8.872312999999999761e+01,3.535673000000000288e-01,2.207491000000000058e+05
2.335500000000000000e+03,8.858770999999998708e+01,3.359922000000000186e-01,2.226641000000000058e+05
2.345500000000000000e+03,8.863569999999999993e+01,3.475272000000000361e-01,2.245875333333332965e+05
2.355500000000000000e+03,8.865115000000000123e+01,3.492985999999999591e-01,2.265191666666666861e+05
2.365500000000000000e+03,8.864185000000000514e+01,3.555528000000000022e-01,2.284593666666666395e+05
2.375500000000000000e+03,8.868314999999998349e+01,3.458109999999999795e-01,2.304078666666666977e+05
2.385500000000000000e+03,8.862886000000000308e+01,3.537270000000000136e-01,2.323647333333333081e+05
2.395500000000000000e+03,8.866527999999999565e+01,3.455298999999999454e-01,2.343298999999999942e+05
2.405500000000000000e+03,8.870613999999999066e+01,3.518625000000000225e-01,2.363034666666666453e+05
2.415500000000000000e+03,8.865999999999999659e+01,3.443595000000000406e-01,2.382854333333332906e+05
2.425500000000000000e+03,8.871541999999999462e+01,3.475951000000000457e-01,2.402756999999999534e+05
2.435500000000000000e+03,8.873713000000000761e+01,3.388944000000000401e-01,2.422743999999999942e+05
2.445500000000000000e+03,8.872972000000000037e+01,3.539510000000000156e-01,2.442814333333332906e+05
2.455500000000000000e+03,8.875985000000000014e+01,3.386551999999999896e-01,2.462966000000000058e+05
2.465500000000000000e+03,8.869428999999999519e+01,3.437244999999999884e-01,2.483202666666666919e+05
2.475500000000000000e+03,8.874214999999999520e+01,3.305088000000000470e-01,2.503523666666666977e+05
2.485500000000000000e+03,8.876844000000001245e+01,3.395032999999999523e-01,2.523926666666666570e+05
2.495500000000000000e+03,8.876773000000001446e+01,3.296106999999999232e-01,2.544413333333333430e+05
2.505500000000000000e+03,8.871515000000000839e+01,3.369959000000000149e-01,2.564983333333333430e+05
2.515500000000000000e+03,8.878585999999999956e+01,3.359981999999999691e-01,2.585633999999999942e+05
2.525500000000000000e+03,8.875458000000000425e+01,3.250880999999999910e-01,2.606369000000000524e+05
2.535500000000000000e+03,8.876028999999999769e+01,3.405368000000000284e-01,2.627187999999999884e+05
2.545500000000000000e+03,8.873056000000001120e+01,3.318149000000000237e-01,2.648090999999999767e+05
2.555500000000000000e+03,8.871613999999999578e+01,3.361179999999999723e-01,2.669078333333333139e+05
2.565500000000000000e+03,8.869901000000000124e+01,3.311225999999999892e-01,2.690147666666667210e+05
2.575500000000000000e+03,8.875144000000000233e+01,3.357224000000000319e-01,2.711302666666667210e+05
2.585500000000000000e+03,8.879100999999999999e+01,3.307140000000000080e-01,2.732539666666666744e+05
2.595500000000000000e+03,8.878626999999998759e+01,3.206902999999999837e-01,2.753863666666666977e+05
2.605500000000000000e+03,8.877270000000001460e+01,3.253465999999999303e-01,2.775269333333332906e+05
2.615500000000000000e+03,8.879130000000000678e+01,3.239358999999999988e-01,2.796760000000000000e+05
2.625500000000000000e+03,8.878556999999999277e+01,3.223435999999999524e-01,2.818333999999999651e+05
2.635500000000000000e+03,8.877200999999999453e+01,3.253161999999999443e-01,2.839992000000000698e+05
2.645500000000000000e+03,8.877572999999999581e+01,3.198012000000000077e-01,2.861732333333333372e+05
2.655500000000000000e+03,8.872542999999998869e+01,3.236404999999999976e-01,2.883556333333333605e+05
2.665500000000000000e+03,8.880514000000000863e+01,3.246309000000000000e-01,2.905465999999999767e+05
2.675500000000000000e+03,8.877072999999998615e+01,3.249271999999999716e-01,2.927458333333333721e+05
2.685500000000000000e+03,8.878813999999999851e+01,3.208449999999999358e-01,2.949535666666667094e+05
2.695500000000000000e+03,8.878686000000000433e+01,3.201988000000000056e-01,2.971696666666666861e+05
2.705500000000000000e+03,8.882986999999999966e+01,3.275792000000000148e-01,2.993943333333333139e+05
2.715500000000000000e+03,8.882242999999999711e+01,3.217767999999999740e-01,3.016272333333332790e+05
2.725500000000000000e+03,8.878371000000001345e+01,3.224878000000000466e-01,3.038686999999999534e+05
2.735500000000000000e+03,8.878427999999999543e+01,3.205073999999999979e-01,3.061186333333333023e+05
2.745500000000000000e+03,8.876872000000000185e+01,3.240786000000000500e-01,3.083770999999999767e+05
2.755500000000000000e+03,8.882771999999999935e+01,3.249102999999999852e-01,3.106440000000000000e+05
2.765500000000000000e+03,8.882984999999999332e+01,3.242983999999999867e-01,3.129192000000000698e+05
2.775500000000000000e+03,8.883284999999999343e+01,3.185312999999999617e-01,3.152028666666666395e+05
2.785500000000000000e+03,8.882756999999999437e+01,3.188772000000000273e-01,3.174947333333332790e+05
2.795500000000000000e+03,8.878585999999998535e+01,3.164048000000000416e-01,3.197950000000000000e+05
2.805500000000000000e+03,8.880483999999998446e+01,3.223789999999999711e-01,3.221037000000000698e+05
2.815500000000000000e+03,8.882926999999999396e+01,3.177180000000000004e-01,3.244205333333333256e+05
2.825500000000000000e+03,8.883571999999999491e+01,3.145215000000000094e-01,3.267459000000000233e+05
2.835500000000000000e+03,8.881644000000000005e+01,3.208768000000000176e-01,3.290796333333333605e+05
2.845500000000000000e+03,8.881443000000000154e+01,3.158079000000000303e-01,3.314217000000000116e+05
2.855500000000000000e+03,8.882299000000000433e+01,3.177773000000000403e-01,3.337723333333333721e+05
2.865500000000000000e+03,8.886240999999999701e+01,3.226783999999999764e-01,3.361310999999999767e+05
2.875500000000000000e+03,8.885142000000000451e+01,3.192609000000000696e-01,3.384983333333333721e+05
2.885500000000000000e+03,8.881941000000001907e+01,3.184084999999999832e-01,3.408740000000000000e+05
2.895500000000000000e+03,8.886701000000000761e+01,3.207761000000000084e-01,3.432579666666666744e+05
2.905500000000000000e+03,8.887512999999999863e+01,3.239995999999999987e-01,3.456504666666666744e+05
2.915500000000000000e+03,8.887928000000000850e+01,3.283312000000000452e-01,3.480511666666666861e+05
2.925500000000000000e+03,8.887472999999997114e+01,3.197520999999999836e-01,3.504604000000000233e+05
2.935500000000000000e+03,8.887113999999999692e+01,3.165194000000000618e-01,3.528778999999999651e+05
2.945500000000000000e+03,8.888770999999999844e+01,3.166019000000000472e-01,3.553037000000000116e+05
2.955500000000000000e+03,8.888498999999998773e+01,3.162888000000000366e-01,3.577380333333333256e+05
2.965500000000000000e+03,8.887856999999999630e+01,3.171020000000000505e-01,3.601807000000000116e+05
2.975500000000000000e+03,8.887427999999999884e+01,3.199626999999999333e-01,3.626316666666666279e+05
2.985500000000000000e+03,8.888971000000000799e+01,3.179294000000000286e-01,3.650912333333333372e+05
2.995500000000000000e+03,8.888472000000000151e+01,3.153401000000000121e-01,3.675589333333333489e+05
3.005500000000000000e+03,8.893354999999999677e+01,3.214708000000000010e-01,3.700353666666666395e+05
3.015500000000000000e+03,8.890500000000000114e+01,3.167760000000000020e-01,3.725204000000000233e+05
3.025500000000000000e+03,8.892243999999999460e+01,3.200588999999999795e-01,3.750137999999999884e+05
3.035500000000000000e+03,8.891544000000000381e+01,3.113522999999999707e-01,3.775156333333333605e+05
3.045500000000000000e+03,8.892171000000000447e+01,3.235971000000000264e-01,3.800258666666666395e+05
3.055500000000000000e+03,8.893514999999999304e+01,3.189533999999999425e-01,3.825442999999999884e+05
3.065500000000000000e+03,8.888830000000000098e+01,3.158474999999999477e-01,3.850711333333333605e+05
3.075500000000000000e+03,8.891555999999999926e+01,3.223249000000000253e-01,3.876064999999999418e+05
3.085500000000000000e+03,8.893127999999998679e+01,3.214628999999999959e-01,3.901503666666666977e+05
3.095500000000000000e+03,8.894172000000000367e+01,3.230243000000000420e-01,3.927025333333333256e+05
3.105500000000000000e+03,8.893928000000001077e+01,3.196874000000000104e-01,3.952634000000000233e+05
3.115500000000000000e+03,8.891900999999998589e+01,3.200707999999999886e-01,3.978323666666666395e+05
3.125500000000000000e+03,8.894828000000001111e+01,3.251503000000000032e-01,4.004098666666666977e+05
3.135500000000000000e+03,8.893942999999998733e+01,3.229614999999999569e-01,4.029957000000000116e+05
3.145500000000000000e+03,8.893228999999999473e+01,3.200340999999999880e-01,4.055897000000000116e+05
3.155500000000000000e+03,8.893113000000001023e+01,3.235588999999999826e-01,4.081920999999999767e+05
3.165500000000000000e+03,8.893399000000002275e+01,3.251629999999999798e-01,4.108030333333333838e+05
3.175500000000000000e+03,8.893442000000000291e+01,3.277087000000000194e-01,4.134222666666666628e+05
3.185500000000000000e+03,8.894712000000001240e+01,3.239308000000000187e-01,4.160497333333333372e+05
3.195500000000000000e+03,8.890542999999999552e+01,3.243875999999999982e-01,4.186859333333333489e+05
3.205500000000000000e+03,8.893142000000000280e+01,3.266847999999999974e-01,4.213304000000000233e+05
3.215500000000000000e+03,8.895271999999998513e+01,3.212996000000000185e-01,4.239832999999999884e+05
3.225500000000000000e+03,8.895556999999999448e+01,3.235217000000000231e-01,4.266445333333333256e+05
3.235500000000000000e+03,8.894572000000000855e+01,3.265533999999999937e-01,4.293143333333333721e+05
3.245500000000000000e+03,8.894327000000001249e+01,3.223717999999999306e-01,4.319925333333333838e+05
3.255500000000000000e+03,8.896927000000000874e+01,3.170679000000000136e-01,4.346792333333332790e+05
3.265500000000000000e+03,8.894541999999999859e+01,3.178964000000000234e-01,4.373742000000000116e+05
3.275500000000000000e+03,8.894226999999999350e+01,3.163586999999999927e-01,4.400775999999999767e+05
3.285500000000000000e+03,8.895957999999998833e+01,3.233441000000000232e-01,4.427893666666666977e+05
3.295500000000000000e+03,8.895056999999999903e+01,3.175363999999999964e-01,4.455095000000000000e+05
3.305500000000000000e+03,8.896828000000000713e+01,3.182296999999999487e-01,4.482380666666665929e+05
3.315500000000000000e+03,8.897256999999999039e+01,3.209586999999999857e-01,4.509750333333333838e+05
3.325500000000000000e+03,8.897200999999998317e+01,3.183733000000000257e-01,4.537202666666667210e+05
3.335500000000000000e+03,8.897200999999998317e+01,3.204421000000000075e-01,4.564743333333333139e+05
3.345500000000000000e+03,8.895813000000001125e+01,3.221317000000000208e-01,4.592369000000000233e+05
3.355500000000000000e+03,8.896256999999999948e+01,3.216861999999999777e-01,4.620079333333332906e+05
3.365500000000000000e+03,8.896341999999999928e+01,3.235143999999999798e-01,4.647872666666666046e+05
3.375500000000000000e+03,8.898071999999999093e+01,3.213538999999999701e-01,4.675751333333333023e+05
3.385500000000000000e+03,8.896085999999999672e+01,3.236715000000000009e-01,4.703712999999999884e+05
3.395500000000000000e+03,8.898828999999999212e+01,3.123058000000000223e-01,4.731761333333333023e+05
3.405500000000000000e+03,8.900929000000000713e+01,3.191906999999999939e-01,4.759894666666666744e+05
3.415500000000000000e+03,8.899685000000000912e+01,3.196316000000000157e-01,4.788111666666666861e+05
3.425500000000000000e+03,8.898485999999999763e+01,3.242938000000000209e-01,4.816412666666666046e+05
3.435500000000000000e+03,8.900641000000000247e+01,3.175942000000000487e-01,4.844797333333332790e+05
3.445500000000000000e+03,8.900057000000001040e+01,3.180877000000000288e-01,4.873266666666666861e+05
3.455500000000000000e+03,8.901941999999999666e+01,3.182979000000000225e-01,4.901819333333332906e+05
3.465500000000000000e+03,8.899342999999998938e+01,3.205871999999999611e-01,4.930460999999999185e+05
3.475500000000000000e+03,8.898985999999999308e+01,3.171496999999999788e-01,4.959185000000001164e+05
3.485500000000000000e+03,8.899672999999998524e+01,3.178670999999999580e-01,4.987994333333332906e+05
3.495500000000000000e+03,8.901257999999999981e+01,3.209085999999999883e-01,5.016888333333333721e+05
3.505500000000000000e+03,8.901142999999999006e+01,3.224774000000000251e-01,5.045866333333334187e+05
3.515500000000000000e+03,8.900073000000000434e+01,3.163703999999999406e-01,5.074930999999999185e+05
3.525500000000000000e+03,8.900100000000000477e+01,3.211320999999999759e-01,5.104077999999999884e+05
3.535500000000000000e+03,8.904502000000000805e+01,3.134412000000000309e-01,5.133312999999999302e+05
3.545500000000000000e+03,8.902613999999999805e+01,3.208909999999999818e-01,5.162633333333333139e+05
3.555500000000000000e+03,8.905058999999998548e+01,3.116832999999999965e-01,5.192037666666666046e+05
3.565500000000000000e+03,8.901500999999998953e+01,3.176185999999999732e-01,5.221528666666666977e+05
3.575500000000000000e+03,8.901972999999999558e+01,3.198169000000000151e-01,5.251102666666667210e+05
3.585500000000000000e+03,8.901857000000001108e+01,3.128270999999999691e-01,5.280760666666666511e+05
3.595500000000000000e+03,8.902958000000000993e+01,3.178690000000000127e-01,5.310504333333333489e+05
3.605500000000000000e+03,8.900771000000000299e+01,3.198466000000000364e-01,5.340334999999998836e+05
3.615500000000000000e+03,8.903213999999999828e+01,3.140142000000000211e-01,5.370249333333333489e+05
3.625500000000000000e+03,8.903000000000000114e+01,3.181032999999999777e-01,5.400251333333334187e+05
3.635500000000000000e+03,8.903271999999999764e+01,3.184227000000000030e-01,5.430338333333332557e+05
3.645500000000000000e+03,8.904443000000000552e+01,3.135105999999999726e-01,5.460510333333333256e+05
3.655500000000000000e+03,8.903370000000001028e+01,3.182665000000000077e-01,5.490769333333333489e+05
3.665500000000000000e+03,8.905026999999999759e+01,3.162836999999999454e-01,5.521113333333332557e+05
3.675500000000000000e+03,8.904540999999998974e+01,3.116397999999999668e-01,5.551543333333333721e+05
3.685500000000000000e+03,8.902586999999999762e+01,3.159683000000000352e-01,5.582056333333333023e+05
3.695500000000000000e+03,8.903355999999999426e+01,3.108830000000000204e-01,5.612654000000000233e+05
3.705500000000000000e+03,8.905829000000001372e+01,3.087053000000000158e-01,5.643336999999999534e+05
3.715500000000000000e+03,8.905755999999999517e+01,3.135039000000000575e-01,5.674103666666668141e+05
3.725500000000000000e+03,8.904985999999999535e+01,3.126039999999999930e-01,5.704956666666666279e+05
3.735500000000000000e+03,8.907943000000000211e+01,3.062245000000000106e-01,5.735893000000000466e+05
3.745500000000000000e+03,8.904170999999999481e+01,3.089894000000000251e-01,5.766915999999999767e+05
3.755500000000000000e+03,8.903070999999999913e+01,3.159368000000000176e-01,5.798025333333334420e+05
3.765500000000000000e+03,8.905616000000000554e+01,3.108733000000000191e-01,5.829219666666666744e+05
3.775500000000000000e+03,8.908541000000001020e+01,3.053766999999999454e-01,5.860498000000000466e+05
3.785500000000000000e+03,8.904985999999999535e+01,3.106014000000000275e-01,5.891861333333333023e+05
3.795500000000000000e+03,8.906458999999999548e+01,3.044892000000000154e-01,5.923309000000000233e+05
3.805500000000000000e+03,8.905915000000000248e+01,3.042561000000000293e-01,5.954842333333333954e+05
3.815500000000000000e+03,8.904756999999999323e+01,3.033487000000000267e-01,5.986461333333334187e+05
3.825500000000000000e+03,8.905213999999999430e+01,3.043408000000000224e-01,6.018165000000001164e+05
3.835500000000000000e+03,8.906772000000000844e+01,3.065455999999999182e-01,6.049955333333333256e+05
3.845500000000000000e+03,8.909399999999999409e+01,3.036625000000000019e-01,6.081830999999999767e+05
3.855500000000000000e+03,8.907769999999997879e+01,3.041899000000000131e-01,6.113790000000000000e+05
3.865500000000000000e+03,8.908813999999999567e+01,3.071598000000000384e-01,6.145835000000000000e+05
3.875500000000000000e+03,8.907271000000000072e+01,3.058956999999999926e-01,6.177963333333332557e+05
3.885500000000000000e+03,8.909229000000000553e+01,3.008942000000000005e-01,6.210179333333333489e+05
3.895500000000000000e+03,8.908100999999999203e+01,3.034017000000000519e-01,6.242480666666666511e+05
3.905500000000000000e+03,8.909087000000000955e+01,3.009165000000000312e-01,6.274868000000000466e+05
3.915500000000000000e+03,8.909714000000001022e+01,3.017119000000000328e-01,6.307340666666666511e+05
3.925500000000000000e+03,8.908986000000001582e+01,2.987601999999999758e-01,6.339896333333334187e+05
3.935500000000000000e+03,8.909000000000000341e+01,2.994717999999999547e-01,6.372538666666666977e+05
3.945500000000000000e+03,8.908286000000001081e+01,3.053807999999999523e-01,6.405266999999999534e+05
3.955500000000000000e+03,8.909184999999999377e+01,3.030152000000000401e-01,6.438080000000000000e+05
3.965500000000000000e+03,8.909828000000000259e+01,3.033152999999999544e-01,6.470978000000000466e+05
3.975500000000000000e+03,8.909813999999998657e+01,3.013465000000000171e-01,6.503959666666666744e+05
3.985500000000000000e+03,8.911228000000001259e+01,2.984035999999999911e-01,6.537026333333333023e+05
3.995500000000000000e+03,8.909644000000000119e+01,3.035198000000000063e-01,6.570178333333333721e+05
4.005500000000000000e+03,8.910387000000000057e+01,3.021035000000000248e-01,6.603411666666667443e+05
4.015500000000000000e+03,8.911400999999999328e+01,2.989045000000000174e-01,6.636729333333333489e+05
4.025500000000000000e+03,8.910500999999999294e+01,3.019621000000000111e-01,6.670132000000000698e+05
4.035500000000000000e+03,8.908256000000000085e+01,3.018450999999999773e-01,6.703618333333332557e+05
4.045500000000000000e+03,8.908755999999999631e+01,3.023614000000000024e-01,6.737189333333333489e+05
4.055500000000000000e+03,8.910501000000000715e+01,3.031578999999999802e-01,6.770847000000000698e+05
4.065500000000000000e+03,8.910470999999999719e+01,3.057971999999999912e-01,6.804586666666666279e+05
4.075500000000000000e+03,8.907256999999999891e+01,3.047527999999999904e-01,6.838414666666666744e+05
4.085500000000000000e+03,8.907914999999998429e+01,3.033822999999999936e-01,6.872325666666666511e+05
4.095500000000000000e+03,8.909370999999998730e+01,3.047147000000000050e-01,6.906320999999999767e+05
4.105500000000000000e+03,8.909799999999999898e+01,3.003457999999999961e-01,6.940401666666666279e+05
4.115500000000000000e+03,8.908971999999998559e+01,3.058400000000000007e-01,6.974569333333333489e+05
4.125500000000000000e+03,8.907371000000000549e+01,3.051666000000000656e-01,7.008819000000000233e+05
4.135500000000000000e+03,8.908927999999998804e+01,3.040893000000000623e-01,7.043155666666666511e+05
4.145500000000000000e+03,8.907827999999999236e+01,3.039058000000000037e-01,7.077575666666666511e+05
4.155500000000000000e+03,8.906544999999999845e+01,3.050965999999999956e-01,7.112081666666667443e+05
4.165500000000000000e+03,8.908998999999998603e+01,3.061329000000000411e-01,7.146672333333333954e+05
4.175500000000000000e+03,8.906958000000000197e+01,3.076973000000000624e-01,7.181345666666666511e+05
4.185500000000000000e+03,8.907401000000000124e+01,3.073717999999999728e-01,7.216104333333333489e+05
4.195500000000000000e+03,8.906012000000001194e+01,3.099919999999999898e-01,7.250947666666666046e+05
4.205500000000000000e+03,8.908142999999999745e+01,3.059169999999999945e-01,7.285875000000001164e+05
4.215500000000000000e+03,8.909602999999999895e+01,3.072325999999999668e-01,7.320888333333333721e+05
4.225500000000000000e+03,8.905242000000001212e+01,3.065830999999999973e-01,7.355985000000001164e+05
4.235500000000000000e+03,8.908770999999998708e+01,3.084653999999999452e-01,7.391166333333333023e+05
4.245500000000000000e+03,8.906128999999999962e+01,3.108270000000000199e-01,7.426431666666667443e+05
4.255500000000000000e+03,8.909587000000000501e+01,3.094451999999999758e-01,7.461781333333333023e+05
4.265500000000000000e+03,8.907429000000000485e+01,3.080654999999999921e-01,7.497216999999999534e+05
4.275500000000000000e+03,8.905285999999999547e+01,3.078747000000000567e-01,7.532736999999999534e+05
4.285500000000000000e+03,8.907613000000000625e+01,3.034909000000000079e-01,7.568341333333333023e+05
4.295500000000000000e+03,8.908743000000001189e+01,3.071330999999999922e-01,7.604032333333332790e+05
4.305500000000000000e+03,8.908415000000000816e+01,3.018165000000000431e-01,7.639806333333334187e+05
4.315500000000000000e+03,8.910744000000002529e+01,3.050533999999999746e-01,7.675666666666667443e+05
4.325500000000000000e+03,8.908785000000001730e+01,3.051842999999999639e-01,7.711609000000001397e+05
4.335500000000000000e+03,8.904728000000000065e+01,3.061030999999999613e-01,7.747635666666666511e+05
4.345500000000000000e+03,8.908214999999999861e+01,3.070183000000000773e-01,7.783746666666667443e+05
4.355500000000000000e+03,8.908401999999999532e+01,3.032496000000000080e-01,7.819940333333332092e+05
4.365500000000000000e+03,8.906386000000000536e+01,3.027299999999999991e-01,7.856218333333332557e+05
4.375500000000000000e+03,8.905901000000000067e+01,3.064814000000000149e-01,7.892579666666665580e+05
4.385500000000000000e+03,8.906157999999999220e+01,3.057475000000000054e-01,7.929025333333333256e+05
4.395500000000000000e+03,8.907057999999999254e+01,3.033210000000000628e-01,7.965555666666666511e+05
4.405500000000000000e+03,8.906155999999998585e+01,3.045896000000000159e-01,8.002166999999999534e+05
4.415500000000000000e+03,8.907957999999999288e+01,3.074305999999999983e-01,8.038863333333332557e+05
4.425500000000000000e+03,8.909013000000001625e+01,3.058935999999999877e-01,8.075644666666666744e+05
4.435500000000000000e+03,8.908258000000000720e+01,3.052439999999999598e-01,8.112511333333334187e+05
4.445500000000000000e+03,8.906328000000000600e+01,3.062626000000000515e-01,8.149463000000000466e+05
4.455500000000000000e+03,8.909130000000000393e+01,3.027277999999999913e-01,8.186498333333333721e+05
4.465500000000000000e+03,8.907871000000001516e+01,3.050441000000000402e-01,8.223619666666666744e+05
4.475500000000000000e+03,8.905626999999999782e+01,3.059559000000000029e-01,8.260826666666667443e+05
4.485500000000000000e+03,8.905928000000000111e+01,3.024820000000000286e-01,8.298117666666666046e+05
4.495500000000000000e+03,8.905169999999999675e+01,3.058175000000000199e-01,8.335491999999999534e+05
4.505500000000000000e+03,8.906458000000000652e+01,3.065177000000000040e-01,8.372951999999999534e+05
4.515500000000000000e+03,8.908714999999999407e+01,3.008904000000000023e-01,8.410498333333333721e+05
4.525500000000000000e+03,8.904341999999999757e+01,3.082623999999999920e-01,8.448131333333334187e+05
4.535500000000000000e+03,8.903329999999999700e+01,3.085315999999999614e-01,8.485848666666668141e+05
4.545500000000000000e+03,8.908716000000001145e+01,3.021694000000000324e-01,8.523651666666666279e+05
4.555500000000000000e+03,8.906516000000000588e+01,3.003527999999999754e-01,8.561539000000000233e+05
4.565500000000000000e+03,8.909328000000000713e+01,3.022530999999999968e-01,8.599511666666666279e+05
4.575500000000000000e+03,8.904385000000002037e+01,3.070909999999999473e-01,8.637568333333333721e+05
4.585500000000000000e+03,8.901098000000000354e+01,3.098934999999999884e-01,8.675709666666665580e+05
4.595500000000000000e+03,8.905571999999999377e+01,3.033995999999999915e-01,8.713935000000000000e+05
4.605500000000000000e+03,8.905871000000000492e+01,3.052987999999999813e-01,8.752245333333334420e+05
4.615500000000000000e+03,8.905084999999999695e+01,3.014816000000000162e-01,8.790640999999999767e+05
4.625500000000000000e+03,8.904171999999999798e+01,3.035202000000000178e-01,8.829119666666667908e+05
4.635500000000000000e+03,8.907083999999998980e+01,3.033994999999999886e-01,8.867684000000000233e+05
4.645500000000000000e+03,8.908584999999999354e+01,3.025865000000000360e-01,8.906331333333334187e+05
4.655500000000000000e+03,8.905414000000000385e+01,3.037791000000000241e-01,8.945065333333334420e+05
4.665500000000000000e+03,8.907600999999999658e+01,3.038585000000000313e-01,8.983885000000000000e+05
4.675500000000000000e+03,8.905643000000000598e+01,3.021428999999999920e-01,9.022793333333332557e+05
4.685500000000000000e+03,8.905371000000000947e+01,3.034307999999999450e-01,9.061785666666666511e+05
4.695500000000000000e+03,8.908015000000000327e+01,3.001572000000000129e-01,9.100863333333333721e+05
4.705500000000000000e+03,8.905942000000000291e+01,3.018392999999999771e-01,9.140025000000000000e+05
4.715500000000000000e+03,8.906287000000000376e+01,3.056291000000000424e-01,9.179274000000000233e+05
4.725500000000000000e+03,8.907269999999999754e+01,3.040884999999999838e-01,9.218605999999999767e+05
4.735500000000000000e+03,8.907630000000000337e+01,3.018185999999999924e-01,9.258024333333333489e+05
4.745500000000000000e+03,8.907428999999999064e+01,3.021208999999999700e-01,9.297525666666666511e+05
4.755500000000000000e+03,8.908371999999999957e+01,3.040192999999999923e-01,9.337112666666666046e+05
4.765500000000000000e+03,8.909612999999998806e+01,2.995149000000000283e-01,9.376783333333333721e+05
4.775500000000000000e+03,8.907969999999998834e+01,3.040567000000000131e-01,9.416538000000000466e+05
4.785500000000000000e+03,8.907584999999998843e+01,3.035003000000000006e-01,9.456376666666666279e+05
4.795500000000000000e+03,8.908756999999999948e+01,3.031693999999999778e-01,9.496300666666667676e+05
4.805500000000000000e+03,8.907371000000000549e+01,3.021425000000000360e-01,9.536309999999997672e+05
4.815500000000000000e+03,8.907872000000000412e+01,3.007034000000000096e-01,9.576403666666665813e+05
4.825500000000000000e+03,8.907371000000000549e+01,3.019951000000000163e-01,9.616583333333333721e+05
4.835500000000000000e+03,8.908513999999998134e+01,3.001481000000000288e-01,9.656845000000000000e+05
4.845500000000000000e+03,8.909457000000000448e+01,2.994343999999999895e-01,9.697193666666665813e+05
4.855500000000000000e+03,8.910643999999999210e+01,2.977272000000000252e-01,9.737628333333332557e+05
4.865500000000000000e+03,8.909699000000000524e+01,2.996010999999999536e-01,9.778147333333331626e+05
4.875500000000000000e+03,8.909499999999999886e+01,2.961026999999999409e-01,9.818750666666666511e+05
4.885500000000000000e+03,8.908630000000000848e+01,3.006514000000000131e-01,9.859438333333333721e+05
4.895500000000000000e+03,8.909528000000000247e+01,2.991572000000000120e-01,9.900211333333334187e+05
4.905500000000000000e+03,8.910729000000000610e+01,2.990097999999999923e-01,9.941069666666665580e+05
4.915500000000000000e+03,8.911042999999999381e+01,2.956504999999999828e-01,9.982006999999999534e+05
4.925500000000000000e+03,8.909114999999999895e+01,3.009899999999999798e-01,1.002304600000000210e+06
4.935500000000000000e+03,8.910400000000001342e+01,2.962790000000000146e-01,1.006414666666666628e+06
4.945500000000000000e+03,8.912272000000000105e+01,2.966279999999999473e-01,1.010534333333333372e+06
4.955500000000000000e+03,8.910314999999999941e+01,2.972935999999999912e-01,1.014662000000000000e+06
4.965500000000000000e+03,8.912427999999999884e+01,2.962319999999999953e-01,1.018798666666666744e+06
4.975500000000000000e+03,8.909828999999999155e+01,2.961923000000000195e-01,1.022944000000000000e+06
4.985500000000000000e+03,8.911600000000001387e+01,2.962485000000000257e-01,1.027096333333333372e+06
4.995500000000000000e+03,8.909899000000000058e+01,2.999166999999999805e-01,1.031258666666666744e+06
