5.500000000000000000e+00,5.460271999999999792e+01,4.057829000000000264e+01,7.471651633333332931e+00
1.550000000000000000e+01,5.412870999999999810e+01,4.743688000000000571e+00,4.559575333333333447e+01
2.550000000000000000e+01,5.757244000000000739e+01,1.504437800000000047e+00,1.183101766666666634e+02
3.550000000000000000e+01,6.452684999999999604e+01,8.060566000000000120e-01,2.251356999999999857e+02
4.550000000000000000e+01,7.228913999999998907e+01,7.399691999999999936e-01,3.658076666666667052e+02
5.550000000000000000e+01,7.518399999999999750e+01,6.783946999999999061e-01,5.397931333333333441e+02
6.550000000000000000e+01,7.587657000000000096e+01,5.797396000000000216e-01,7.475280999999998812e+02
7.550000000000000000e+01,7.770799999999999841e+01,6.353984999999999772e-01,9.895279333333331806e+02
8.550000000000000000e+01,8.068355999999999995e+01,5.870512999999999426e-01,1.265692666666666582e+03
9.550000000000000000e+01,8.222769999999999868e+01,5.452965000000000728e-01,1.575952666666666573e+03
1.055000000000000000e+02,8.306856999999999402e+01,5.264765999999999613e-01,1.920451999999999998e+03
1.155000000000000000e+02,8.454000999999999522e+01,5.483061000000000185e-01,2.299509333333332961e+03
1.255000000000000000e+02,8.476958000000000482e+01,4.912113000000000729e-01,2.713092666666666446e+03
1.355000000000000000e+02,8.494527999999999679e+01,4.954328000000000065e-01,3.161704000000000178e+03
1.455000000000000000e+02,8.530541999999999803e+01,5.197531000000000789e-01,3.645390666666666220e+03
1.555000000000000000e+02,8.396043000000000234e+01,4.802063999999999777e-01,4.164105666666666366e+03
1.655000000000000000e+02,8.590156999999999243e+01,4.767059000000000712e-01,4.717940333333333911e+03
1.755000000000000000e+02,8.629272999999999172e+01,4.905282999999999727e-01,5.306833333333333030e+03
1.855000000000000000e+02,8.618072999999999695e+01,4.907124000000000485e-01,5.930626999999999498e+03
1.955000000000000000e+02,8.634229000000000553e+01,4.795966999999999869e-01,6.589354666666666162e+03
2.055000000000000000e+02,8.523515999999999337e+01,4.719979000000000258e-01,7.282848333333332448e+03
2.155000000000000000e+02,8.706314000000000419e+01,4.783090999999999871e-01,8.011245333333334202e+03
2.255000000000000000e+02,8.677855999999999881e+01,4.776851999999999765e-01,8.774661666666666861e+03
2.355000000000000000e+02,8.700614000000000203e+01,5.012860000000000094e-01,9.572984333333333780e+03
2.455000000000000000e+02,8.735585999999999274e+01,5.314837000000000033e-01,1.040633033333333151e+04
2.555000000000000000e+02,8.715187000000000239e+01,5.219531000000000587e-01,1.127461666666666679e+04
2.655000000000000000e+02,8.751484999999999559e+01,4.825241000000000113e-01,1.217786333333333278e+04
2.755000000000000000e+02,8.735613999999999635e+01,4.945494000000000834e-01,1.311619333333333452e+04
2.855000000000000000e+02,8.751243000000000904e+01,4.729096000000000410e-01,1.408975000000000000e+04
2.955000000000000000e+02,8.748642999999999859e+01,4.547010000000000218e-01,1.509843666666666650e+04
3.055000000000000000e+02,8.760658000000000811e+01,4.502936000000000161e-01,1.614193999999999869e+04
3.155000000000000000e+02,8.787955000000000894e+01,4.555871999999999145e-01,1.722031333333333168e+04
3.255000000000000000e+02,8.763841999999999643e+01,4.551025000000000209e-01,1.833359333333333052e+04
3.355000000000000000e+02,8.726770000000000493e+01,4.529311999999999783e-01,1.948187333333333299e+04
3.455000000000000000e+02,8.798742999999998915e+01,4.578007999999999522e-01,2.066531999999999971e+04
3.555000000000000000e+02,8.762627999999999417e+01,4.361314000000000024e-01,2.188387333333333299e+04
3.655000000000000000e+02,8.792243000000000563e+01,4.386192000000000424e-01,2.313748666666666395e+04
3.755000000000000000e+02,8.795512999999999693e+01,4.448850000000000304e-01,2.442603333333333285e+04
3.855000000000000000e+02,8.768402000000000385e+01,4.497888000000000441e-01,2.574971333333332950e+04
3.955000000000000000e+02,8.782329000000000008e+01,4.320233000000001100e-01,2.710860666666666657e+04
4.055000000000000000e+02,8.743214999999999293e+01,4.445109999999999895e-01,2.850259333333333416e+04
4.155000000000000000e+02,8.775757000000000119e+01,4.434463000000000710e-01,2.993175999999999840e+04
4.255000000000000000e+02,8.755872000000000810e+01,4.410802999999999807e-01,3.139598999999999796e+04
4.355000000000000000e+02,8.754572000000000287e+01,4.293842999999999965e-01,3.289507333333332645e+04
4.455000000000000000e+02,8.716871000000000436e+01,4.303455000000000474e-01,3.442912000000000990e+04
4.555000000000000000e+02,8.755787000000000830e+01,4.379752000000000089e-01,3.599808666666666250e+04
4.655000000000000000e+02,8.798641999999999541e+01,4.493797999999999959e-01,3.760197999999999593e+04
4.755000000000000000e+02,8.786745000000000516e+01,4.472172999999999843e-01,3.924081999999999971e+04
4.855000000000000000e+02,8.803441999999999723e+01,4.425725999999999827e-01,4.091466999999999825e+04
4.955000000000000000e+02,8.771941999999999950e+01,4.191320000000001156e-01,4.262335666666667385e+04
5.055000000000000000e+02,8.820529000000000508e+01,4.164940999999999782e-01,4.436688000000000466e+04
5.155000000000000000e+02,8.799156999999999584e+01,4.089823000000000208e-01,4.614522666666666919e+04
5.255000000000000000e+02,8.795768999999998528e+01,4.107769000000000004e-01,4.795852333333333809e+04
5.355000000000000000e+02,8.810627999999998394e+01,3.972578999999999416e-01,4.980658666666666250e+04
5.455000000000000000e+02,8.763015000000000043e+01,4.018202999999999636e-01,5.168930666666666366e+04
5.555000000000000000e+02,8.796970999999999208e+01,3.994655999999999763e-01,5.360676000000000931e+04
5.655000000000000000e+02,8.782641999999999882e+01,3.944253000000000897e-01,5.555909000000000378e+04
5.755000000000000000e+02,8.751784999999999570e+01,3.987653000000000447e-01,5.754623333333333721e+04
5.855000000000000000e+02,8.744970999999999606e+01,3.957880999999999760e-01,5.956850333333333401e+04
5.955000000000000000e+02,8.778300000000000125e+01,3.887055000000000371e-01,6.162570333333334565e+04
6.055000000000000000e+02,8.751615999999999929e+01,3.925067999999999335e-01,6.371784333333333780e+04
6.155000000000000000e+02,8.764943999999999846e+01,3.909912000000000387e-01,6.584494999999999709e+04
6.255000000000000000e+02,8.766985999999999990e+01,3.900645999999999836e-01,6.800685666666665929e+04
6.355000000000000000e+02,8.744258000000000663e+01,3.917110000000000314e-01,7.020364999999999418e+04
6.455000000000000000e+02,8.770041999999999405e+01,3.880793000000000714e-01,7.243541333333333023e+04
6.555000000000000000e+02,8.768728000000000122e+01,3.890783999999999909e-01,7.470236999999999534e+04
6.655000000000000000e+02,8.772901000000000238e+01,3.890746999999999955e-01,7.700444000000000233e+04
6.755000000000000000e+02,8.783156999999999925e+01,3.860439999999999983e-01,7.934145999999999185e+04
6.855000000000000000e+02,8.787429000000000201e+01,3.886966000000000032e-01,8.171332666666666046e+04
6.955000000000000000e+02,8.781785999999998182e+01,3.856026000000000176e-01,8.412007333333333372e+04
7.055000000000000000e+02,8.806469999999998777e+01,3.842541000000000428e-01,8.656169000000001688e+04
7.155000000000000000e+02,8.788300000000000978e+01,3.860766999999999949e-01,8.903796333333333314e+04
7.255000000000000000e+02,8.832770999999999617e+01,3.807711000000000290e-01,9.154906666666666570e+04
7.355000000000000000e+02,8.823657000000000039e+01,3.821017999999999359e-01,9.409513666666667268e+04
7.455000000000000000e+02,8.819085000000001173e+01,3.816954000000000180e-01,9.667618333333333430e+04
7.555000000000000000e+02,8.817727999999998190e+01,3.813998000000000110e-01,9.929200000000000000e+04
7.655000000000000000e+02,8.845171999999999457e+01,3.790042999999999607e-01,1.019423666666666686e+05
7.755000000000000000e+02,8.811287000000000091e+01,3.814730000000000065e-01,1.046274999999999854e+05
7.855000000000000000e+02,8.806928000000000623e+01,3.800727000000000411e-01,1.073473000000000029e+05
7.955000000000000000e+02,8.850213999999999714e+01,3.753911000000000331e-01,1.101019666666666453e+05
8.055000000000000000e+02,8.847516000000000247e+01,3.749011999999999900e-01,1.128914333333333198e+05
8.155000000000000000e+02,8.845887000000000455e+01,3.774631999999999987e-01,1.157158000000000029e+05
8.255000000000000000e+02,8.854528000000000532e+01,3.753543000000000296e-01,1.185750666666666802e+05
8.355000000000000000e+02,8.848028000000000759e+01,3.753426999999999736e-01,1.214693333333333430e+05
8.455000000000000000e+02,8.865200000000000102e+01,3.720991000000000160e-01,1.243986333333333459e+05
8.555000000000000000e+02,8.886256999999999096e+01,3.699883999999999395e-01,1.273625000000000000e+05
8.655000000000000000e+02,8.872426999999998998e+01,3.722263000000000099e-01,1.303613666666666686e+05
8.755000000000000000e+02,8.883670999999999651e+01,3.692965999999999749e-01,1.333951666666666861e+05
8.855000000000000000e+02,8.893228000000000577e+01,3.694696999999999565e-01,1.364637999999999884e+05
8.955000000000000000e+02,8.890171000000000845e+01,3.683291999999999677e-01,1.395673333333333430e+05
9.055000000000000000e+02,8.888285999999999376e+01,3.686377000000000126e-01,1.427059666666666453e+05
9.155000000000000000e+02,8.896571000000000140e+01,3.661696000000000395e-01,1.458797000000000116e+05
9.255000000000000000e+02,8.882685000000000741e+01,3.695694999999999397e-01,1.490882000000000116e+05
9.355000000000000000e+02,8.896199999999998909e+01,3.645386999999999378e-01,1.523317999999999884e+05
9.455000000000000000e+02,8.903701999999999828e+01,3.632035000000000124e-01,1.556104333333333489e+05
9.555000000000000000e+02,8.909014999999999418e+01,3.639777000000000151e-01,1.589242333333333372e+05
9.655000000000000000e+02,8.900957000000001074e+01,3.648728000000000526e-01,1.622732666666666628e+05
9.755000000000000000e+02,8.906657000000001290e+01,3.630771999999999888e-01,1.656571000000000058e+05
9.855000000000000000e+02,8.906056999999999846e+01,3.603078000000000114e-01,1.690758333333333139e+05
9.955000000000000000e+02,8.907057999999999254e+01,3.607688999999999480e-01,1.725293666666666395e+05
1.005500000000000000e+03,8.907168999999998960e+01,3.615212999999999899e-01,1.760178999999999942e+05
1.015500000000000000e+03,8.910756999999998129e+01,3.589419999999999833e-01,1.795412999999999884e+05
1.025500000000000000e+03,8.907656000000000063e+01,3.600881999999999694e-01,1.830996666666666861e+05
1.035500000000000000e+03,8.907443999999999562e+01,3.579855999999999594e-01,1.866929333333333198e+05
1.045500000000000000e+03,8.906826999999999828e+01,3.572252999999999679e-01,1.903210000000000000e+05
1.055500000000000000e+03,8.911458999999999264e+01,3.563626000000000293e-01,1.939837999999999884e+05
1.065500000000000000e+03,8.909712999999999283e+01,3.557888000000000162e-01,1.976814333333332906e+05
1.075500000000000000e+03,8.905957999999999686e+01,3.570986000000000438e-01,2.014138666666666686e+05
1.085500000000000000e+03,8.904787000000000319e+01,3.591539000000000259e-01,2.051812000000000116e+05
1.095500000000000000e+03,8.909900000000000375e+01,3.565097999999999878e-01,2.089834666666666744e+05
1.105500000000000000e+03,8.908570999999999174e+01,3.555969999999999409e-01,2.128202999999999884e+05
1.115500000000000000e+03,8.909142999999998835e+01,3.550021000000000426e-01,2.166918666666666977e+05
1.125500000000000000e+03,8.908271999999999480e+01,3.529511000000000176e-01,2.205982999999999884e+05
1.135500000000000000e+03,8.907843999999998630e+01,3.522136000000000156e-01,2.245392999999999884e+05
1.145500000000000000e+03,8.909499999999999886e+01,3.526231999999999700e-01,2.285149333333333489e+05
1.155500000000000000e+03,8.910713999999998691e+01,3.500826000000000215e-01,2.325253666666666395e+05
1.165500000000000000e+03,8.903284999999998206e+01,3.518138000000000098e-01,2.365704999999999418e+05
1.175500000000000000e+03,8.906813999999999965e+01,3.498582000000000081e-01,2.406500666666666511e+05
1.185500000000000000e+03,8.910626999999999498e+01,3.476080000000000281e-01,2.447642666666666628e+05
1.195500000000000000e+03,8.910786000000000229e+01,3.457515999999999368e-01,2.489133333333333430e+05
1.205500000000000000e+03,8.909542999999999324e+01,3.460912999999999906e-01,2.530971666666666861e+05
1.215500000000000000e+03,8.911915000000000475e+01,3.465125000000000011e-01,2.573161000000000058e+05
1.225500000000000000e+03,8.912641999999998177e+01,3.462980000000000502e-01,2.615698999999999942e+05
1.235500000000000000e+03,8.909286000000000172e+01,3.472992000000000301e-01,2.658588666666665813e+05
1.245500000000000000e+03,8.911585999999999785e+01,3.465598000000000289e-01,2.701827666666666628e+05
1.255500000000000000e+03,8.909457999999999345e+01,3.461290000000000200e-01,2.745416666666666861e+05
1.265500000000000000e+03,8.907413999999999987e+01,3.470926999999999762e-01,2.789356000000000349e+05
1.275500000000000000e+03,8.912800999999998908e+01,3.450616999999999712e-01,2.833645666666667094e+05
1.285500000000000000e+03,8.907300000000000750e+01,3.470435000000000048e-01,2.878282333333333372e+05
1.295500000000000000e+03,8.909857000000000937e+01,3.469746999999999693e-01,2.923270333333333838e+05
1.305500000000000000e+03,8.911170000000001323e+01,3.454548000000000063e-01,2.968608333333333721e+05
1.315500000000000000e+03,8.912573000000000434e+01,3.455468000000000428e-01,3.014295999999999767e+05
1.325500000000000000e+03,8.909700000000000841e+01,3.472635999999999501e-01,3.060333333333333139e+05
1.335500000000000000e+03,8.910029000000000110e+01,3.453590999999999744e-01,3.106719666666666744e+05
1.345500000000000000e+03,8.909099999999999397e+01,3.466586999999999863e-01,3.153453333333333721e+05
1.355500000000000000e+03,8.911487000000001046e+01,3.446403000000000105e-01,3.200535333333333256e+05
1.365500000000000000e+03,8.906944000000000017e+01,3.470969999999999889e-01,3.247970000000000582e+05
1.375500000000000000e+03,8.907712999999999681e+01,3.458517000000000396e-01,3.295751666666666861e+05
1.385500000000000000e+03,8.910200000000000387e+01,3.465811999999999782e-01,3.343881666666666861e+05
1.395500000000000000e+03,8.909771000000000640e+01,3.456579000000000179e-01,3.392362333333333372e+05
1.405500000000000000e+03,8.908486999999999512e+01,3.472666999999999282e-01,3.441192666666667210e+05
1.415500000000000000e+03,8.910186000000000206e+01,3.460473000000000021e-01,3.490373000000000466e+05
1.425500000000000000e+03,8.910929000000001565e+01,3.451130000000000031e-01,3.539900999999999767e+05
1.435500000000000000e+03,8.909599999999998943e+01,3.465540999999999761e-01,3.589778666666666977e+05
1.445500000000000000e+03,8.906756999999998925e+01,3.465711000000000208e-01,3.640008666666666395e+05
1.455500000000000000e+03,8.907999999999999829e+01,3.457411000000000234e-01,3.690586666666666279e+05
1.465500000000000000e+03,8.910356999999999061e+01,3.461813000000000251e-01,3.741513333333333139e+05
1.475500000000000000e+03,8.910500000000000398e+01,3.430980000000000141e-01,3.792788666666666395e+05
1.485500000000000000e+03,8.907771999999999935e+01,3.444760000000000044e-01,3.844412999999999884e+05
1.495500000000000000e+03,8.909599999999998943e+01,3.455163000000000539e-01,3.896385333333333256e+05
1.505500000000000000e+03,8.905643999999999494e+01,3.455709999999999615e-01,3.948706333333333605e+05
1.515500000000000000e+03,8.906744000000000483e+01,3.445797000000000443e-01,4.001376333333333023e+05
1.525500000000000000e+03,8.904114000000001283e+01,3.465915000000000523e-01,4.054393666666666977e+05
1.535500000000000000e+03,8.901556999999999675e+01,3.445323999999999609e-01,4.107760666666665929e+05
1.545500000000000000e+03,8.898071999999999093e+01,3.478786999999999296e-01,4.161475333333333256e+05
1.555500000000000000e+03,8.901671000000000333e+01,3.463675000000000503e-01,4.215541666666666861e+05
1.565500000000000000e+03,8.899071000000000708e+01,3.468202000000000784e-01,4.269957333333333954e+05
1.575500000000000000e+03,8.902457000000001131e+01,3.456842999999999999e-01,4.324722000000000116e+05
1.585500000000000000e+03,8.903556000000000381e+01,3.453058999999999990e-01,4.379837999999999884e+05
1.595500000000000000e+03,8.902142000000000621e+01,3.452415999999999263e-01,4.435303666666666977e+05
1.605500000000000000e+03,8.901786000000001309e+01,3.435289000000000259e-01,4.491118333333333139e+05
1.615500000000000000e+03,8.903700000000000614e+01,3.452942999999999985e-01,4.547279333333334071e+05
1.625500000000000000e+03,8.902615000000000123e+01,3.451213000000000197e-01,4.603793333333333139e+05
1.635500000000000000e+03,8.904328000000000998e+01,3.447204999999999853e-01,4.660660333333333838e+05
1.645500000000000000e+03,8.901556999999999675e+01,3.435274000000000383e-01,4.717877999999999884e+05
1.655500000000000000e+03,8.903856999999999289e+01,3.449318000000000106e-01,4.775446333333333023e+05
1.665500000000000000e+03,8.903184999999999150e+01,3.445213999999999777e-01,4.833360999999999185e+05
1.675500000000000000e+03,8.900072999999999013e+01,3.449676000000000409e-01,4.891625666666667094e+05
1.685500000000000000e+03,8.900386000000000308e+01,3.448255999999999544e-01,4.950238333333333139e+05
1.695500000000000000e+03,8.902101000000000397e+01,3.443580000000000529e-01,5.009197666666667210e+05
1.705500000000000000e+03,8.901241999999999166e+01,3.442536999999999958e-01,5.068506333333333023e+05
1.715500000000000000e+03,8.901773999999998921e+01,3.439587000000000616e-01,5.128166333333334187e+05
1.725500000000000000e+03,8.900629000000000701e+01,3.441519000000000106e-01,5.188175666666667094e+05
1.735500000000000000e+03,8.900557999999999481e+01,3.434339000000000142e-01,5.248531666666667443e+05
1.745500000000000000e+03,8.899829000000001145e+01,3.443301000000000278e-01,5.309235666666666511e+05
1.755500000000000000e+03,8.903942999999999586e+01,3.429461999999999788e-01,5.370286999999999534e+05
1.765500000000000000e+03,8.898641000000000645e+01,3.432628000000000346e-01,5.431685666666666511e+05
1.775500000000000000e+03,8.897272000000000958e+01,3.445004999999999873e-01,5.493430333333334420e+05
1.785500000000000000e+03,8.899956999999999141e+01,3.429553000000000185e-01,5.555521999999999534e+05
1.795500000000000000e+03,8.898886999999999148e+01,3.427788999999999975e-01,5.617964333333333489e+05
1.805500000000000000e+03,8.901529000000000735e+01,3.425408000000000897e-01,5.680755999999999767e+05
1.815500000000000000e+03,8.897626999999999953e+01,3.432303999999999911e-01,5.743895333333332092e+05
1.825500000000000000e+03,8.894428999999999519e+01,3.438362999999999836e-01,5.807383999999999069e+05
1.835500000000000000e+03,8.898284999999999911e+01,3.423873000000000055e-01,5.871221999999999534e+05
1.845500000000000000e+03,8.898112999999999317e+01,3.426840999999999915e-01,5.935411999999999534e+05
1.855500000000000000e+03,8.894498999999999000e+01,3.437643000000000226e-01,5.999951999999999534e+05
1.865500000000000000e+03,8.895714999999998440e+01,3.422775999999999597e-01,6.064841333333334187e+05
1.875500000000000000e+03,8.895229000000000497e+01,3.424223999999999601e-01,6.130079000000001397e+05
1.885500000000000000e+03,8.898526999999999987e+01,3.419540999999999831e-01,6.195663666666666977e+05
1.895500000000000000e+03,8.895328999999999553e+01,3.416653000000000051e-01,6.261595666666666511e+05
1.905500000000000000e+03,8.896171999999998548e+01,3.414151000000000269e-01,6.327877666666666046e+05
1.915500000000000000e+03,8.894813999999999510e+01,3.420438000000000089e-01,6.394506666666667443e+05
1.925500000000000000e+03,8.892170000000001551e+01,3.425390000000000379e-01,6.461487666666666046e+05
1.935500000000000000e+03,8.893541999999999348e+01,3.419298999999999533e-01,6.528817333333332790e+05
1.945500000000000000e+03,8.894142000000000792e+01,3.411453999999999875e-01,6.596500000000000000e+05
1.955500000000000000e+03,8.893654999999999688e+01,3.413587999999999623e-01,6.664536666666666279e+05
1.965500000000000000e+03,8.895144000000000517e+01,3.418066000000000160e-01,6.732922333333333954e+05
1.975500000000000000e+03,8.895498999999998091e+01,3.408793999999999991e-01,6.801660666666666511e+05
1.985500000000000000e+03,8.894898999999999489e+01,3.403552000000000244e-01,6.870749000000001397e+05
1.995500000000000000e+03,8.897042000000001849e+01,3.402419999999999889e-01,6.940185333333333256e+05
2.005500000000000000e+03,8.896472000000001401e+01,3.398613000000000328e-01,7.009970666666666511e+05
2.015500000000000000e+03,8.895331000000000188e+01,3.395258999999999916e-01,7.080100333333333256e+05
2.025500000000000000e+03,8.898114999999999952e+01,3.400682000000000427e-01,7.150580000000001164e+05
2.035500000000000000e+03,8.893240999999999019e+01,3.395172000000000190e-01,7.221408333333332557e+05
2.045500000000000000e+03,8.892942999999999643e+01,3.390299999999999980e-01,7.292586333333334187e+05
2.055500000000000000e+03,8.893170999999999538e+01,3.390174999999999716e-01,7.364116333333333023e+05
2.065500000000000000e+03,8.897099000000000046e+01,3.409508000000000538e-01,7.435992333333332790e+05
2.075500000000000000e+03,8.892372000000000298e+01,3.393593999999999777e-01,7.508219666666665580e+05
2.085500000000000000e+03,8.894288000000001659e+01,3.396898999999999891e-01,7.580795333333334420e+05
2.095500000000000000e+03,8.895256999999999437e+01,3.401396000000000419e-01,7.653720666666666511e+05
2.105500000000000000e+03,8.894056999999999391e+01,3.403326999999999880e-01,7.726996333333333023e+05
2.115500000000000000e+03,8.895430999999999244e+01,3.393115999999999910e-01,7.800624333333333489e+05
2.125500000000000000e+03,8.895856000000000563e+01,3.391899999999999915e-01,7.874600999999998603e+05
2.135500000000000000e+03,8.897584999999999411e+01,3.392130000000000423e-01,7.948930333333334420e+05
2.145500000000000000e+03,8.896385999999999683e+01,3.393375999999999615e-01,8.023604000000000233e+05
2.155500000000000000e+03,8.891898999999997955e+01,3.398716000000000514e-01,8.098623000000000466e+05
2.165500000000000000e+03,8.894458000000000197e+01,3.385965999999999698e-01,8.173991333333334187e+05
2.175500000000000000e+03,8.896772000000001412e+01,3.378112999999999810e-01,8.249707666666667210e+05
2.185500000000000000e+03,8.895956999999999937e+01,3.381660000000000221e-01,8.325769666666665580e+05
2.195500000000000000e+03,8.896128999999999110e+01,3.386657999999999613e-01,8.402178666666668141e+05
2.205500000000000000e+03,8.892386000000000479e+01,3.388472000000000151e-01,8.478934333333333489e+05
2.215500000000000000e+03,8.895498999999999512e+01,3.377020000000000022e-01,8.556040333333334420e+05
2.225500000000000000e+03,8.892627999999999133e+01,3.388760000000000661e-01,8.633493333333333721e+05
2.235500000000000000e+03,8.893799999999998818e+01,3.384980000000000766e-01,8.711294666666665580e+05
2.245500000000000000e+03,8.894857000000000369e+01,3.387054999999999927e-01,8.789440333333334420e+05
2.255500000000000000e+03,8.894343999999999539e+01,3.380665999999999949e-01,8.867936666666666279e+05
2.265500000000000000e+03,8.894741999999999393e+01,3.381378999999999913e-01,8.946778000000000466e+05
2.275500000000000000e+03,8.899728999999999246e+01,3.358406999999999920e-01,9.025969000000000233e+05
2.285500000000000000e+03,8.896228999999999587e+01,3.362561000000000577e-01,9.105508333333332557e+05
2.295500000000000000e+03,8.898028999999999655e+01,3.363916000000000128e-01,9.185400666666667676e+05
2.305500000000000000e+03,8.900271999999999650e+01,3.357474999999999765e-01,9.265640333333332092e+05
2.315500000000000000e+03,8.899428999999999235e+01,3.354069999999999552e-01,9.346230666666667676e+05
2.325500000000000000e+03,8.900514000000001147e+01,3.352241000000000248e-01,9.427165666666666511e+05
2.335500000000000000e+03,8.901355000000000928e+01,3.353868000000000404e-01,9.508452666666666046e+05
2.345500000000000000e+03,8.901600000000000534e+01,3.353229999999999822e-01,9.590094333333333489e+05
2.355500000000000000e+03,8.904570000000001073e+01,3.344659000000000382e-01,9.672087000000001863e+05
2.365500000000000000e+03,8.901613999999999294e+01,3.346343999999999985e-01,9.754427666666666046e+05
2.375500000000000000e+03,8.903857999999999606e+01,3.346199999999999730e-01,9.837119333333333489e+05
2.385500000000000000e+03,8.902873000000001014e+01,3.342825999999999853e-01,9.920159333333333489e+05
2.395500000000000000e+03,8.904055999999999926e+01,3.335778999999999828e-01,1.000355533333333442e+06
2.405500000000000000e+03,8.903358000000000061e+01,3.340644000000000391e-01,1.008729300000000047e+06
2.415500000000000000e+03,8.902413999999998850e+01,3.341239999999999766e-01,1.017139000000000233e+06
2.425500000000000000e+03,8.903628000000000497e+01,3.331713000000000036e-01,1.025582333333333372e+06
2.435500000000000000e+03,8.903657000000001176e+01,3.334095000000000253e-01,1.034062666666666628e+06
2.445500000000000000e+03,8.903486000000000899e+01,3.340787000000000062e-01,1.042575333333333256e+06
2.455500000000000000e+03,8.904585999999999046e+01,3.332843000000000333e-01,1.051125000000000000e+06
2.465500000000000000e+03,8.904872000000001719e+01,3.324247000000000174e-01,1.059709666666666744e+06
2.475500000000000000e+03,8.904756999999999323e+01,3.328303000000000234e-01,1.068328000000000000e+06
2.485500000000000000e+03,8.903885999999998546e+01,3.326686000000000365e-01,1.076981000000000000e+06
2.495500000000000000e+03,8.905226999999999293e+01,3.322400000000000353e-01,1.085671000000000000e+06
2.505500000000000000e+03,8.902470999999999890e+01,3.336862999999999913e-01,1.094393666666666511e+06
2.515500000000000000e+03,8.902729999999999677e+01,3.331787999999999972e-01,1.103152666666666744e+06
2.525500000000000000e+03,8.903129999999998745e+01,3.327685000000000226e-01,1.111944666666666744e+06
2.535500000000000000e+03,8.903571000000000879e+01,3.332030000000000269e-01,1.120772666666666511e+06
2.545500000000000000e+03,8.903428999999999860e+01,3.331916999999999240e-01,1.129634333333333489e+06
2.555500000000000000e+03,8.902700999999998999e+01,3.331631000000000453e-01,1.138532000000000000e+06
2.565500000000000000e+03,8.901685999999997989e+01,3.330468000000000317e-01,1.147463333333333256e+06
2.575500000000000000e+03,8.902373000000000047e+01,3.327159000000000089e-01,1.156431000000000000e+06
2.585500000000000000e+03,8.901886000000000365e+01,3.335207999999999506e-01,1.165433333333333256e+06
2.595500000000000000e+03,8.902299999999999613e+01,3.335662999999999823e-01,1.174470333333333489e+06
2.605500000000000000e+03,8.901101000000001306e+01,3.337131999999999876e-01,1.183541666666666744e+06
2.615500000000000000e+03,8.902797999999999945e+01,3.322991000000000139e-01,1.192647666666666744e+06
2.625500000000000000e+03,8.901901000000000863e+01,3.327694999999999403e-01,1.201789000000000000e+06
2.635500000000000000e+03,8.900884000000000640e+01,3.330292999999999726e-01,1.210966666666666511e+06
2.645500000000000000e+03,8.902011999999999148e+01,3.328681000000000001e-01,1.220176666666666744e+06
2.655500000000000000e+03,8.903127999999999531e+01,3.324129000000000111e-01,1.229423333333333256e+06
2.665500000000000000e+03,8.902199000000000240e+01,3.318543999999999938e-01,1.238704666666666744e+06
2.675500000000000000e+03,8.902129000000000758e+01,3.322167999999999788e-01,1.248021333333333489e+06
2.685500000000000000e+03,8.902443000000000950e+01,3.314173999999999731e-01,1.257371666666666511e+06
2.695500000000000000e+03,8.902428999999999348e+01,3.319910999999999834e-01,1.266759000000000233e+06
2.705500000000000000e+03,8.902029000000000281e+01,3.313385000000000358e-01,1.276179000000000233e+06
2.715500000000000000e+03,8.902285000000000537e+01,3.313455999999999624e-01,1.285633666666666511e+06
2.725500000000000000e+03,8.901214999999999122e+01,3.323557000000000317e-01,1.295123666666666744e+06
2.735500000000000000e+03,8.901941999999999666e+01,3.314676000000000289e-01,1.304649333333333489e+06
2.745500000000000000e+03,8.901556999999999675e+01,3.318165000000000142e-01,1.314208666666666511e+06
2.755500000000000000e+03,8.901214999999999122e+01,3.316641999999999646e-01,1.323803666666666511e+06
2.765500000000000000e+03,8.901102000000000203e+01,3.312999999999999834e-01,1.333433666666666511e+06
2.775500000000000000e+03,8.902286000000000854e+01,3.309218999999999911e-01,1.343098000000000000e+06
2.785500000000000000e+03,8.902186000000000377e+01,3.313360000000000194e-01,1.352799000000000000e+06
2.795500000000000000e+03,8.901072999999999524e+01,3.316772999999999527e-01,1.362531999999999767e+06
2.805500000000000000e+03,8.900383999999999673e+01,3.315439000000000580e-01,1.372302999999999767e+06
2.815500000000000000e+03,8.900670999999999822e+01,3.307835999999999554e-01,1.382107666666666511e+06
2.825500000000000000e+03,8.900584999999999525e+01,3.307292000000000010e-01,1.391949000000000000e+06
2.835500000000000000e+03,8.901142000000001531e+01,3.312339000000000255e-01,1.401821000000000000e+06
2.845500000000000000e+03,8.901084000000000174e+01,3.311136000000000079e-01,1.411730333333333256e+06
2.855500000000000000e+03,8.900057999999998515e+01,3.319703999999999988e-01,1.421674000000000000e+06
2.865500000000000000e+03,8.900813999999999737e+01,3.306907000000000041e-01,1.431653333333333489e+06
2.875500000000000000e+03,8.901469999999999061e+01,3.306847999999999455e-01,1.441668000000000000e+06
2.885500000000000000e+03,8.901655999999998414e+01,3.307723999999999664e-01,1.451717000000000233e+06
2.895500000000000000e+03,8.900685999999998899e+01,3.307303000000000326e-01,1.461799333333333256e+06
2.905500000000000000e+03,8.900900000000000034e+01,3.306152000000000535e-01,1.471918666666666744e+06
2.915500000000000000e+03,8.901585000000000036e+01,3.309531000000000001e-01,1.482072000000000233e+06
2.925500000000000000e+03,8.900472000000000605e+01,3.313062000000000507e-01,1.492261000000000000e+06
2.935500000000000000e+03,8.900298999999999694e+01,3.308330999999999911e-01,1.502484000000000000e+06
2.945500000000000000e+03,8.900699000000000183e+01,3.299992999999999954e-01,1.512742666666666511e+06
2.955500000000000000e+03,8.900759000000000754e+01,3.304335999999999940e-01,1.523036333333333489e+06
2.965500000000000000e+03,8.900784000000000162e+01,3.304093000000000169e-01,1.533363333333333489e+06
2.975500000000000000e+03,8.900070999999999799e+01,3.306586000000000247e-01,1.543726333333333256e+06
2.985500000000000000e+03,8.900184999999999036e+01,3.305559999999999610e-01,1.554124333333333256e+06
2.995500000000000000e+03,8.900355999999999312e+01,3.302756999999999499e-01,1.564556333333333489e+06
3.005500000000000000e+03,8.900070999999999799e+01,3.300459999999999505e-01,1.575024666666666511e+06
3.015500000000000000e+03,8.901412999999999442e+01,3.297816000000000636e-01,1.585526333333333489e+06
3.025500000000000000e+03,8.901671000000001754e+01,3.290519000000000083e-01,1.596063000000000000e+06
3.035500000000000000e+03,8.900901000000000352e+01,3.299743999999999455e-01,1.606634000000000000e+06
3.045500000000000000e+03,8.900915000000000532e+01,3.301698000000000133e-01,1.617242333333333489e+06
3.055500000000000000e+03,8.900928000000000395e+01,3.294979999999999576e-01,1.627882333333333489e+06
3.065500000000000000e+03,8.901015000000001010e+01,3.296468000000000176e-01,1.638561000000000233e+06
3.075500000000000000e+03,8.901658000000000470e+01,3.297143000000000157e-01,1.649272000000000000e+06
3.085500000000000000e+03,8.900643000000000882e+01,3.302062000000000053e-01,1.660019666666666511e+06
3.095500000000000000e+03,8.901014000000000692e+01,3.300860999999999934e-01,1.670801333333333489e+06
3.105500000000000000e+03,8.902357999999999549e+01,3.296743999999999786e-01,1.681617333333333256e+06
3.115500000000000000e+03,8.901385999999999399e+01,3.298884000000000261e-01,1.692467666666666511e+06
3.125500000000000000e+03,8.901142000000001531e+01,3.290951000000000293e-01,1.703354333333333256e+06
3.135500000000000000e+03,8.902025999999999328e+01,3.293338000000000099e-01,1.714275666666666511e+06
3.145500000000000000e+03,8.902513999999999328e+01,3.289938000000000029e-01,1.725231666666666744e+06
3.155500000000000000e+03,8.901556999999999675e+01,3.289802000000000004e-01,1.736222000000000000e+06
3.165500000000000000e+03,8.900757999999999015e+01,3.286375999999999742e-01,1.747248000000000000e+06
3.175500000000000000e+03,8.901084999999999070e+01,3.288531999999999567e-01,1.758307000000000000e+06
3.185500000000000000e+03,8.900643999999999778e+01,3.287232999999999961e-01,1.769402666666666744e+06
3.195500000000000000e+03,8.900986000000000331e+01,3.284964000000000217e-01,1.780531000000000000e+06
3.205500000000000000e+03,8.900229000000000212e+01,3.280876999999999266e-01,1.791695666666666511e+06
3.215500000000000000e+03,8.900269999999999015e+01,3.281108000000000358e-01,1.802894000000000000e+06
3.225500000000000000e+03,8.901555999999999358e+01,3.281914000000000220e-01,1.814127666666666511e+06
3.235500000000000000e+03,8.901171999999999684e+01,3.279538999999999649e-01,1.825394000000000000e+06
3.245500000000000000e+03,8.901556999999999675e+01,3.282661000000000606e-01,1.836698666666666744e+06
3.255500000000000000e+03,8.900557000000000585e+01,3.279209000000000152e-01,1.848036000000000000e+06
3.265500000000000000e+03,8.900943000000000893e+01,3.280356999999999856e-01,1.859409333333333489e+06
3.275500000000000000e+03,8.900813999999999737e+01,3.273232000000000363e-01,1.870815333333333256e+06
3.285500000000000000e+03,8.900987000000000648e+01,3.286126000000000325e-01,1.882257666666666744e+06
3.295500000000000000e+03,8.900557000000000585e+01,3.279930000000000345e-01,1.893734000000000000e+06
3.305500000000000000e+03,8.901828000000000429e+01,3.282019999999999937e-01,1.905246333333333256e+06
3.315500000000000000e+03,8.900972000000000151e+01,3.275460000000000038e-01,1.916792666666666744e+06
3.325500000000000000e+03,8.901398999999999262e+01,3.285008999999999846e-01,1.928374333333333256e+06
3.335500000000000000e+03,8.900984000000001117e+01,3.280592999999999426e-01,1.939992000000000000e+06
3.345500000000000000e+03,8.901512999999999920e+01,3.278020999999999852e-01,1.951642666666666744e+06
3.355500000000000000e+03,8.901686000000000831e+01,3.281185999999999825e-01,1.963328000000000000e+06
3.365500000000000000e+03,8.901430000000000575e+01,3.277824999999999767e-01,1.975049333333333256e+06
3.375500000000000000e+03,8.901457000000000619e+01,3.275350000000000206e-01,1.986805000000000000e+06
3.385500000000000000e+03,8.901427999999999940e+01,3.281956999999999791e-01,1.998596666666666744e+06
3.395500000000000000e+03,8.901815000000001987e+01,3.279701000000000422e-01,2.010421999999999534e+06
3.405500000000000000e+03,8.900485999999997944e+01,3.278606000000000575e-01,2.022284000000000000e+06
3.415500000000000000e+03,8.901658000000000470e+01,3.283574999999999688e-01,2.034178333333333256e+06
3.425500000000000000e+03,8.901584000000001140e+01,3.270307000000000075e-01,2.046108333333333256e+06
3.435500000000000000e+03,8.900685000000001423e+01,3.274341000000000057e-01,2.058072333333333489e+06
3.445500000000000000e+03,8.901143999999999323e+01,3.271818999999999700e-01,2.070073666666666511e+06
3.455500000000000000e+03,8.901743000000000450e+01,3.278527999999999998e-01,2.082107333333333489e+06
3.465500000000000000e+03,8.901229000000000724e+01,3.276053999999999911e-01,2.094177000000000466e+06
3.475500000000000000e+03,8.901127999999999929e+01,3.272036000000000389e-01,2.106280666666666977e+06
3.485500000000000000e+03,8.902214000000000738e+01,3.268137000000000403e-01,2.118419333333333023e+06
3.495500000000000000e+03,8.901700000000001012e+01,3.265274999999999705e-01,2.130592000000000000e+06
3.505500000000000000e+03,8.901057000000000130e+01,3.272910000000000541e-01,2.142800333333333023e+06
3.515500000000000000e+03,8.902842000000001121e+01,3.267673000000000383e-01,2.155044000000000466e+06
3.525500000000000000e+03,8.901400999999998476e+01,3.271526000000000156e-01,2.167322333333333489e+06
3.535500000000000000e+03,8.901299000000000206e+01,3.266624000000000194e-01,2.179636333333333023e+06
3.545500000000000000e+03,8.901529000000000735e+01,3.266455999999999804e-01,2.191983333333333023e+06
3.555500000000000000e+03,8.901985999999999422e+01,3.262771999999999895e-01,2.204365666666666977e+06
3.565500000000000000e+03,8.902344000000000790e+01,3.260617999999999572e-01,2.216782000000000466e+06
3.575500000000000000e+03,8.901440999999998382e+01,3.258902999999999661e-01,2.229235333333333023e+06
3.585500000000000000e+03,8.901356000000001245e+01,3.261485999999999552e-01,2.241722000000000000e+06
3.595500000000000000e+03,8.901143000000001848e+01,3.252463999999999911e-01,2.254243000000000466e+06
3.605500000000000000e+03,8.901387000000001137e+01,3.248523000000000382e-01,2.266799333333333023e+06
3.615500000000000000e+03,8.901285999999998921e+01,3.248516000000000181e-01,2.279390333333333023e+06
3.625500000000000000e+03,8.901300000000000523e+01,3.249203000000000507e-01,2.292015000000000466e+06
3.635500000000000000e+03,8.901514000000000237e+01,3.245908000000000126e-01,2.304675333333333023e+06
3.645500000000000000e+03,8.900298999999999694e+01,3.251801999999999748e-01,2.317369000000000000e+06
3.655500000000000000e+03,8.901642999999999972e+01,3.251870000000000038e-01,2.330098333333333023e+06
3.665500000000000000e+03,8.900942999999999472e+01,3.251705999999999763e-01,2.342861666666666977e+06
3.675500000000000000e+03,8.901428000000001362e+01,3.248378000000000099e-01,2.355660333333333023e+06
3.685500000000000000e+03,8.900815000000000055e+01,3.240825999999999985e-01,2.368493333333333023e+06
3.695500000000000000e+03,8.901400000000001000e+01,3.241106999999999738e-01,2.381361999999999534e+06
3.705500000000000000e+03,8.901128000000001350e+01,3.236421999999999910e-01,2.394264000000000000e+06
3.715500000000000000e+03,8.901085000000000491e+01,3.243283999999999612e-01,2.407200333333333023e+06
3.725500000000000000e+03,8.902171999999998775e+01,3.240102999999999733e-01,2.420172000000000466e+06
3.735500000000000000e+03,8.902013999999999783e+01,3.249120999999999815e-01,2.433178333333333489e+06
3.745500000000000000e+03,8.901612000000000080e+01,3.241843000000000363e-01,2.446218666666666977e+06
3.755500000000000000e+03,8.901342999999999961e+01,3.242877000000000121e-01,2.459293333333333489e+06
3.765500000000000000e+03,8.901314000000000703e+01,3.237029000000000156e-01,2.472402333333333023e+06
3.775500000000000000e+03,8.901812999999999931e+01,3.241123000000000198e-01,2.485546333333333023e+06
3.785500000000000000e+03,8.901442000000000121e+01,3.238542999999999283e-01,2.498727333333333489e+06
3.795500000000000000e+03,8.902241000000000781e+01,3.237541999999999920e-01,2.511941000000000000e+06
3.805500000000000000e+03,8.901757000000000630e+01,3.232449999999999490e-01,2.525190666666666977e+06
3.815500000000000000e+03,8.901212999999999909e+01,3.238807000000000214e-01,2.538474333333333023e+06
3.825500000000000000e+03,8.901657000000001574e+01,3.232410000000000005e-01,2.551792333333333489e+06
3.835500000000000000e+03,8.901485000000000980e+01,3.232527000000000039e-01,2.565146666666666511e+06
3.845500000000000000e+03,8.901826999999998691e+01,3.235169999999999435e-01,2.578533333333333489e+06
3.855500000000000000e+03,8.901885000000000048e+01,3.232656999999999892e-01,2.591956000000000000e+06
3.865500000000000000e+03,8.901513999999998816e+01,3.232993999999999590e-01,2.605411666666666977e+06
3.875500000000000000e+03,8.901285000000000025e+01,3.230415000000000370e-01,2.618903666666666511e+06
3.885500000000000000e+03,8.902400000000000091e+01,3.234986000000000250e-01,2.632429666666666977e+06
3.895500000000000000e+03,8.901816000000000884e+01,3.232046999999999559e-01,2.645989666666666511e+06
3.905500000000000000e+03,8.903042000000000655e+01,3.229583999999999788e-01,2.659585000000000000e+06
3.915500000000000000e+03,8.901528999999999314e+01,3.228514999999999580e-01,2.673214333333333023e+06
3.925500000000000000e+03,8.902029000000001702e+01,3.226007000000000180e-01,2.686878000000000466e+06
3.935500000000000000e+03,8.903472000000000719e+01,3.227874000000000021e-01,2.700577333333333023e+06
3.945500000000000000e+03,8.903171000000000390e+01,3.225602000000000191e-01,2.714310333333333023e+06
3.955500000000000000e+03,8.901543999999999812e+01,3.227552999999999672e-01,2.728078333333333023e+06
3.965500000000000000e+03,8.902228999999999814e+01,3.230341999999999936e-01,2.741880333333333489e+06
3.975500000000000000e+03,8.901499999999998636e+01,3.221357000000000248e-01,2.755717000000000000e+06
3.985500000000000000e+03,8.902842999999998597e+01,3.230795000000000194e-01,2.769589000000000000e+06
3.995500000000000000e+03,8.902943000000001916e+01,3.232695000000000429e-01,2.783496000000000000e+06
4.005500000000000000e+03,8.901597999999999900e+01,3.227844999999999742e-01,2.797436999999999534e+06
4.015500000000000000e+03,8.901357000000000141e+01,3.226160999999999612e-01,2.811412333333333023e+06
4.025500000000000000e+03,8.903298999999999808e+01,3.226383999999999364e-01,2.825420666666666977e+06
4.035500000000000000e+03,8.902727999999999042e+01,3.222143000000000090e-01,2.839464333333333023e+06
4.045500000000000000e+03,8.901800000000000068e+01,3.227054000000000311e-01,2.853544000000000000e+06
4.055500000000000000e+03,8.903427999999999543e+01,3.229410999999999810e-01,2.867658000000000000e+06
4.065500000000000000e+03,8.902985999999999933e+01,3.229130000000000611e-01,2.881805333333333023e+06
4.075500000000000000e+03,8.902642000000000166e+01,3.229517000000000082e-01,2.895988000000000000e+06
4.085500000000000000e+03,8.901871000000001288e+01,3.226091000000000375e-01,2.910204333333333489e+06
4.095500000000000000e+03,8.901585000000000036e+01,3.223427000000000375e-01,2.924456000000000000e+06
4.105500000000000000e+03,8.901828000000000429e+01,3.224611000000000005e-01,2.938743333333333023e+06
4.115500000000000000e+03,8.902330000000000609e+01,3.226532000000000289e-01,2.953063999999999534e+06
4.125500000000000000e+03,8.903043000000000973e+01,3.231021999999999506e-01,2.967420000000000000e+06
4.135500000000000000e+03,8.902301000000001352e+01,3.225466000000000166e-01,2.981811666666666977e+06
4.145500000000000000e+03,8.902029000000000281e+01,3.224132000000000109e-01,2.996236333333333023e+06
4.155500000000000000e+03,8.902700000000000102e+01,3.229220999999999897e-01,3.010697000000000000e+06
4.165500000000000000e+03,8.903529000000000337e+01,3.231134000000000506e-01,3.025190000000000000e+06
4.175500000000000000e+03,8.902530000000000143e+01,3.227921999999999736e-01,3.039718333333333489e+06
4.185500000000000000e+03,8.902531999999999357e+01,3.227349999999999941e-01,3.054280666666666511e+06
4.195500000000000000e+03,8.903755999999999915e+01,3.225849999999999551e-01,3.068877666666666511e+06
4.205500000000000000e+03,8.902000999999999920e+01,3.229883999999999533e-01,3.083508666666666511e+06
4.215500000000000000e+03,8.902900000000001057e+01,3.226817999999999631e-01,3.098174666666666511e+06
4.225500000000000000e+03,8.902657999999999561e+01,3.227974999999999595e-01,3.112874333333333489e+06
4.235500000000000000e+03,8.902271000000000356e+01,3.222059000000000450e-01,3.127609000000000000e+06
4.245500000000000000e+03,8.902842000000001121e+01,3.227967999999999948e-01,3.142378666666666511e+06
4.255500000000000000e+03,8.903743000000000052e+01,3.228593000000000157e-01,3.157184666666666511e+06
4.265500000000000000e+03,8.903243999999999403e+01,3.231995999999999758e-01,3.172022000000000466e+06
4.275500000000000000e+03,8.902657000000000664e+01,3.229680000000000328e-01,3.186894000000000466e+06
4.285500000000000000e+03,8.902800999999999476e+01,3.226219000000000170e-01,3.201801666666666977e+06
4.295500000000000000e+03,8.902855999999999881e+01,3.227539000000000380e-01,3.216743666666666977e+06
4.305500000000000000e+03,8.901914999999999623e+01,3.230456999999999912e-01,3.231720999999999534e+06
4.315500000000000000e+03,8.902556999999998766e+01,3.231522000000000006e-01,3.246732000000000000e+06
4.325500000000000000e+03,8.903472999999999615e+01,3.225712000000000024e-01,3.261778333333333489e+06
4.335500000000000000e+03,8.903571999999999775e+01,3.225607000000000335e-01,3.276858000000000000e+06
4.345500000000000000e+03,8.903458000000000538e+01,3.226319000000000270e-01,3.291973000000000000e+06
4.355500000000000000e+03,8.903800000000001091e+01,3.225020000000000664e-01,3.307122666666666511e+06
4.365500000000000000e+03,8.902841000000000804e+01,3.222175999999999929e-01,3.322306333333333023e+06
4.375500000000000000e+03,8.903056000000000836e+01,3.227102000000000026e-01,3.337524666666666977e+06
4.385500000000000000e+03,8.903270000000000550e+01,3.229619000000000240e-01,3.352777666666666977e+06
4.395500000000000000e+03,8.902485000000000070e+01,3.228075000000000250e-01,3.368065333333333489e+06
4.405500000000000000e+03,8.903543999999999414e+01,3.223063000000000455e-01,3.383387333333333023e+06
4.415500000000000000e+03,8.902855999999999881e+01,3.229723999999999373e-01,3.398744333333333489e+06
4.425500000000000000e+03,8.903671999999998832e+01,3.225977000000000428e-01,3.414135000000000000e+06
4.435500000000000000e+03,8.903258000000001005e+01,3.224204999999999988e-01,3.429560333333333489e+06
4.445500000000000000e+03,8.902415000000000589e+01,3.223078999999999805e-01,3.445022666666666977e+06
4.455500000000000000e+03,8.903285999999999945e+01,3.228145999999999516e-01,3.460518333333333489e+06
4.465500000000000000e+03,8.903242000000000189e+01,3.227734999999999355e-01,3.476048666666666511e+06
4.475500000000000000e+03,8.903229000000000326e+01,3.225005999999999706e-01,3.491613666666666511e+06
4.485500000000000000e+03,8.903173000000001025e+01,3.232350999999999419e-01,3.507213000000000000e+06
4.495500000000000000e+03,8.903915000000000646e+01,3.227707000000000215e-01,3.522848666666666977e+06
4.505500000000000000e+03,8.903801000000001409e+01,3.225003000000000175e-01,3.538518000000000000e+06
4.515500000000000000e+03,8.903743000000000052e+01,3.228608000000000033e-01,3.554223666666666977e+06
4.525500000000000000e+03,8.903114000000000772e+01,3.224951999999999819e-01,3.569963000000000000e+06
4.535500000000000000e+03,8.903630000000001132e+01,3.221851000000000576e-01,3.585735000000000000e+06
4.545500000000000000e+03,8.903812999999999533e+01,3.223323000000000160e-01,3.601544000000000000e+06
4.555500000000000000e+03,8.904143000000000541e+01,3.227981000000000322e-01,3.617387000000000000e+06
4.565500000000000000e+03,8.904371999999999332e+01,3.223801000000000028e-01,3.633264333333333489e+06
4.575500000000000000e+03,8.903813999999999851e+01,3.227508000000000044e-01,3.649176666666666511e+06
4.585500000000000000e+03,8.905070000000000618e+01,3.218207000000000151e-01,3.665123666666666511e+06
4.595500000000000000e+03,8.904213000000001443e+01,3.226291000000000020e-01,3.681105333333333489e+06
4.605500000000000000e+03,8.904829999999999757e+01,3.216340000000000310e-01,3.697123666666666977e+06
4.615500000000000000e+03,8.904857000000001221e+01,3.220841000000000398e-01,3.713173666666666977e+06
4.625500000000000000e+03,8.905258000000000607e+01,3.212679999999999980e-01,3.729258666666666511e+06
4.635500000000000000e+03,8.905801000000001011e+01,3.215696000000000110e-01,3.745380333333333489e+06
4.645500000000000000e+03,8.905543000000000120e+01,3.219090999999999481e-01,3.761535999999999069e+06
4.655500000000000000e+03,8.905414000000000385e+01,3.216962999999999906e-01,3.777726000000000000e+06
4.665500000000000000e+03,8.905271000000000470e+01,3.218093000000000203e-01,3.793951000000000000e+06
4.675500000000000000e+03,8.905128999999999451e+01,3.217933000000000043e-01,3.810209333333333023e+06
4.685500000000000000e+03,8.905643000000000598e+01,3.221355999999999664e-01,3.826503000000000000e+06
4.695500000000000000e+03,8.905599999999998317e+01,3.217130000000000267e-01,3.842832333333333489e+06
4.705500000000000000e+03,8.906071000000000026e+01,3.216116999999999448e-01,3.859195333333333489e+06
4.715500000000000000e+03,8.905929000000000428e+01,3.219164999999999943e-01,3.875593666666666977e+06
4.725500000000000000e+03,8.905357000000000767e+01,3.219737999999999767e-01,3.892026333333333489e+06
4.735500000000000000e+03,8.905599000000000842e+01,3.219272000000000244e-01,3.908493333333333489e+06
4.745500000000000000e+03,8.905755999999999517e+01,3.217807999999999780e-01,3.924995666666666977e+06
4.755500000000000000e+03,8.905156999999999812e+01,3.219978000000000007e-01,3.941532333333333489e+06
4.765500000000000000e+03,8.906143999999997618e+01,3.217918000000000722e-01,3.958103000000000000e+06
4.775500000000000000e+03,8.906069999999999709e+01,3.216956999999999733e-01,3.974709666666666511e+06
4.785500000000000000e+03,8.906257000000000801e+01,3.215338999999999836e-01,3.991350333333333023e+06
4.795500000000000000e+03,8.906113000000000568e+01,3.215596000000000565e-01,4.008024000000000000e+06
4.805500000000000000e+03,8.905200000000000671e+01,3.217615999999999810e-01,4.024733666666666977e+06
4.815500000000000000e+03,8.906143000000000143e+01,3.214460000000000095e-01,4.041477666666666511e+06
4.825500000000000000e+03,8.905456999999999823e+01,3.217068000000000150e-01,4.058256999999999069e+06
4.835500000000000000e+03,8.905915000000000248e+01,3.215416000000000385e-01,4.075070666666666511e+06
4.845500000000000000e+03,8.905284000000000333e+01,3.214849999999999652e-01,4.091920000000000000e+06
4.855500000000000000e+03,8.905714999999999293e+01,3.217977999999999672e-01,4.108803000000000000e+06
4.865500000000000000e+03,8.906199999999999761e+01,3.216145000000000254e-01,4.125721333333333023e+06
4.875500000000000000e+03,8.906672999999999263e+01,3.214563000000000281e-01,4.142674333333333489e+06
4.885500000000000000e+03,8.905885999999999569e+01,3.213649000000000089e-01,4.159662000000000000e+06
4.895500000000000000e+03,8.906130000000000280e+01,3.213986000000000343e-01,4.176684000000000931e+06
4.905500000000000000e+03,8.906427999999998235e+01,3.212041999999999953e-01,4.193740666666666977e+06
4.915500000000000000e+03,8.906311999999999784e+01,3.218261000000000038e-01,4.210831333333333023e+06
4.925500000000000000e+03,8.906559000000000026e+01,3.213377000000000594e-01,4.227957333333333023e+06
4.935500000000000000e+03,8.906556999999999391e+01,3.210566000000000253e-01,4.245118333333333954e+06
4.945500000000000000e+03,8.906143999999999039e+01,3.211233000000000004e-01,4.262313666666666977e+06
4.955500000000000000e+03,8.906287000000000376e+01,3.218630000000000102e-01,4.279544000000000000e+06
4.965500000000000000e+03,8.907043000000000177e+01,3.210112000000000521e-01,4.296809333333333023e+06
4.975500000000000000e+03,8.906029000000000906e+01,3.214568999999999899e-01,4.314107666666666977e+06
4.985500000000000000e+03,8.906170000000000186e+01,3.210727999999999915e-01,4.331441666666666046e+06
4.995500000000000000e+03,8.905385999999998603e+01,3.216999000000000386e-01,4.348810666666666046e+06
