5.500000000000000000e+00,5.001600000000000534e+01,4.819570300000000174e+01,1.162514686666666641e+01
1.550000000000000000e+01,5.586212999999999340e+01,3.854813899999999904e+00,6.938764000000000465e+01
2.550000000000000000e+01,5.674841999999999587e+01,1.194082699999999830e+00,1.780774000000000115e+02
3.550000000000000000e+01,7.038671000000000788e+01,1.887420799999999899e+00,3.371665666666666539e+02
4.550000000000000000e+01,7.071941999999999950e+01,1.899298699999999895e+00,5.464167666666667174e+02
5.550000000000000000e+01,7.696214000000001931e+01,1.336952799999999941e+00,8.053775666666666666e+02
6.550000000000000000e+01,7.966712999999998601e+01,1.014233300000000115e+00,1.114359400000000051e+03
7.550000000000000000e+01,7.907700000000001239e+01,9.084008000000001193e-01,1.473272666666666737e+03
8.550000000000000000e+01,7.955042000000000257e+01,1.037844899999999848e+00,1.882130000000000337e+03
9.550000000000000000e+01,7.966643999999999437e+01,8.015748000000000317e-01,2.340987000000000080e+03
1.055000000000000000e+02,7.990340999999999383e+01,8.829878999999998257e-01,2.849762000000000171e+03
1.155000000000000000e+02,7.964543000000000461e+01,7.612524000000001623e-01,3.408683999999999742e+03
1.255000000000000000e+02,8.076814000000000249e+01,6.731620000000001491e-01,4.017875333333333401e+03
1.355000000000000000e+02,8.086428000000000793e+01,6.803862000000000521e-01,4.677598333333333358e+03
1.455000000000000000e+02,8.109313999999999112e+01,7.571962999999999333e-01,5.387788333333332957e+03
1.555000000000000000e+02,8.143514999999999304e+01,1.010808200000000046e+00,6.148243000000000393e+03
1.655000000000000000e+02,8.319301000000000101e+01,6.737387000000000237e-01,6.958892999999999120e+03
1.755000000000000000e+02,8.189687000000000694e+01,5.380266999999999689e-01,7.819927666666667392e+03
1.855000000000000000e+02,8.451071000000000311e+01,6.065184000000000131e-01,8.731445666666668330e+03
1.955000000000000000e+02,8.566956999999999312e+01,7.017848999999999338e-01,9.693279999999998836e+03
2.055000000000000000e+02,8.530872000000000810e+01,5.620754000000000028e-01,1.070556000000000131e+04
2.155000000000000000e+02,8.599755000000000393e+01,5.824146000000000045e-01,1.176823999999999978e+04
2.255000000000000000e+02,8.626869999999999550e+01,5.781425000000000036e-01,1.288112666666666883e+04
2.355000000000000000e+02,8.565286000000000399e+01,5.800737999999998618e-01,1.404417666666666628e+04
2.455000000000000000e+02,8.569586999999999932e+01,5.358448000000000100e-01,1.525739333333333161e+04
2.555000000000000000e+02,8.574071999999999605e+01,5.186048999999999243e-01,1.652080333333333692e+04
2.655000000000000000e+02,8.593241999999999337e+01,5.142887999999999904e-01,1.783450666666666802e+04
2.755000000000000000e+02,8.618514000000000408e+01,5.478935000000000333e-01,1.919874333333333561e+04
2.855000000000000000e+02,8.561813999999999680e+01,4.985601000000000060e-01,2.061326666666667006e+04
2.955000000000000000e+02,8.585370999999999242e+01,5.240991000000001510e-01,2.207808333333333576e+04
3.055000000000000000e+02,8.377172000000000196e+01,5.701839999999999131e-01,2.359308333333333212e+04
3.155000000000000000e+02,8.442271999999999821e+01,5.395208000000000226e-01,2.515808333333333576e+04
3.255000000000000000e+02,8.498416000000000281e+01,4.715455999999999537e-01,2.677322333333333518e+04
3.355000000000000000e+02,8.594928999999999064e+01,4.556155999999999540e-01,2.843842333333333227e+04
3.455000000000000000e+02,8.569528999999999996e+01,4.137042000000000219e-01,3.015362999999999738e+04
3.555000000000000000e+02,8.478157000000000210e+01,4.945546999999999582e-01,3.191897000000000844e+04
3.655000000000000000e+02,8.575015000000000498e+01,4.378228000000000120e-01,3.373461666666666133e+04
3.755000000000000000e+02,8.551369999999998583e+01,4.554942000000000712e-01,3.560070999999999185e+04
3.855000000000000000e+02,8.443172000000001276e+01,5.005078000000000582e-01,3.751716666666667152e+04
3.955000000000000000e+02,8.615001000000000886e+01,3.993585000000000051e-01,3.948413666666667268e+04
4.055000000000000000e+02,8.567755999999999972e+01,4.091136000000000772e-01,4.150195333333333110e+04
4.155000000000000000e+02,8.576742999999999029e+01,3.991440999999999462e-01,4.357086333333332732e+04
4.255000000000000000e+02,8.665628000000000952e+01,3.788721999999999368e-01,4.569042333333332499e+04
4.355000000000000000e+02,8.566686999999998875e+01,4.042653999999999970e-01,4.786033666666666977e+04
4.455000000000000000e+02,8.610143000000000768e+01,3.523414999999999742e-01,5.008059999999999854e+04
4.555000000000000000e+02,8.585600000000000875e+01,3.937865999999999866e-01,5.235114666666666744e+04
4.655000000000000000e+02,8.615614999999999668e+01,3.888279000000000041e-01,5.467213999999999214e+04
4.755000000000000000e+02,8.507071999999999434e+01,4.169188000000000338e-01,5.704346333333333314e+04
4.855000000000000000e+02,8.667714999999999748e+01,3.465292999999999846e-01,5.946537333333332936e+04
4.955000000000000000e+02,8.584571000000001106e+01,3.888019999999999810e-01,6.193780000000000291e+04
5.055000000000000000e+02,8.675143000000001337e+01,3.445329000000000308e-01,6.446082999999999447e+04
5.155000000000000000e+02,8.599699999999999989e+01,3.812227000000000254e-01,6.703465333333333547e+04
5.255000000000000000e+02,8.568627999999999645e+01,3.827447999999999961e-01,6.965915666666666220e+04
5.355000000000000000e+02,8.543026999999999305e+01,3.812034999999999174e-01,7.233402999999999884e+04
5.455000000000000000e+02,8.556355999999998119e+01,3.650422999999999862e-01,7.505937333333332208e+04
5.555000000000000000e+02,8.604229999999998313e+01,3.578846999999999445e-01,7.783526333333333605e+04
5.655000000000000000e+02,8.625726999999999123e+01,3.262662000000000062e-01,8.066175666666666802e+04
5.755000000000000000e+02,8.604656999999998845e+01,3.452180999999999722e-01,8.353874666666665871e+04
5.855000000000000000e+02,8.638785000000000025e+01,3.102087999999999512e-01,8.646616666666665697e+04
5.955000000000000000e+02,8.600027000000000044e+01,3.069591999999999876e-01,8.944406666666666570e+04
6.055000000000000000e+02,8.739871000000000834e+01,2.543978000000000073e-01,9.247237666666666337e+04
6.155000000000000000e+02,8.695155000000001166e+01,2.833534999999999804e-01,9.555097333333334245e+04
6.255000000000000000e+02,8.753397999999998547e+01,2.486190000000000067e-01,9.868012333333333663e+04
6.355000000000000000e+02,8.722370999999999697e+01,2.496151000000000342e-01,1.018598000000000029e+05
6.455000000000000000e+02,8.702356999999999232e+01,2.494292999999999927e-01,1.050899666666666744e+05
6.555000000000000000e+02,8.699842999999999904e+01,2.461578999999999851e-01,1.083703999999999942e+05
6.655000000000000000e+02,8.756341999999999359e+01,2.025269000000000097e-01,1.117014333333333489e+05
6.755000000000000000e+02,8.730342000000000269e+01,2.149378000000000122e-01,1.150830666666666802e+05
6.855000000000000000e+02,8.782757000000000858e+01,2.114594000000000196e-01,1.185151000000000058e+05
6.955000000000000000e+02,8.718600000000000705e+01,2.004502999999999702e-01,1.219975666666666511e+05
7.055000000000000000e+02,8.791156999999999755e+01,1.821194000000000146e-01,1.255305000000000000e+05
7.155000000000000000e+02,8.694012999999999636e+01,2.327428000000000274e-01,1.291139666666666744e+05
7.255000000000000000e+02,8.735657000000000494e+01,1.903830000000000244e-01,1.327480666666666802e+05
7.355000000000000000e+02,8.781986999999999455e+01,1.890276000000000178e-01,1.364329333333333489e+05
7.455000000000000000e+02,8.773485000000002287e+01,1.867670000000000163e-01,1.401682000000000116e+05
7.555000000000000000e+02,8.789144000000000290e+01,1.908521999999999719e-01,1.439541666666666861e+05
7.655000000000000000e+02,8.781343999999999994e+01,1.807852000000000348e-01,1.477906666666666570e+05
7.755000000000000000e+02,8.762115000000000009e+01,1.674661999999999817e-01,1.516777666666666628e+05
7.855000000000000000e+02,8.806872000000001321e+01,1.772526000000000101e-01,1.556153999999999942e+05
7.955000000000000000e+02,8.779113999999998441e+01,1.684386999999999968e-01,1.596037333333333372e+05
8.055000000000000000e+02,8.750314000000000192e+01,2.021868999999999750e-01,1.636424333333333198e+05
8.155000000000000000e+02,8.771614999999999895e+01,1.683134000000000019e-01,1.677314999999999709e+05
8.255000000000000000e+02,8.760998999999999626e+01,1.836688000000000209e-01,1.718711666666666861e+05
8.355000000000000000e+02,8.729028999999999883e+01,1.900513000000000063e-01,1.760615000000000291e+05
8.455000000000000000e+02,8.793057999999999197e+01,1.618731999999999949e-01,1.803025333333333256e+05
8.555000000000000000e+02,8.762744000000000710e+01,1.569193999999999867e-01,1.845943999999999942e+05
8.655000000000000000e+02,8.771886000000000649e+01,1.747072000000000069e-01,1.889367666666666628e+05
8.755000000000000000e+02,8.760927999999998406e+01,1.685706999999999900e-01,1.933298666666666395e+05
8.855000000000000000e+02,8.767028999999999428e+01,1.637983999999999829e-01,1.977732666666666628e+05
8.955000000000000000e+02,8.790614000000000772e+01,1.504958999999999603e-01,2.022670666666666802e+05
9.055000000000000000e+02,8.751544999999998709e+01,1.379796999999999829e-01,2.068114000000000233e+05
9.155000000000000000e+02,8.750543999999999301e+01,1.443655000000000077e-01,2.114063333333333430e+05
9.255000000000000000e+02,8.759101000000001136e+01,1.411431999999999964e-01,2.160514666666666453e+05
9.355000000000000000e+02,8.761384999999999934e+01,1.536047999999999858e-01,2.207470333333332965e+05
9.455000000000000000e+02,8.783413999999999078e+01,1.425356000000000123e-01,2.254930333333333547e+05
9.555000000000000000e+02,8.749386000000001218e+01,1.395339700000000072e-01,2.302897333333333081e+05
9.655000000000000000e+02,8.721271000000000129e+01,1.297620999999999913e-01,2.351368666666666395e+05
9.755000000000000000e+02,8.704514000000000351e+01,1.163449000000000011e-01,2.400346333333333605e+05
9.855000000000000000e+02,8.751085000000000491e+01,1.292037199999999664e-01,2.449828333333333139e+05
9.955000000000000000e+02,8.714957000000001131e+01,1.183763599999999999e-01,2.499814333333333489e+05
1.005500000000000000e+03,8.706100000000000705e+01,1.207240799999999836e-01,2.550308333333333430e+05
1.015500000000000000e+03,8.706155999999998585e+01,1.163543999999999967e-01,2.601304333333333489e+05
1.025500000000000000e+03,8.689728999999999814e+01,1.098792500000000116e-01,2.652802999999999884e+05
1.035500000000000000e+03,8.728185999999999467e+01,1.137717599999999996e-01,2.704807666666667210e+05
1.045500000000000000e+03,8.671687000000000012e+01,1.047199399999999975e-01,2.757317000000000698e+05
1.055500000000000000e+03,8.673956999999998629e+01,1.022034300000000118e-01,2.810333000000000466e+05
1.065500000000000000e+03,8.689428000000000907e+01,1.074097899999999911e-01,2.863851333333333023e+05
1.075500000000000000e+03,8.728255999999998949e+01,1.103148500000000060e-01,2.917871333333333023e+05
1.085500000000000000e+03,8.680885000000000673e+01,1.050050399999999939e-01,2.972394000000000233e+05
1.095500000000000000e+03,8.700298999999999694e+01,1.050694500000000087e-01,3.027423333333333721e+05
1.105500000000000000e+03,8.711643999999999721e+01,1.027901499999999968e-01,3.082959333333332906e+05
1.115500000000000000e+03,8.752815999999999974e+01,1.077866799999999958e-01,3.139003666666665813e+05
1.125500000000000000e+03,8.704542000000000712e+01,1.067814599999999947e-01,3.195552999999999884e+05
1.135500000000000000e+03,8.695086999999999477e+01,1.046895399999999976e-01,3.252612999999999884e+05
1.145500000000000000e+03,8.709999999999999432e+01,1.074323600000000045e-01,3.310179333333333489e+05
1.155500000000000000e+03,8.661886000000001218e+01,1.033933599999999897e-01,3.368253666666666395e+05
1.165500000000000000e+03,8.704870999999999981e+01,1.032817899999999983e-01,3.426835333333333256e+05
1.175500000000000000e+03,8.684243000000000734e+01,9.804003000000000023e-02,3.485922666666666628e+05
1.185500000000000000e+03,8.677026999999999646e+01,1.041774199999999928e-01,3.545514666666666744e+05
1.195500000000000000e+03,8.715487000000000251e+01,1.049020999999999981e-01,3.605615666666666511e+05
1.205500000000000000e+03,8.722230000000000416e+01,1.026040800000000142e-01,3.666222000000000698e+05
1.215500000000000000e+03,8.692656999999999812e+01,9.915840000000000765e-02,3.727335999999999767e+05
1.225500000000000000e+03,8.681343999999999994e+01,1.008538100000000021e-01,3.788958999999999651e+05
1.235500000000000000e+03,8.692101000000000965e+01,1.022914099999999993e-01,3.851088666666666977e+05
1.245500000000000000e+03,8.722384999999999877e+01,1.036940500000000098e-01,3.913727000000000116e+05
1.255500000000000000e+03,8.693613999999999464e+01,1.008732299999999943e-01,3.976871666666666279e+05
1.265500000000000000e+03,8.661384999999999934e+01,9.900337000000000720e-02,4.040521333333333023e+05
1.275500000000000000e+03,8.655314000000001329e+01,9.774385999999998798e-02,4.104682999999999884e+05
1.285500000000000000e+03,8.705872000000000810e+01,1.020859600000000034e-01,4.169354000000000233e+05
1.295500000000000000e+03,8.742270999999999503e+01,1.037011700000000092e-01,4.234532333333332790e+05
1.305500000000000000e+03,8.667670999999999992e+01,9.997941000000000467e-02,4.300219666666666744e+05
1.315500000000000000e+03,8.659955999999999676e+01,9.823631000000000724e-02,4.366412333333332790e+05
1.325500000000000000e+03,8.708441999999999439e+01,9.937089999999999812e-02,4.433115333333333256e+05
1.335500000000000000e+03,8.698314000000000590e+01,9.912861999999998674e-02,4.500326333333333023e+05
1.345500000000000000e+03,8.697355000000001723e+01,9.880200999999998179e-02,4.568045000000000000e+05
1.355500000000000000e+03,8.670900000000000318e+01,9.759421999999999542e-02,4.636270000000000000e+05
1.365500000000000000e+03,8.690570999999999913e+01,9.845001999999999920e-02,4.705000666666667094e+05
1.375500000000000000e+03,8.678842000000000212e+01,9.699304000000000259e-02,4.774239666666666744e+05
1.385500000000000000e+03,8.665157999999999561e+01,9.701936999999997979e-02,4.843989333333332906e+05
1.395500000000000000e+03,8.682802000000000930e+01,9.672896000000000272e-02,4.914247000000000116e+05
1.405500000000000000e+03,8.678785999999999490e+01,9.802610999999999963e-02,4.985013666666666977e+05
1.415500000000000000e+03,8.651899000000000228e+01,9.635272999999999755e-02,5.056291666666666279e+05
1.425500000000000000e+03,8.682470999999999606e+01,9.654642999999998865e-02,5.128076333333333023e+05
1.435500000000000000e+03,8.690756999999999266e+01,9.767803999999999376e-02,5.200370999999999767e+05
1.445500000000000000e+03,8.690957999999999117e+01,9.646880999999998818e-02,5.273178333333332557e+05
1.455500000000000000e+03,8.669642999999999233e+01,9.641847000000000611e-02,5.346499666666665580e+05
1.465500000000000000e+03,8.646000000000000796e+01,9.654308999999999807e-02,5.420334000000000233e+05
1.475500000000000000e+03,8.687872000000000128e+01,9.651928999999999370e-02,5.494679000000000233e+05
1.485500000000000000e+03,8.672656999999999528e+01,9.632407000000001163e-02,5.569532666666666046e+05
1.495500000000000000e+03,8.674211999999999989e+01,9.649490999999998930e-02,5.644895999999998603e+05
1.505500000000000000e+03,8.657201000000000590e+01,9.648772000000001292e-02,5.720764999999998836e+05
1.515500000000000000e+03,8.684271999999998570e+01,9.667987000000000108e-02,5.797146333333333023e+05
1.525500000000000000e+03,8.665514000000000294e+01,9.690719999999999890e-02,5.874036666666667443e+05
1.535500000000000000e+03,8.677043999999999357e+01,9.662708000000000408e-02,5.951438000000000466e+05
1.545500000000000000e+03,8.689301000000000386e+01,9.625310000000000810e-02,6.029349000000000233e+05
1.555500000000000000e+03,8.679399999999998272e+01,9.613285000000000580e-02,6.107771666666667443e+05
1.565500000000000000e+03,8.689372000000000185e+01,9.597376999999999991e-02,6.186706999999999534e+05
1.575500000000000000e+03,8.660072000000000969e+01,9.598036000000001455e-02,6.266150666666667676e+05
1.585500000000000000e+03,8.667184999999999206e+01,9.574789000000001604e-02,6.346105000000000000e+05
1.595500000000000000e+03,8.686914000000000158e+01,9.575003000000001374e-02,6.426566666666667443e+05
1.605500000000000000e+03,8.690984999999999161e+01,9.571110999999998814e-02,6.507541333333333023e+05
1.615500000000000000e+03,8.671115000000000350e+01,9.603949999999999987e-02,6.589021333333334187e+05
1.625500000000000000e+03,8.698771999999999593e+01,9.558189999999999742e-02,6.671006666666667443e+05
1.635500000000000000e+03,8.701630000000000109e+01,9.545994000000000701e-02,6.753499666666666744e+05
1.645500000000000000e+03,8.695185999999999638e+01,9.556990999999998015e-02,6.836497666666667210e+05
1.655500000000000000e+03,8.679484999999999673e+01,9.565213000000000187e-02,6.920001666666666279e+05
1.665500000000000000e+03,8.702185999999998955e+01,9.563894999999998647e-02,7.004011999999999534e+05
1.675500000000000000e+03,8.702899999999999636e+01,9.543598999999999832e-02,7.088531999999999534e+05
1.685500000000000000e+03,8.700214999999998611e+01,9.565553000000001638e-02,7.173562666666666046e+05
1.695500000000000000e+03,8.710628000000001236e+01,9.551489999999999980e-02,7.259103999999999069e+05
1.705500000000000000e+03,8.716842999999998653e+01,9.563072999999999713e-02,7.345156666666667443e+05
1.715500000000000000e+03,8.710427999999998860e+01,9.535112999999997840e-02,7.431717333333332790e+05
1.725500000000000000e+03,8.731985000000000241e+01,9.517615000000001491e-02,7.518788000000000466e+05
1.735500000000000000e+03,8.740343000000000018e+01,9.533453000000000066e-02,7.606365333333333256e+05
1.745500000000000000e+03,8.731958000000000197e+01,9.524314000000000391e-02,7.694453000000000466e+05
1.755500000000000000e+03,8.731471999999999412e+01,9.518339000000000660e-02,7.783049666666665580e+05
1.765500000000000000e+03,8.728913000000000011e+01,9.513867000000000851e-02,7.872157666666666046e+05
1.775500000000000000e+03,8.741085000000001060e+01,9.506897000000000264e-02,7.961778333333332557e+05
1.785500000000000000e+03,8.741085000000001060e+01,9.484527000000000929e-02,8.051908333333332557e+05
1.795500000000000000e+03,8.737814000000000192e+01,9.507205000000000517e-02,8.142548000000000466e+05
1.805500000000000000e+03,8.745157999999999276e+01,9.496854000000000406e-02,8.233695000000000000e+05
1.815500000000000000e+03,8.748287000000000546e+01,9.495423999999999531e-02,8.325348666666665813e+05
1.825500000000000000e+03,8.751127999999998508e+01,9.486773999999997820e-02,8.417511666666667443e+05
1.835500000000000000e+03,8.756770999999999106e+01,9.492118000000000777e-02,8.510182666666668374e+05
1.845500000000000000e+03,8.759071000000000140e+01,9.474190999999999863e-02,8.603366333333334187e+05
1.855500000000000000e+03,8.788942000000000121e+01,9.470167999999999642e-02,8.697060333333332092e+05
1.865500000000000000e+03,8.754600999999999544e+01,9.471548999999998553e-02,8.791264000000000233e+05
1.875500000000000000e+03,8.753242000000000189e+01,9.469407000000000518e-02,8.885977333333333954e+05
1.885500000000000000e+03,8.789943000000000950e+01,9.469329999999999414e-02,8.981201999999999534e+05
1.895500000000000000e+03,8.785799000000000092e+01,9.422519000000000033e-02,9.076933000000000466e+05
1.905500000000000000e+03,8.817658000000000129e+01,9.471337000000000506e-02,9.173170999999999767e+05
1.915500000000000000e+03,8.792883999999999389e+01,9.457037000000000082e-02,9.269918333333333721e+05
1.925500000000000000e+03,8.821128000000000213e+01,9.486958000000000890e-02,9.367174333333333489e+05
1.935500000000000000e+03,8.803200000000001069e+01,9.443736000000001185e-02,9.464938333333333721e+05
1.945500000000000000e+03,8.820313000000001580e+01,9.462433000000000649e-02,9.563208666666668141e+05
1.955500000000000000e+03,8.791857000000000255e+01,9.436598999999999682e-02,9.661984333333333489e+05
1.965500000000000000e+03,8.815272000000000219e+01,9.451768000000000669e-02,9.761265000000000000e+05
1.975500000000000000e+03,8.833527000000000839e+01,9.445711999999999164e-02,9.861053000000000466e+05
1.985500000000000000e+03,8.834729000000001520e+01,9.451902000000000914e-02,9.961350666666666511e+05
1.995500000000000000e+03,8.827715000000000600e+01,9.454752000000000989e-02,1.006214333333333256e+06
2.005500000000000000e+03,8.835399999999999920e+01,9.464329000000000491e-02,1.016344333333333372e+06
2.015500000000000000e+03,8.824401000000000295e+01,9.485902999999999696e-02,1.026526000000000233e+06
2.025500000000000000e+03,8.818713000000001045e+01,9.443528000000001033e-02,1.036757000000000000e+06
2.035500000000000000e+03,8.832070999999999117e+01,9.468253999999999559e-02,1.047040333333333372e+06
2.045500000000000000e+03,8.824098999999999648e+01,9.429254000000000802e-02,1.057372000000000000e+06
2.055500000000000000e+03,8.833384999999999820e+01,9.445714000000000887e-02,1.067757333333333489e+06
2.065500000000000000e+03,8.830100000000000193e+01,9.439759999999999818e-02,1.078190666666666744e+06
2.075500000000000000e+03,8.824087000000000103e+01,9.419203000000000991e-02,1.088675666666666744e+06
2.085500000000000000e+03,8.834371000000000151e+01,9.440867000000000009e-02,1.099211333333333489e+06
2.095500000000000000e+03,8.827344000000000790e+01,9.425197999999998522e-02,1.109798333333333489e+06
2.105500000000000000e+03,8.822986000000000217e+01,9.438984000000000263e-02,1.120435000000000000e+06
2.115500000000000000e+03,8.826915999999998519e+01,9.432705999999999036e-02,1.131124000000000233e+06
2.125500000000000000e+03,8.832143000000000654e+01,9.426990999999999843e-02,1.141861666666666744e+06
2.135500000000000000e+03,8.822055999999999187e+01,9.438214999999999799e-02,1.152651333333333489e+06
2.145500000000000000e+03,8.828741999999999734e+01,9.432920000000000194e-02,1.163491333333333256e+06
2.155500000000000000e+03,8.827485999999998967e+01,9.428463000000000815e-02,1.174382666666666744e+06
2.165500000000000000e+03,8.837071000000000254e+01,9.430004000000000164e-02,1.185324333333333489e+06
2.175500000000000000e+03,8.830485999999999081e+01,9.434178999999999482e-02,1.196317000000000233e+06
2.185500000000000000e+03,8.835702000000000567e+01,9.418825999999999588e-02,1.207360000000000000e+06
2.195500000000000000e+03,8.835885000000000389e+01,9.424996000000000762e-02,1.218453999999999767e+06
2.205500000000000000e+03,8.826499000000001161e+01,9.424749000000000321e-02,1.229598666666666511e+06
2.215500000000000000e+03,8.843068999999999846e+01,9.408679000000000348e-02,1.240794666666666744e+06
2.225500000000000000e+03,8.840715000000000146e+01,9.437336000000000336e-02,1.252041000000000000e+06
2.235500000000000000e+03,8.836386000000001673e+01,9.419734000000001828e-02,1.263339333333333489e+06
2.245500000000000000e+03,8.844372999999998797e+01,9.439887000000000972e-02,1.274687666666666511e+06
2.255500000000000000e+03,8.820498999999999512e+01,9.411482000000001569e-02,1.286087333333333256e+06
2.265500000000000000e+03,8.848371000000000208e+01,9.417487999999998860e-02,1.297539000000000000e+06
2.275500000000000000e+03,8.845285999999998694e+01,9.422121999999999442e-02,1.309040333333333489e+06
2.285500000000000000e+03,8.829129000000000360e+01,9.425536999999999110e-02,1.320593333333333489e+06
2.295500000000000000e+03,8.840142000000000166e+01,9.438438000000000383e-02,1.332195666666666744e+06
2.305500000000000000e+03,8.838200000000000500e+01,9.406022999999999468e-02,1.343850666666666744e+06
2.315500000000000000e+03,8.840000999999999465e+01,9.425168999999999908e-02,1.355555333333333256e+06
2.325500000000000000e+03,8.856371999999998934e+01,9.411411999999999556e-02,1.367312999999999767e+06
2.335500000000000000e+03,8.838854999999999507e+01,9.404843999999999704e-02,1.379120000000000233e+06
2.345500000000000000e+03,8.847841999999999985e+01,9.419171000000001182e-02,1.390977333333333256e+06
2.355500000000000000e+03,8.838956999999999198e+01,9.409699000000000535e-02,1.402887000000000000e+06
2.365500000000000000e+03,8.835558000000000334e+01,9.403319000000000261e-02,1.414848000000000233e+06
2.375500000000000000e+03,8.845698999999999046e+01,9.396459999999999535e-02,1.426857999999999767e+06
2.385500000000000000e+03,8.842884999999999707e+01,9.404531000000000696e-02,1.438921000000000233e+06
2.395500000000000000e+03,8.838955999999998880e+01,9.401200999999999308e-02,1.451034000000000000e+06
2.405500000000000000e+03,8.836929000000000656e+01,9.410788999999999960e-02,1.463198333333333256e+06
2.415500000000000000e+03,8.830771000000000015e+01,9.410626999999997799e-02,1.475412666666666744e+06
2.425500000000000000e+03,8.830799000000000376e+01,9.393213999999998343e-02,1.487677666666666744e+06
2.435500000000000000e+03,8.845729000000001463e+01,9.385446000000000066e-02,1.499994000000000233e+06
2.445500000000000000e+03,8.832728000000000179e+01,9.413338000000001649e-02,1.512359666666666511e+06
2.455500000000000000e+03,8.841312999999999533e+01,9.399821999999999345e-02,1.524777333333333489e+06
2.465500000000000000e+03,8.838242999999999938e+01,9.380754999999998955e-02,1.537245000000000000e+06
2.475500000000000000e+03,8.841898000000000479e+01,9.390108999999999262e-02,1.549763666666666511e+06
2.485500000000000000e+03,8.849486000000000274e+01,9.387231000000000047e-02,1.562332333333333256e+06
2.495500000000000000e+03,8.847542999999998869e+01,9.388541999999999721e-02,1.574952666666666511e+06
2.505500000000000000e+03,8.844456999999999880e+01,9.388799000000000450e-02,1.587623666666666511e+06
2.515500000000000000e+03,8.845914000000000499e+01,9.401305999999999552e-02,1.600346333333333489e+06
2.525500000000000000e+03,8.853243000000000507e+01,9.382632999999999945e-02,1.613118666666666744e+06
2.535500000000000000e+03,8.847914000000000101e+01,9.383305999999999591e-02,1.625943333333333489e+06
2.545500000000000000e+03,8.845000000000000284e+01,9.400877999999998624e-02,1.638818333333333256e+06
2.555500000000000000e+03,8.844730000000001269e+01,9.382212000000000884e-02,1.651745000000000000e+06
2.565500000000000000e+03,8.844029000000000451e+01,9.395536000000000165e-02,1.664722333333333256e+06
2.575500000000000000e+03,8.849356000000000222e+01,9.392701000000000522e-02,1.677751000000000000e+06
2.585500000000000000e+03,8.849643000000000370e+01,9.383809000000001288e-02,1.690829000000000000e+06
2.595500000000000000e+03,8.842857000000000767e+01,9.375503999999998395e-02,1.703959333333333256e+06
2.605500000000000000e+03,8.851743000000000450e+01,9.383814000000001432e-02,1.717140333333333489e+06
2.615500000000000000e+03,8.849313999999999680e+01,9.370667999999998665e-02,1.730370666666666744e+06
2.625500000000000000e+03,8.841630000000000678e+01,9.386520000000000974e-02,1.743654333333333489e+06
2.635500000000000000e+03,8.848856999999999573e+01,9.405416000000001164e-02,1.756987000000000000e+06
2.645500000000000000e+03,8.844798000000000116e+01,9.365354000000000734e-02,1.770371333333333489e+06
2.655500000000000000e+03,8.847169999999999845e+01,9.382440000000000224e-02,1.783808000000000000e+06
2.665500000000000000e+03,8.842798999999999410e+01,9.373099000000000014e-02,1.797294000000000000e+06
2.675500000000000000e+03,8.839000999999998953e+01,9.374712999999998408e-02,1.810830666666666744e+06
2.685500000000000000e+03,8.843357999999999208e+01,9.378052000000000610e-02,1.824418000000000000e+06
2.695500000000000000e+03,8.844257000000000346e+01,9.377650000000001262e-02,1.838057000000000000e+06
2.705500000000000000e+03,8.851344000000000278e+01,9.380478999999999901e-02,1.851745666666666744e+06
2.715500000000000000e+03,8.840599999999999170e+01,9.410364000000001616e-02,1.865485666666666511e+06
2.725500000000000000e+03,8.849469999999999459e+01,9.390596999999999139e-02,1.879275666666666744e+06
2.735500000000000000e+03,8.848028999999999655e+01,9.388967000000000840e-02,1.893117000000000000e+06
2.745500000000000000e+03,8.853857000000000710e+01,9.382313999999999932e-02,1.907008333333333256e+06
2.755500000000000000e+03,8.846459000000000117e+01,9.379593999999999432e-02,1.920952333333333256e+06
2.765500000000000000e+03,8.851115000000001487e+01,9.387227000000000765e-02,1.934946333333333256e+06
2.775500000000000000e+03,8.844813000000000613e+01,9.393461999999999645e-02,1.948991333333333489e+06
2.785500000000000000e+03,8.859129000000000076e+01,9.377465999999999580e-02,1.963087333333333256e+06
2.795500000000000000e+03,8.850570999999999344e+01,9.375386999999998916e-02,1.977234333333333256e+06
2.805500000000000000e+03,8.841558000000000561e+01,9.392614000000000518e-02,1.991431000000000000e+06
2.815500000000000000e+03,8.840757000000000687e+01,9.391775999999998903e-02,2.005680666666666744e+06
2.825500000000000000e+03,8.848769999999998959e+01,9.378139000000000614e-02,2.019979666666666744e+06
2.835500000000000000e+03,8.851572000000000173e+01,9.378316999999999903e-02,2.034331000000000000e+06
2.845500000000000000e+03,8.840214000000000283e+01,9.376439999999999775e-02,2.048731000000000000e+06
2.855500000000000000e+03,8.856113999999999464e+01,9.386988000000000276e-02,2.063182999999999534e+06
2.865500000000000000e+03,8.856728000000001089e+01,9.372947999999999003e-02,2.077687000000000000e+06
2.875500000000000000e+03,8.858857999999999322e+01,9.373544999999999794e-02,2.092240666666666511e+06
2.885500000000000000e+03,8.846342999999998824e+01,9.391006999999999827e-02,2.106845333333333489e+06
2.895500000000000000e+03,8.858043000000000688e+01,9.384112000000000009e-02,2.121502666666666977e+06
2.905500000000000000e+03,8.850228000000001316e+01,9.393753000000000519e-02,2.136210000000000000e+06
2.915500000000000000e+03,8.853056000000000836e+01,9.367295999999999956e-02,2.150966666666666977e+06
2.925500000000000000e+03,8.851914000000002147e+01,9.369830000000001213e-02,2.165774666666666511e+06
2.935500000000000000e+03,8.858757999999997423e+01,9.379242000000001522e-02,2.180632666666666511e+06
2.945500000000000000e+03,8.855184999999998752e+01,9.382373000000000796e-02,2.195542333333333023e+06
2.955500000000000000e+03,8.855214000000000851e+01,9.365182000000001061e-02,2.210502333333333023e+06
2.965500000000000000e+03,8.857500000000001705e+01,9.375319000000001401e-02,2.225512333333333489e+06
2.975500000000000000e+03,8.854672000000000764e+01,9.381137999999999977e-02,2.240574000000000000e+06
2.985500000000000000e+03,8.848771999999999593e+01,9.378907000000000216e-02,2.255685000000000000e+06
2.995500000000000000e+03,8.855743999999998550e+01,9.371008999999999589e-02,2.270847333333333489e+06
3.005500000000000000e+03,8.856129000000001383e+01,9.365790999999999700e-02,2.286061333333333023e+06
3.015500000000000000e+03,8.860470999999999719e+01,9.366374000000000921e-02,2.301327333333333023e+06
3.025500000000000000e+03,8.854058000000000561e+01,9.372676000000000618e-02,2.316640666666666977e+06
3.035500000000000000e+03,8.860242999999999824e+01,9.356074999999999808e-02,2.332007000000000000e+06
3.045500000000000000e+03,8.861857000000000539e+01,9.366775000000000795e-02,2.347425333333333489e+06
3.055500000000000000e+03,8.863798999999998784e+01,9.361389999999999989e-02,2.362892000000000466e+06
3.065500000000000000e+03,8.862728000000001316e+01,9.357796000000000169e-02,2.378410333333333489e+06
3.075500000000000000e+03,8.869271000000000527e+01,9.372290999999999261e-02,2.393981666666666977e+06
3.085500000000000000e+03,8.864613999999998839e+01,9.359928000000000692e-02,2.409601666666666977e+06
3.095500000000000000e+03,8.864414000000000726e+01,9.364907999999999566e-02,2.425274000000000000e+06
3.105500000000000000e+03,8.857455999999999108e+01,9.363702000000000136e-02,2.440997000000000466e+06
3.115500000000000000e+03,8.868986999999998488e+01,9.347765999999999020e-02,2.456769999999999534e+06
3.125500000000000000e+03,8.867443000000000097e+01,9.360624000000002110e-02,2.472594666666666977e+06
3.135500000000000000e+03,8.864800999999999931e+01,9.359694000000000347e-02,2.488470666666666977e+06
3.145500000000000000e+03,8.859815999999999292e+01,9.345786000000000371e-02,2.504396333333333489e+06
3.155500000000000000e+03,8.865470999999999435e+01,9.351174999999999071e-02,2.520373666666666977e+06
3.165500000000000000e+03,8.859701999999998634e+01,9.353711999999998750e-02,2.536401999999999534e+06
3.175500000000000000e+03,8.857129000000000474e+01,9.347160000000000191e-02,2.552480666666666977e+06
3.185500000000000000e+03,8.854013999999999385e+01,9.344707999999998793e-02,2.568611000000000000e+06
3.195500000000000000e+03,8.865386000000000877e+01,9.344869999999999566e-02,2.584790333333333489e+06
3.205500000000000000e+03,8.863271000000000299e+01,9.350166000000000033e-02,2.601022666666666511e+06
3.215500000000000000e+03,8.863015000000000043e+01,9.332974000000000825e-02,2.617304666666666511e+06
3.225500000000000000e+03,8.864029000000000735e+01,9.343795000000000572e-02,2.633638000000000000e+06
3.235500000000000000e+03,8.867326999999998804e+01,9.344511999999999263e-02,2.650022000000000466e+06
3.245500000000000000e+03,8.864856999999999232e+01,9.338794999999998347e-02,2.666457000000000000e+06
3.255500000000000000e+03,8.868128000000000100e+01,9.344953999999999761e-02,2.682943666666666977e+06
3.265500000000000000e+03,8.869228999999998564e+01,9.333297000000000121e-02,2.699479333333333489e+06
3.275500000000000000e+03,8.873056999999998595e+01,9.340439000000000380e-02,2.716069333333333023e+06
3.285500000000000000e+03,8.865285999999998978e+01,9.337046000000000234e-02,2.732706666666666511e+06
3.295500000000000000e+03,8.864100999999999431e+01,9.320224000000001952e-02,2.749395666666666511e+06
3.305500000000000000e+03,8.866785999999999035e+01,9.325155000000000249e-02,2.766137333333333489e+06
3.315500000000000000e+03,8.863572999999999524e+01,9.318954999999999600e-02,2.782928333333333023e+06
3.325500000000000000e+03,8.874272000000000560e+01,9.319879000000000357e-02,2.799771333333333489e+06
3.335500000000000000e+03,8.864799999999999613e+01,9.315059000000000533e-02,2.816666000000000000e+06
3.345500000000000000e+03,8.864699999999999136e+01,9.325926999999999134e-02,2.833608000000000000e+06
3.355500000000000000e+03,8.871728999999999132e+01,9.305102999999999291e-02,2.850603000000000000e+06
3.365500000000000000e+03,8.866142999999999574e+01,9.317920000000000369e-02,2.867649000000000000e+06
3.375500000000000000e+03,8.875442999999999927e+01,9.335066999999999671e-02,2.884745333333333023e+06
3.385500000000000000e+03,8.875973000000000468e+01,9.329523999999998762e-02,2.901893999999999534e+06
3.395500000000000000e+03,8.869956999999998004e+01,9.311015000000000263e-02,2.919090666666666977e+06
3.405500000000000000e+03,8.872642999999999347e+01,9.327309000000001682e-02,2.936338333333333023e+06
3.415500000000000000e+03,8.875556999999999164e+01,9.332204999999998973e-02,2.953638000000000000e+06
3.425500000000000000e+03,8.872541999999999973e+01,9.318819000000000408e-02,2.970987000000000466e+06
3.435500000000000000e+03,8.870326999999998918e+01,9.309338999999999809e-02,2.988388666666666977e+06
3.445500000000000000e+03,8.871385999999999683e+01,9.324121999999998578e-02,3.005839666666666977e+06
3.455500000000000000e+03,8.867285000000001105e+01,9.318627999999999634e-02,3.023340333333333023e+06
3.465500000000000000e+03,8.869227999999999668e+01,9.312668999999999808e-02,3.040892666666666511e+06
3.475500000000000000e+03,8.873029999999999973e+01,9.320653999999999051e-02,3.058496000000000000e+06
3.485500000000000000e+03,8.864901000000000408e+01,9.310601999999998379e-02,3.076149666666666977e+06
3.495500000000000000e+03,8.874683999999999173e+01,9.320011999999999741e-02,3.093854666666666511e+06
3.505500000000000000e+03,8.862858000000001368e+01,9.308858000000000410e-02,3.111610000000000000e+06
3.515500000000000000e+03,8.874442000000000519e+01,9.304805000000000714e-02,3.129417666666666977e+06
3.525500000000000000e+03,8.879842999999999620e+01,9.315964000000000189e-02,3.147275000000000466e+06
3.535500000000000000e+03,8.878570999999999458e+01,9.303532000000000468e-02,3.165183999999999534e+06
3.545500000000000000e+03,8.871770000000000778e+01,9.306508999999998921e-02,3.183142666666666511e+06
3.555500000000000000e+03,8.870043999999998618e+01,9.303166999999999687e-02,3.201154333333333023e+06
3.565500000000000000e+03,8.877187000000000694e+01,9.301707000000000725e-02,3.219215666666666977e+06
3.575500000000000000e+03,8.874072000000001026e+01,9.303922000000000581e-02,3.237326666666666977e+06
3.585500000000000000e+03,8.874985000000000923e+01,9.304743999999999515e-02,3.255489333333333489e+06
3.595500000000000000e+03,8.880899999999999750e+01,9.297300999999999482e-02,3.273702333333333023e+06
3.605500000000000000e+03,8.878456999999998800e+01,9.298649000000000497e-02,3.291966000000000000e+06
3.615500000000000000e+03,8.878186000000000888e+01,9.296171000000000295e-02,3.310280666666666977e+06
3.625500000000000000e+03,8.876471000000000799e+01,9.302112999999999354e-02,3.328645333333333023e+06
3.635500000000000000e+03,8.878727999999999554e+01,9.299970000000000458e-02,3.347060666666666511e+06
3.645500000000000000e+03,8.875073000000000434e+01,9.292616000000000764e-02,3.365527333333333023e+06
3.655500000000000000e+03,8.873100000000000875e+01,9.302649999999999808e-02,3.384044666666666511e+06
3.665500000000000000e+03,8.875469999999999970e+01,9.300492999999999955e-02,3.402613333333333023e+06
3.675500000000000000e+03,8.872143000000001223e+01,9.297447000000000350e-02,3.421232333333333489e+06
3.685500000000000000e+03,8.866213999999999373e+01,9.299779999999999158e-02,3.439903333333333023e+06
3.695500000000000000e+03,8.870127999999999702e+01,9.310696999999999723e-02,3.458623000000000000e+06
3.705500000000000000e+03,8.873615000000002340e+01,9.307776000000000938e-02,3.477395333333333489e+06
3.715500000000000000e+03,8.876158000000000925e+01,9.293208999999999498e-02,3.496217000000000000e+06
3.725500000000000000e+03,8.886530000000000484e+01,9.286471999999999782e-02,3.515090333333333489e+06
3.735500000000000000e+03,8.877471999999998786e+01,9.300797999999999011e-02,3.534013333333333023e+06
3.745500000000000000e+03,8.872256999999999039e+01,9.298280000000000434e-02,3.552988000000000000e+06
3.755500000000000000e+03,8.872772000000000503e+01,9.300300999999999707e-02,3.572011666666666511e+06
3.765500000000000000e+03,8.883601000000000170e+01,9.283740999999998134e-02,3.591088000000000000e+06
3.775500000000000000e+03,8.883069999999999311e+01,9.295225000000000015e-02,3.610214333333333489e+06
3.785500000000000000e+03,8.884799999999998477e+01,9.285933999999998467e-02,3.629392000000000000e+06
3.795500000000000000e+03,8.881557999999999709e+01,9.290336999999999901e-02,3.648620000000000000e+06
3.805500000000000000e+03,8.878213999999999828e+01,9.294607999999998649e-02,3.667898666666666977e+06
3.815500000000000000e+03,8.885044000000000608e+01,9.287560999999998346e-02,3.687228333333333023e+06
3.825500000000000000e+03,8.879685999999999524e+01,9.286922999999999706e-02,3.706608333333333023e+06
3.835500000000000000e+03,8.883044000000002427e+01,9.287607000000000501e-02,3.726040333333333489e+06
3.845500000000000000e+03,8.877428000000000452e+01,9.291684999999999528e-02,3.745522666666666511e+06
3.855500000000000000e+03,8.883642000000000394e+01,9.290158000000001137e-02,3.765056666666666511e+06
3.865500000000000000e+03,8.877144999999998731e+01,9.286115999999999815e-02,3.784638666666666511e+06
3.875500000000000000e+03,8.885571000000000197e+01,9.288894999999999791e-02,3.804274000000000000e+06
3.885500000000000000e+03,8.887615000000000975e+01,9.280148000000000563e-02,3.823959666666666511e+06
3.895500000000000000e+03,8.879228000000000520e+01,9.281314999999999704e-02,3.843695666666666511e+06
3.905500000000000000e+03,8.886857999999998015e+01,9.283428000000000513e-02,3.863483333333333489e+06
3.915500000000000000e+03,8.888313000000000841e+01,9.277279000000000775e-02,3.883320333333333489e+06
3.925500000000000000e+03,8.893198999999999899e+01,9.283117999999998537e-02,3.903210333333333489e+06
3.935500000000000000e+03,8.888012000000000512e+01,9.284045999999999965e-02,3.923151333333333489e+06
3.945500000000000000e+03,8.885958000000000823e+01,9.283682000000000045e-02,3.943139666666666511e+06
3.955500000000000000e+03,8.887072000000001992e+01,9.294349999999999834e-02,3.963183000000000000e+06
3.965500000000000000e+03,8.887628999999999735e+01,9.298647000000000162e-02,3.983273666666666511e+06
3.975500000000000000e+03,8.885187000000000523e+01,9.280499000000000387e-02,4.003418666666666511e+06
3.985500000000000000e+03,8.884112999999999261e+01,9.288928999999998548e-02,4.023610333333333489e+06
3.995500000000000000e+03,8.888400000000001455e+01,9.285538999999999599e-02,4.043855666666666511e+06
4.005500000000000000e+03,8.883286999999999978e+01,9.289590000000000347e-02,4.064152000000000000e+06
4.015500000000000000e+03,8.884385000000000332e+01,9.288974000000001230e-02,4.084497666666666511e+06
4.025500000000000000e+03,8.887030000000001451e+01,9.291064000000000267e-02,4.104895000000000000e+06
4.035500000000000000e+03,8.886972000000000094e+01,9.279920999999999309e-02,4.125343333333333489e+06
4.045500000000000000e+03,8.891227999999998133e+01,9.280154999999998267e-02,4.145843666666666977e+06
4.055500000000000000e+03,8.883026999999999873e+01,9.280581999999999721e-02,4.166392999999999069e+06
4.065500000000000000e+03,8.889213999999999771e+01,9.279477999999999338e-02,4.186994000000000000e+06
4.075500000000000000e+03,8.888015000000000043e+01,9.284592999999999319e-02,4.207646000000000000e+06
4.085500000000000000e+03,8.888128000000000384e+01,9.282605000000000717e-02,4.228348666666666046e+06
4.095500000000000000e+03,8.884972000000000492e+01,9.280738999999998962e-02,4.249103666666666046e+06
4.105500000000000000e+03,8.889715999999999951e+01,9.282664000000000193e-02,4.269907333333333023e+06
4.115500000000000000e+03,8.889814999999998690e+01,9.285973000000000144e-02,4.290763666666666977e+06
4.125500000000000000e+03,8.890542999999999552e+01,9.285197000000000589e-02,4.311669333333333954e+06
4.135500000000000000e+03,8.890387000000001194e+01,9.291963000000000306e-02,4.332626666666666977e+06
4.145500000000000000e+03,8.888072999999999979e+01,9.283879999999999910e-02,4.353634666666666046e+06
4.155500000000000000e+03,8.887185999999999808e+01,9.290452000000000432e-02,4.374694333333333954e+06
4.165500000000000000e+03,8.888541999999999632e+01,9.281808000000001113e-02,4.395803000000000000e+06
4.175500000000000000e+03,8.886755999999999744e+01,9.283603999999999468e-02,4.416963666666666046e+06
4.185500000000000000e+03,8.889556000000001745e+01,9.278659000000000212e-02,4.438175333333333954e+06
4.195500000000000000e+03,8.888770999999999844e+01,9.283357999999999888e-02,4.459436000000000000e+06
4.205500000000000000e+03,8.883156999999999925e+01,9.280429999999999235e-02,4.480749666666666046e+06
4.215500000000000000e+03,8.885642999999998892e+01,9.285221999999999920e-02,4.502111333333333954e+06
4.225500000000000000e+03,8.892015999999999565e+01,9.278534999999998867e-02,4.523525333333333954e+06
4.235500000000000000e+03,8.888985999999999876e+01,9.275917000000000190e-02,4.544988333333333023e+06
4.245500000000000000e+03,8.886413000000000295e+01,9.282328000000002188e-02,4.566503000000000931e+06
4.255500000000000000e+03,8.887557999999998515e+01,9.273154000000000119e-02,4.588067333333333023e+06
4.265500000000000000e+03,8.889615000000000578e+01,9.284693999999998892e-02,4.609685333333333023e+06
4.275500000000000000e+03,8.888502000000001146e+01,9.281530000000000336e-02,4.631351666666666046e+06
4.285500000000000000e+03,8.889127999999999474e+01,9.274686999999999515e-02,4.653068666666666046e+06
4.295500000000000000e+03,8.890587000000000728e+01,9.283744999999998804e-02,4.674837999999999069e+06
4.305500000000000000e+03,8.886470999999998810e+01,9.287786000000000652e-02,4.696657333333333954e+06
4.315500000000000000e+03,8.888272000000002038e+01,9.273850999999999623e-02,4.718526666666666977e+06
4.325500000000000000e+03,8.888571999999999207e+01,9.272238000000000702e-02,4.740447666666666046e+06
4.335500000000000000e+03,8.890128999999998882e+01,9.274391999999999359e-02,4.762417000000000000e+06
4.345500000000000000e+03,8.885702000000000567e+01,9.279886999999999164e-02,4.784440000000000000e+06
4.355500000000000000e+03,8.890342999999998597e+01,9.270297999999999039e-02,4.806512333333333954e+06
4.365500000000000000e+03,8.888598999999999251e+01,9.288356000000000390e-02,4.828636333333333954e+06
4.375500000000000000e+03,8.887241999999999109e+01,9.277827000000000990e-02,4.850811666666666977e+06
4.385500000000000000e+03,8.887027999999999395e+01,9.282498000000000138e-02,4.873037333333333954e+06
4.395500000000000000e+03,8.885170999999998287e+01,9.284773999999999805e-02,4.895315333333333954e+06
4.405500000000000000e+03,8.889155999999999835e+01,9.270081000000000848e-02,4.917642000000000000e+06
4.415500000000000000e+03,8.886585999999999785e+01,9.287252999999999481e-02,4.940020999999999069e+06
4.425500000000000000e+03,8.885515000000000896e+01,9.284036000000001065e-02,4.962452666666666977e+06
4.435500000000000000e+03,8.890270999999999901e+01,9.272246999999998740e-02,4.984933000000000000e+06
4.445500000000000000e+03,8.886141000000000645e+01,9.279643999999999393e-02,5.007465333333333954e+06
4.455500000000000000e+03,8.891013999999999839e+01,9.287654000000000742e-02,5.030048000000000000e+06
4.465500000000000000e+03,8.888544000000000267e+01,9.285342000000000595e-02,5.052680333333333954e+06
4.475500000000000000e+03,8.884472000000000946e+01,9.289327999999999474e-02,5.075364666666666977e+06
4.485500000000000000e+03,8.889257000000000630e+01,9.284488999999999936e-02,5.098099000000000000e+06
4.495500000000000000e+03,8.890572000000000230e+01,9.272821000000000535e-02,5.120883666666666046e+06
4.505500000000000000e+03,8.885028000000002635e+01,9.290898999999999686e-02,5.143721333333333954e+06
4.515500000000000000e+03,8.884757999999999356e+01,9.286919000000001811e-02,5.166606666666666046e+06
4.525500000000000000e+03,8.890671000000000390e+01,9.286076999999999526e-02,5.189545000000000931e+06
4.535500000000000000e+03,8.888985999999999876e+01,9.291296999999999751e-02,5.212533333333333954e+06
4.545500000000000000e+03,8.889513000000000886e+01,9.278898000000000701e-02,5.235574333333333023e+06
4.555500000000000000e+03,8.888600999999999885e+01,9.287629999999999497e-02,5.258663000000000931e+06
4.565500000000000000e+03,8.889656999999999698e+01,9.291676000000000102e-02,5.281805666666666977e+06
4.575500000000000000e+03,8.892956999999999823e+01,9.280963999999999881e-02,5.304996666666666977e+06
4.585500000000000000e+03,8.892741999999998370e+01,9.278336000000000916e-02,5.328241333333333954e+06
4.595500000000000000e+03,8.891700000000000159e+01,9.283349000000000462e-02,5.351535000000000000e+06
4.605500000000000000e+03,8.891127000000000180e+01,9.290785000000000016e-02,5.374878999999999069e+06
4.615500000000000000e+03,8.888213999999999260e+01,9.286806999999999701e-02,5.398274000000000000e+06
4.625500000000000000e+03,8.891499000000000308e+01,9.286932000000000520e-02,5.421719666666666977e+06
4.635500000000000000e+03,8.891341999999998791e+01,9.287206000000000627e-02,5.445216333333333954e+06
4.645500000000000000e+03,8.893770999999999560e+01,9.289351999999999332e-02,5.468762666666666977e+06
4.655500000000000000e+03,8.892341999999999302e+01,9.278617000000001502e-02,5.492361666666666046e+06
4.665500000000000000e+03,8.893428000000000111e+01,9.284560000000000035e-02,5.516009000000000000e+06
4.675500000000000000e+03,8.895344000000000051e+01,9.280709000000000874e-02,5.539710000000000931e+06
4.685500000000000000e+03,8.891085999999999956e+01,9.284777999999999087e-02,5.563459333333333954e+06
4.695500000000000000e+03,8.891156999999999755e+01,9.271097999999999839e-02,5.587260333333333954e+06
4.705500000000000000e+03,8.893487000000000364e+01,9.284754000000000618e-02,5.611112000000000000e+06
4.715500000000000000e+03,8.893643000000000143e+01,9.279868999999998924e-02,5.635012666666666046e+06
4.725500000000000000e+03,8.893099999999999739e+01,9.285983000000000431e-02,5.658965333333333023e+06
4.735500000000000000e+03,8.889886000000001332e+01,9.291294999999998028e-02,5.682969333333333954e+06
4.745500000000000000e+03,8.890529000000000792e+01,9.281309000000001475e-02,5.707021666666666046e+06
4.755500000000000000e+03,8.896828999999999610e+01,9.271734000000000919e-02,5.731126000000000000e+06
4.765500000000000000e+03,8.894501999999999953e+01,9.274418000000000939e-02,5.755281333333333023e+06
4.775500000000000000e+03,8.892700000000000671e+01,9.279755000000000642e-02,5.779486333333333954e+06
4.785500000000000000e+03,8.890898999999998864e+01,9.270305999999998992e-02,5.803743000000000000e+06
4.795500000000000000e+03,8.890685999999999467e+01,9.283790000000000098e-02,5.828050666666666046e+06
4.805500000000000000e+03,8.889556999999999221e+01,9.280816999999999539e-02,5.852408333333333954e+06
4.815500000000000000e+03,8.891957999999999629e+01,9.285774000000000805e-02,5.876817666666666046e+06
4.825500000000000000e+03,8.891455000000000553e+01,9.281749999999999723e-02,5.901276999999999069e+06
4.835500000000000000e+03,8.894601000000000113e+01,9.279734000000000593e-02,5.925787333333333954e+06
4.845500000000000000e+03,8.891370999999999469e+01,9.277623999999999593e-02,5.950347333333333954e+06
4.855500000000000000e+03,8.893841999999999359e+01,9.270396999999999665e-02,5.974959999999999069e+06
4.865500000000000000e+03,8.890200999999998999e+01,9.273765000000001868e-02,5.999622000000000931e+06
4.875500000000000000e+03,8.893315000000001191e+01,9.286099999999999910e-02,6.024335333333333023e+06
4.885500000000000000e+03,8.890343000000000018e+01,9.275418999999998637e-02,6.049099333333333023e+06
4.895500000000000000e+03,8.892497000000000185e+01,9.278532999999999920e-02,6.073913666666666977e+06
4.905500000000000000e+03,8.894986000000000104e+01,9.277880000000000849e-02,6.098779333333333954e+06
4.915500000000000000e+03,8.890300999999999476e+01,9.284889999999999810e-02,6.123695333333333954e+06
4.925500000000000000e+03,8.890299999999999159e+01,9.280254000000000281e-02,6.148662333333333954e+06
4.935500000000000000e+03,8.894243000000000166e+01,9.269418999999999575e-02,6.173680000000000000e+06
4.945500000000000000e+03,8.894214999999999804e+01,9.272028000000000214e-02,6.198748333333333023e+06
4.955500000000000000e+03,8.893685999999999581e+01,9.273360999999999410e-02,6.223867666666666046e+06
4.965500000000000000e+03,8.891270000000000095e+01,9.272376000000000229e-02,6.249038333333333954e+06
4.975500000000000000e+03,8.892357999999998697e+01,9.276104999999999767e-02,6.274260000000000000e+06
4.985500000000000000e+03,8.892973999999999535e+01,9.272544000000002007e-02,6.299530666666666046e+06
4.995500000000000000e+03,8.892370999999999981e+01,9.274533000000000083e-02,6.324853000000000000e+06
