5.500000000000000000e+00,4.153774999999999551e+01,6.432330100000000073e+01,7.987080500000000249e+00
1.550000000000000000e+01,4.710955999999999477e+01,6.428824000000000538e+00,4.718713999999999231e+01
2.550000000000000000e+01,6.328085999999999700e+01,4.552415000000000767e+00,1.195585133333333516e+02
3.550000000000000000e+01,6.466713999999998919e+01,2.172905300000000040e+00,2.241433333333333451e+02
4.550000000000000000e+01,6.972169999999999845e+01,1.865254999999999885e+00,3.623410666666666771e+02
5.550000000000000000e+01,7.220801000000000158e+01,1.598908999999999914e+00,5.350890999999999167e+02
6.550000000000000000e+01,7.414755999999999858e+01,1.419635700000000167e+00,7.420280000000000200e+02
7.550000000000000000e+01,7.475598999999999705e+01,1.145072800000000113e+00,9.830099666666667417e+02
8.550000000000000000e+01,7.613914000000001181e+01,1.002886500000000014e+00,1.258264333333333525e+03
9.550000000000000000e+01,7.985272999999999399e+01,1.119190499999999977e+00,1.567993666666666513e+03
1.055000000000000000e+02,7.960600999999999772e+01,9.826559000000001376e-01,1.911854666666666844e+03
1.155000000000000000e+02,8.183015000000000327e+01,9.089071000000000788e-01,2.289835333333333438e+03
1.255000000000000000e+02,8.212215000000000487e+01,9.460289999999998978e-01,2.701889000000000124e+03
1.355000000000000000e+02,8.243399000000000854e+01,7.709249000000000240e-01,3.147971999999999298e+03
1.455000000000000000e+02,8.287112999999999374e+01,8.067075999999999691e-01,3.628207333333333281e+03
1.555000000000000000e+02,8.370044000000001461e+01,6.996531000000000278e-01,4.142824666666666417e+03
1.655000000000000000e+02,8.424569999999999936e+01,8.844574999999998965e-01,4.691774333333332834e+03
1.755000000000000000e+02,8.425084999999999980e+01,7.298795000000000144e-01,5.275153999999999542e+03
1.855000000000000000e+02,8.315555999999999415e+01,7.754065999999999459e-01,5.892897000000000844e+03
1.955000000000000000e+02,8.258442999999999756e+01,7.997682999999999875e-01,6.544815666666666402e+03
2.055000000000000000e+02,8.430816000000000088e+01,6.921292000000000000e-01,7.230912666666667974e+03
2.155000000000000000e+02,8.373127999999999815e+01,7.305804000000000187e-01,7.951276000000000749e+03
2.255000000000000000e+02,8.394271000000000527e+01,6.894417999999999935e-01,8.705863000000001193e+03
2.355000000000000000e+02,8.415355999999999881e+01,6.354477999999998961e-01,9.494707000000000335e+03
2.455000000000000000e+02,8.438969999999999061e+01,6.311623999999999013e-01,1.031781766666666590e+04
2.555000000000000000e+02,8.449271999999999139e+01,6.075666999999999041e-01,1.117525999999999840e+04
2.655000000000000000e+02,8.436572000000001026e+01,5.952326000000000006e-01,1.206700333333333219e+04
2.755000000000000000e+02,8.189727999999999497e+01,7.278694999999999471e-01,1.299299333333333561e+04
2.855000000000000000e+02,8.252329000000000292e+01,6.639706000000000774e-01,1.395332666666666955e+04
2.955000000000000000e+02,8.245885999999998717e+01,6.660724000000000089e-01,1.494793666666666468e+04
3.055000000000000000e+02,8.206243000000000620e+01,6.692633999999999528e-01,1.597677666666666664e+04
3.155000000000000000e+02,8.184673000000000798e+01,6.518081000000000014e-01,1.703993666666666832e+04
3.255000000000000000e+02,8.205543000000000120e+01,6.465384999999999049e-01,1.813746999999999753e+04
3.355000000000000000e+02,8.189087000000000671e+01,6.266639999999999988e-01,1.926932666666666773e+04
3.455000000000000000e+02,8.199699000000001092e+01,6.208502999999999661e-01,2.043539666666666744e+04
3.555000000000000000e+02,8.195214999999998895e+01,5.982252999999999599e-01,2.163581999999999971e+04
3.655000000000000000e+02,8.246171999999999969e+01,5.766210999999999975e-01,2.287053666666666686e+04
3.755000000000000000e+02,8.309914999999999452e+01,5.661696999999998869e-01,2.413969000000000233e+04
3.855000000000000000e+02,8.306886999999998977e+01,5.442834000000000838e-01,2.544321666666666715e+04
3.955000000000000000e+02,8.122029000000000565e+01,6.157353000000000964e-01,2.678109999999999854e+04
4.055000000000000000e+02,8.198212999999999795e+01,5.801253999999999023e-01,2.815323333333332994e+04
4.155000000000000000e+02,8.139969999999998151e+01,5.775669999999999416e-01,2.955962999999999738e+04
4.255000000000000000e+02,8.032129000000000474e+01,6.095201000000000091e-01,3.100031333333333532e+04
4.355000000000000000e+02,8.063414000000000215e+01,5.937826999999999966e-01,3.247537666666666701e+04
4.455000000000000000e+02,7.953928999999999405e+01,6.236627000000000143e-01,3.398478666666666686e+04
4.555000000000000000e+02,8.059314999999999429e+01,5.904461999999999211e-01,3.552850999999999476e+04
4.655000000000000000e+02,7.992826999999999771e+01,6.097242999999999968e-01,3.710665000000000146e+04
4.755000000000000000e+02,8.064741000000000781e+01,5.834986999999999258e-01,3.871932333333334100e+04
4.855000000000000000e+02,8.017856000000000449e+01,5.808533000000000168e-01,4.036649333333333198e+04
4.955000000000000000e+02,8.106714000000000908e+01,5.454269000000000478e-01,4.204810333333333256e+04
5.055000000000000000e+02,8.259212999999999738e+01,4.886698999999999349e-01,4.376414333333333343e+04
5.155000000000000000e+02,8.327659000000001299e+01,4.534755999999999787e-01,4.551461999999999534e+04
5.255000000000000000e+02,8.299472000000000094e+01,4.733986000000000027e-01,4.729937666666667064e+04
5.355000000000000000e+02,8.464727999999999497e+01,4.057587999999999751e-01,4.911847333333332790e+04
5.455000000000000000e+02,8.475715999999999894e+01,4.002609999999999779e-01,5.097193333333333430e+04
5.555000000000000000e+02,8.429200000000000159e+01,4.184797999999999574e-01,5.285992666666667355e+04
5.655000000000000000e+02,8.542157000000000266e+01,3.681290000000000395e-01,5.478244333333333634e+04
5.755000000000000000e+02,8.557069999999998799e+01,3.620376000000000150e-01,5.673947666666666919e+04
5.855000000000000000e+02,8.532943000000000211e+01,3.726122000000000045e-01,5.873098333333333721e+04
5.955000000000000000e+02,8.547998000000001184e+01,3.602440000000000087e-01,6.075711000000000786e+04
6.055000000000000000e+02,8.538943999999999335e+01,3.613292000000000170e-01,6.281789333333333343e+04
6.155000000000000000e+02,8.576600000000000534e+01,3.157685000000000075e-01,6.491322333333334245e+04
6.255000000000000000e+02,8.536727000000000487e+01,3.491347000000000755e-01,6.704312333333333663e+04
6.355000000000000000e+02,8.618141999999998859e+01,3.238002000000000380e-01,6.920760666666665929e+04
6.455000000000000000e+02,8.635785999999998808e+01,3.068349999999999689e-01,7.140673333333332266e+04
6.555000000000000000e+02,8.675683999999999685e+01,2.863226999999999856e-01,7.364038333333333139e+04
6.655000000000000000e+02,8.656314000000000419e+01,3.020251999999999937e-01,7.590854666666666162e+04
6.755000000000000000e+02,8.628730000000000189e+01,2.974139999999999562e-01,7.821115333333333547e+04
6.855000000000000000e+02,8.639571000000000822e+01,2.807952999999999699e-01,8.054822666666665464e+04
6.955000000000000000e+02,8.645484999999999332e+01,2.904787000000000341e-01,8.291971333333334769e+04
7.055000000000000000e+02,8.660985999999999763e+01,2.777599000000000040e-01,8.532557333333333372e+04
7.155000000000000000e+02,8.702441999999999211e+01,2.270135000000000347e-01,8.776585666666665929e+04
7.255000000000000000e+02,8.729085000000000605e+01,2.433957999999999955e-01,9.024043999999998778e+04
7.355000000000000000e+02,8.678243000000000507e+01,2.590514000000000427e-01,9.274927666666667210e+04
7.455000000000000000e+02,8.741745000000000232e+01,2.336727999999999861e-01,9.529229333333333489e+04
7.555000000000000000e+02,8.740042000000002531e+01,2.398590999999999640e-01,9.786945333333333838e+04
7.655000000000000000e+02,8.701856999999999687e+01,2.307241999999999904e-01,1.004808066666666709e+05
7.755000000000000000e+02,8.749070999999999287e+01,2.395537000000000083e-01,1.031265333333333401e+05
7.855000000000000000e+02,8.721672000000000935e+01,2.393394000000000355e-01,1.058068333333333285e+05
7.955000000000000000e+02,8.710411999999999466e+01,2.275546999999999986e-01,1.085212666666666773e+05
8.055000000000000000e+02,8.741357999999999606e+01,2.299770000000000147e-01,1.112703000000000029e+05
8.155000000000000000e+02,8.719584999999999297e+01,2.264048999999999923e-01,1.140536999999999971e+05
8.255000000000000000e+02,8.712873000000000445e+01,2.199519999999999809e-01,1.168717333333333518e+05
8.355000000000000000e+02,8.728428000000000964e+01,2.446972000000000036e-01,1.197243333333333285e+05
8.455000000000000000e+02,8.774544000000000210e+01,2.167727999999999877e-01,1.226116333333333314e+05
8.555000000000000000e+02,8.749372000000001037e+01,2.177038999999999780e-01,1.255334666666666453e+05
8.655000000000000000e+02,8.738183999999998264e+01,2.271019000000000232e-01,1.284901000000000058e+05
8.755000000000000000e+02,8.725172000000000594e+01,2.089918000000000053e-01,1.314812999999999884e+05
8.855000000000000000e+02,8.769898000000000593e+01,2.045504000000000211e-01,1.345070666666666802e+05
8.955000000000000000e+02,8.721172000000001390e+01,1.842450999999999950e-01,1.375679333333333198e+05
9.055000000000000000e+02,8.766859000000000890e+01,2.056706000000000090e-01,1.406631333333333605e+05
9.155000000000000000e+02,8.741770999999999958e+01,1.915410000000000168e-01,1.437930666666666802e+05
9.255000000000000000e+02,8.795313999999999055e+01,1.941283000000000036e-01,1.469574999999999709e+05
9.355000000000000000e+02,8.730499000000000365e+01,1.863155000000000228e-01,1.501564666666666744e+05
9.455000000000000000e+02,8.744286000000001025e+01,1.759225999999999845e-01,1.533901666666666861e+05
9.555000000000000000e+02,8.721728000000000236e+01,1.775515000000000010e-01,1.566586000000000058e+05
9.655000000000000000e+02,8.691799000000000319e+01,1.597859000000000085e-01,1.599619666666666744e+05
9.755000000000000000e+02,8.765214999999999179e+01,1.617928999999999895e-01,1.633000333333333256e+05
9.855000000000000000e+02,8.755985000000001151e+01,1.595527999999999946e-01,1.666728666666666686e+05
9.955000000000000000e+02,8.744886000000001047e+01,1.539834000000000203e-01,1.700803000000000175e+05
1.005500000000000000e+03,8.722484999999998934e+01,1.578303999999999818e-01,1.735227333333333372e+05
1.015500000000000000e+03,8.719471999999998957e+01,1.311376100000000156e-01,1.769999666666666744e+05
1.025500000000000000e+03,8.783614999999998929e+01,1.339148000000000005e-01,1.805118999999999942e+05
1.035500000000000000e+03,8.782844000000000051e+01,1.253213000000000243e-01,1.840588000000000175e+05
1.045500000000000000e+03,8.767886999999998920e+01,1.228717599999999965e-01,1.876407333333333372e+05
1.055500000000000000e+03,8.796943000000000268e+01,1.211865999999999916e-01,1.912575333333333256e+05
1.065500000000000000e+03,8.781716000000000122e+01,1.237327199999999905e-01,1.949090000000000000e+05
1.075500000000000000e+03,8.730628000000000100e+01,1.266062599999999705e-01,1.985953666666666686e+05
1.085500000000000000e+03,8.758998999999998603e+01,1.191222599999999937e-01,2.023164333333333489e+05
1.095500000000000000e+03,8.737444000000000699e+01,1.148730900000000110e-01,2.060722999999999884e+05
1.105500000000000000e+03,8.753128999999999849e+01,1.032716600000000151e-01,2.098628333333333430e+05
1.115500000000000000e+03,8.754985000000002060e+01,1.104447600000000029e-01,2.136881000000000058e+05
1.125500000000000000e+03,8.733742999999999768e+01,1.205304799999999676e-01,2.175480666666666511e+05
1.135500000000000000e+03,8.767400999999998135e+01,1.094626900000000014e-01,2.214427666666666919e+05
1.145500000000000000e+03,8.756701000000001045e+01,1.229425999999999852e-01,2.253720666666667094e+05
1.155500000000000000e+03,8.751984999999999104e+01,1.123872499999999802e-01,2.293361000000000058e+05
1.165500000000000000e+03,8.714072000000001594e+01,1.238105999999999929e-01,2.333350000000000000e+05
1.175500000000000000e+03,8.727371999999999730e+01,1.298265599999999798e-01,2.373686333333333023e+05
1.185500000000000000e+03,8.727743000000000961e+01,1.243065499999999879e-01,2.414370666666666511e+05
1.195500000000000000e+03,8.756888000000000716e+01,1.309197200000000172e-01,2.455402333333333081e+05
1.205500000000000000e+03,8.734770999999999219e+01,1.388382400000000294e-01,2.496779333333333489e+05
1.215500000000000000e+03,8.706859000000000037e+01,1.623865999999999921e-01,2.538503666666666395e+05
1.225500000000000000e+03,8.750700999999999397e+01,1.318165500000000045e-01,2.580575333333332965e+05
1.235500000000000000e+03,8.736614999999997622e+01,1.356464500000000017e-01,2.622994000000000233e+05
1.245500000000000000e+03,8.748242999999999370e+01,1.383285199999999826e-01,2.665760000000000000e+05
1.255500000000000000e+03,8.721715000000000373e+01,1.319311300000000353e-01,2.708871333333333023e+05
1.265500000000000000e+03,8.711086000000000240e+01,1.360628100000000062e-01,2.752325333333333256e+05
1.275500000000000000e+03,8.732142000000000337e+01,1.293821199999999894e-01,2.796126333333333023e+05
1.285500000000000000e+03,8.710000999999999749e+01,1.277450600000000214e-01,2.840272333333332790e+05
1.295500000000000000e+03,8.734399999999999409e+01,1.352815999999999741e-01,2.884766333333333605e+05
1.305500000000000000e+03,8.719542000000001281e+01,1.325189800000000084e-01,2.929605666666666511e+05
1.315500000000000000e+03,8.738957999999999515e+01,1.360752999999999824e-01,2.974790333333333256e+05
1.325500000000000000e+03,8.732329000000000008e+01,1.175084199999999884e-01,3.020322333333332790e+05
1.335500000000000000e+03,8.739556999999999221e+01,1.246689299999999834e-01,3.066199000000000233e+05
1.345500000000000000e+03,8.725213999999999714e+01,1.155411899999999881e-01,3.112423333333333139e+05
1.355500000000000000e+03,8.728029000000000792e+01,1.135923500000000086e-01,3.158990999999999767e+05
1.365500000000000000e+03,8.746271000000000129e+01,1.204353599999999913e-01,3.205907000000000698e+05
1.375500000000000000e+03,8.747184999999998922e+01,1.164804100000000064e-01,3.253170666666666511e+05
1.385500000000000000e+03,8.716613999999999862e+01,1.119893999999999890e-01,3.300778999999999651e+05
1.395500000000000000e+03,8.738271000000000299e+01,1.180549799999999899e-01,3.348733666666666395e+05
1.405500000000000000e+03,8.744757999999998788e+01,1.132718700000000106e-01,3.397035333333333256e+05
1.415500000000000000e+03,8.753170000000000073e+01,1.170983999999999775e-01,3.445680333333333256e+05
1.425500000000000000e+03,8.726842999999999506e+01,1.102703699999999926e-01,3.494671333333333023e+05
1.435500000000000000e+03,8.724370999999999299e+01,1.168640199999999990e-01,3.544007000000000116e+05
1.445500000000000000e+03,8.747313000000001182e+01,1.206809500000000090e-01,3.593689333333332906e+05
1.455500000000000000e+03,8.738973000000000013e+01,1.112167999999999768e-01,3.643720000000000000e+05
1.465500000000000000e+03,8.696544000000000096e+01,1.028287799999999946e-01,3.694095999999999767e+05
1.475500000000000000e+03,8.729299000000000319e+01,1.127583800000000053e-01,3.744822000000000116e+05
1.485500000000000000e+03,8.714171000000000333e+01,1.136967200000000011e-01,3.795892666666667210e+05
1.495500000000000000e+03,8.726328000000000884e+01,1.066229300000000046e-01,3.847310000000000000e+05
1.505500000000000000e+03,8.730684000000000822e+01,1.096637700000000076e-01,3.899074333333332906e+05
1.515500000000000000e+03,8.710685999999999751e+01,1.085204100000000116e-01,3.951184000000000233e+05
1.525500000000000000e+03,8.689999999999999147e+01,1.002518000000000020e-01,4.003638666666666395e+05
1.535500000000000000e+03,8.725155999999999779e+01,1.065179599999999949e-01,4.056441666666666279e+05
1.545500000000000000e+03,8.715743000000000507e+01,1.064868799999999921e-01,4.109592666666666628e+05
1.555500000000000000e+03,8.762028000000000816e+01,1.056551500000000032e-01,4.163090000000000000e+05
1.565500000000000000e+03,8.742543000000001996e+01,1.086893899999999968e-01,4.216930666666667094e+05
1.575500000000000000e+03,8.734015000000000839e+01,1.091964600000000091e-01,4.271121333333333023e+05
1.585500000000000000e+03,8.749429000000000656e+01,1.089233300000000126e-01,4.325658333333333139e+05
1.595500000000000000e+03,8.759813999999998657e+01,1.065009399999999884e-01,4.380540333333333256e+05
1.605500000000000000e+03,8.757129000000000474e+01,1.091450200000000093e-01,4.435771333333333023e+05
1.615500000000000000e+03,8.748057000000000016e+01,1.019954799999999995e-01,4.491347999999999884e+05
1.625500000000000000e+03,8.748242999999999370e+01,1.067925300000000244e-01,4.547270999999999767e+05
1.635500000000000000e+03,8.702156000000000802e+01,9.882840000000001068e-02,4.603540333333333838e+05
1.645500000000000000e+03,8.764244999999999663e+01,9.860908999999999647e-02,4.660154000000000233e+05
1.655500000000000000e+03,8.757614999999999839e+01,1.029374599999999945e-01,4.717114000000000233e+05
1.665500000000000000e+03,8.755629000000000417e+01,1.005768400000000007e-01,4.774420333333333838e+05
1.675500000000000000e+03,8.714901000000000408e+01,1.016865500000000005e-01,4.832074000000000233e+05
1.685500000000000000e+03,8.773443000000000325e+01,1.002479599999999971e-01,4.890075333333333256e+05
1.695500000000000000e+03,8.759613999999999123e+01,1.021421300000000115e-01,4.948423333333333139e+05
1.705500000000000000e+03,8.749087000000000103e+01,9.945890999999999760e-02,5.007119666666666162e+05
1.715500000000000000e+03,8.742442000000001201e+01,9.928676999999999642e-02,5.066164333333334071e+05
1.725500000000000000e+03,8.765944000000000358e+01,9.783350999999999853e-02,5.125552666666667210e+05
1.735500000000000000e+03,8.745643000000001166e+01,9.961498999999998660e-02,5.185285666666667094e+05
1.745500000000000000e+03,8.763100999999998919e+01,1.023201100000000058e-01,5.245365000000000000e+05
1.755500000000000000e+03,8.749357000000000539e+01,1.006066600000000005e-01,5.305789666666666744e+05
1.765500000000000000e+03,8.736315999999999349e+01,9.810376999999999292e-02,5.366560999999999767e+05
1.775500000000000000e+03,8.729441999999998814e+01,1.009790000000000132e-01,5.427681999999999534e+05
1.785500000000000000e+03,8.701714999999998668e+01,1.000819200000000048e-01,5.489150999999999767e+05
1.795500000000000000e+03,8.699773000000000422e+01,9.736974000000001017e-02,5.550966333333333023e+05
1.805500000000000000e+03,8.720258000000001175e+01,9.797123999999998722e-02,5.613131333333334187e+05
1.815500000000000000e+03,8.710156999999999528e+01,9.826674999999999993e-02,5.675643666666666977e+05
1.825500000000000000e+03,8.733126999999998930e+01,9.888242999999999339e-02,5.738505333333333256e+05
1.835500000000000000e+03,8.697884000000000526e+01,9.993298999999998544e-02,5.801714000000000233e+05
1.845500000000000000e+03,8.704499999999998749e+01,9.807828000000000379e-02,5.865273000000000466e+05
1.855500000000000000e+03,8.746313000000000670e+01,9.692151000000000238e-02,5.929178666666665813e+05
1.865500000000000000e+03,8.765412999999999499e+01,9.569888999999999479e-02,5.993435000000000000e+05
1.875500000000000000e+03,8.727985000000001037e+01,9.567835000000000922e-02,6.058040000000000000e+05
1.885500000000000000e+03,8.734184999999999377e+01,9.785444000000000087e-02,6.122993333333332557e+05
1.895500000000000000e+03,8.733113999999999066e+01,9.571586999999999457e-02,6.188295999999998603e+05
1.905500000000000000e+03,8.732300000000000750e+01,9.680654999999999122e-02,6.253947666666667210e+05
1.915500000000000000e+03,8.746299999999999386e+01,9.798592999999999886e-02,6.319946666666667443e+05
1.925500000000000000e+03,8.740414000000001238e+01,9.673344999999998473e-02,6.386297666666667210e+05
1.935500000000000000e+03,8.717343999999999937e+01,9.556336000000001385e-02,6.452999333333333489e+05
1.945500000000000000e+03,8.719628999999999053e+01,9.737355999999999789e-02,6.520048000000000466e+05
1.955500000000000000e+03,8.727629000000000303e+01,9.620920999999998946e-02,6.587446333333333023e+05
1.965500000000000000e+03,8.732871999999998991e+01,9.836717000000000377e-02,6.655191333333334187e+05
1.975500000000000000e+03,8.739400000000000546e+01,9.681093000000000337e-02,6.723284333333333489e+05
1.985500000000000000e+03,8.705699000000001320e+01,9.869740000000000457e-02,6.791724333333333489e+05
1.995500000000000000e+03,8.728670999999999935e+01,9.838674000000000031e-02,6.860514333333333489e+05
2.005500000000000000e+03,8.697114999999999441e+01,9.533305999999999725e-02,6.929651333333334187e+05
2.015500000000000000e+03,8.721955999999998710e+01,9.590560000000000751e-02,6.999136666666666279e+05
2.025500000000000000e+03,8.702701000000000420e+01,9.643271000000000481e-02,7.068969333333333489e+05
2.035500000000000000e+03,8.708057999999999765e+01,9.812621000000000537e-02,7.139150999999999767e+05
2.045500000000000000e+03,8.705870999999999071e+01,9.909627000000000019e-02,7.209679000000000233e+05
2.055500000000000000e+03,8.671715000000001794e+01,9.738296999999998538e-02,7.280555333333333256e+05
2.065500000000000000e+03,8.671500000000000341e+01,9.546006999999999409e-02,7.351779666666666744e+05
2.075500000000000000e+03,8.717542000000000257e+01,9.807318000000000979e-02,7.423351000000000931e+05
2.085500000000000000e+03,8.757842999999999734e+01,9.707984000000000058e-02,7.495264666666665580e+05
2.095500000000000000e+03,8.684300999999999249e+01,9.584627999999999204e-02,7.567525666666666511e+05
2.105500000000000000e+03,8.705171000000001413e+01,9.592718000000000078e-02,7.640131333333331859e+05
2.115500000000000000e+03,8.714671000000001300e+01,9.642162999999999429e-02,7.713082666666667210e+05
2.125500000000000000e+03,8.704314000000000817e+01,9.609194999999999542e-02,7.786380000000000000e+05
2.135500000000000000e+03,8.715714999999998724e+01,9.697334999999998595e-02,7.860024000000000233e+05
2.145500000000000000e+03,8.699001999999998702e+01,9.642404999999999726e-02,7.934014000000000233e+05
2.155500000000000000e+03,8.687186999999998704e+01,9.631421999999999206e-02,8.008351666666667443e+05
2.165500000000000000e+03,8.706985999999999137e+01,9.595080999999999749e-02,8.083035999999998603e+05
2.175500000000000000e+03,8.682999999999999829e+01,9.791789000000000742e-02,8.158065666666666511e+05
2.185500000000000000e+03,8.701600999999998010e+01,9.653789999999999594e-02,8.233442999999999302e+05
2.195500000000000000e+03,8.689412000000000091e+01,9.519910000000000871e-02,8.309167666666667210e+05
2.205500000000000000e+03,8.702741999999999223e+01,9.529254000000000890e-02,8.385239000000000233e+05
2.215500000000000000e+03,8.689842999999999051e+01,9.504242999999999719e-02,8.461656333333334187e+05
2.225500000000000000e+03,8.692528999999998973e+01,9.606849000000000638e-02,8.538421666666666279e+05
2.235500000000000000e+03,8.712627999999999417e+01,9.499469999999998748e-02,8.615531666666667443e+05
2.245500000000000000e+03,8.700086000000000297e+01,9.517899999999998584e-02,8.692990333333334420e+05
2.255500000000000000e+03,8.668599999999999284e+01,9.493302000000000684e-02,8.770795666666666511e+05
2.265500000000000000e+03,8.694041999999998893e+01,9.495750999999999498e-02,8.848948000000000466e+05
2.275500000000000000e+03,8.707198999999999955e+01,9.493547000000000791e-02,8.927450000000000000e+05
2.285500000000000000e+03,8.694801999999999964e+01,9.489991000000000398e-02,9.006298333333332557e+05
2.295500000000000000e+03,8.700042999999998017e+01,9.456587000000001020e-02,9.085495999999999767e+05
2.305500000000000000e+03,8.696957000000000448e+01,9.483843999999999608e-02,9.165041666666666279e+05
2.315500000000000000e+03,8.710257999999998901e+01,9.464620999999999451e-02,9.244934000000000233e+05
2.325500000000000000e+03,8.687915999999999883e+01,9.476898999999999740e-02,9.325175666666666511e+05
2.335500000000000000e+03,8.709942000000000917e+01,9.456441999999999626e-02,9.405765333333334420e+05
2.345500000000000000e+03,8.696385000000000787e+01,9.443570000000001130e-02,9.486704666666665580e+05
2.355500000000000000e+03,8.717001999999999384e+01,9.451814999999999523e-02,9.567992666666668374e+05
2.365500000000000000e+03,8.688685000000000969e+01,9.465810999999998976e-02,9.649630333333334420e+05
2.375500000000000000e+03,8.717141999999998347e+01,9.453311000000000353e-02,9.731616333333334187e+05
2.385500000000000000e+03,8.697499000000000535e+01,9.457562999999999387e-02,9.813951333333331859e+05
2.395500000000000000e+03,8.692571999999999832e+01,9.445765000000000411e-02,9.896634333333333489e+05
2.405500000000000000e+03,8.705129000000000872e+01,9.435451000000000255e-02,9.979665999999999767e+05
2.415500000000000000e+03,8.705870999999999071e+01,9.436407999999998908e-02,1.006304333333333256e+06
2.425500000000000000e+03,8.711441000000002077e+01,9.426883999999999264e-02,1.014677000000000000e+06
2.435500000000000000e+03,8.699772000000000105e+01,9.431573999999999514e-02,1.023085000000000000e+06
2.445500000000000000e+03,8.688499000000000194e+01,9.426287999999997946e-02,1.031527666666666628e+06
2.455500000000000000e+03,8.672485000000000355e+01,9.439812000000000203e-02,1.040004666666666628e+06
2.465500000000000000e+03,8.718428000000000111e+01,9.443246999999999058e-02,1.048518000000000000e+06
2.475500000000000000e+03,8.704715999999999099e+01,9.433649999999998981e-02,1.057065666666666744e+06
2.485500000000000000e+03,8.718300000000000693e+01,9.433575000000000987e-02,1.065648666666666744e+06
2.495500000000000000e+03,8.712914000000000669e+01,9.421348000000000222e-02,1.074266000000000000e+06
2.505500000000000000e+03,8.724885000000000446e+01,9.417132999999998366e-02,1.082918333333333489e+06
2.515500000000000000e+03,8.711944000000001154e+01,9.411155000000000215e-02,1.091606999999999767e+06
2.525500000000000000e+03,8.722942000000001883e+01,9.415621999999998493e-02,1.100328333333333489e+06
2.535500000000000000e+03,8.691069999999999141e+01,9.427282000000000717e-02,1.109086333333333256e+06
2.545500000000000000e+03,8.696958000000000766e+01,9.419798999999999534e-02,1.117879333333333489e+06
2.555500000000000000e+03,8.702286999999998329e+01,9.404702999999998980e-02,1.126706000000000000e+06
2.565500000000000000e+03,8.720401000000001090e+01,9.417589999999999295e-02,1.135567666666666511e+06
2.575500000000000000e+03,8.710828000000000770e+01,9.411436000000000801e-02,1.144463999999999767e+06
2.585500000000000000e+03,8.696515000000000839e+01,9.404743999999999604e-02,1.153397333333333256e+06
2.595500000000000000e+03,8.705829000000001372e+01,9.404036000000000339e-02,1.162364333333333256e+06
2.605500000000000000e+03,8.720185000000000741e+01,9.390320999999998697e-02,1.171366333333333256e+06
2.615500000000000000e+03,8.688613999999999749e+01,9.391251000000001847e-02,1.180402333333333489e+06
2.625500000000000000e+03,8.717330000000001178e+01,9.387188999999998562e-02,1.189472666666666744e+06
2.635500000000000000e+03,8.720385999999999171e+01,9.418956000000000550e-02,1.198579000000000000e+06
2.645500000000000000e+03,8.704984999999999218e+01,9.395362999999999631e-02,1.207719000000000000e+06
2.655500000000000000e+03,8.709171000000000618e+01,9.398832999999999493e-02,1.216893666666666744e+06
2.665500000000000000e+03,8.716114000000000317e+01,9.391117000000001602e-02,1.226104666666666744e+06
2.675500000000000000e+03,8.701630000000000109e+01,9.441154999999999686e-02,1.235348666666666511e+06
2.685500000000000000e+03,8.719069999999999254e+01,9.395489999999999398e-02,1.244628333333333489e+06
2.695500000000000000e+03,8.708072000000001367e+01,9.393165000000000542e-02,1.253943000000000000e+06
2.705500000000000000e+03,8.709914999999999452e+01,9.415277999999999148e-02,1.263292666666666511e+06
2.715500000000000000e+03,8.707173000000001650e+01,9.381893999999998957e-02,1.272676666666666511e+06
2.725500000000000000e+03,8.713485000000000014e+01,9.369178000000000228e-02,1.282097000000000000e+06
2.735500000000000000e+03,8.709256999999999493e+01,9.395392999999999106e-02,1.291552000000000000e+06
2.745500000000000000e+03,8.710672000000000992e+01,9.378403000000001821e-02,1.301040333333333256e+06
2.755500000000000000e+03,8.716900000000001114e+01,9.386509000000001213e-02,1.310565999999999767e+06
2.765500000000000000e+03,8.715870000000001028e+01,9.380351000000000661e-02,1.320124666666666511e+06
2.775500000000000000e+03,8.712685999999999353e+01,9.403089000000000586e-02,1.329718666666666744e+06
2.785500000000000000e+03,8.703457999999999117e+01,9.377420000000000200e-02,1.339348666666666511e+06
2.795500000000000000e+03,8.730341999999998848e+01,9.368867000000000167e-02,1.349012333333333489e+06
2.805500000000000000e+03,8.707142000000000337e+01,9.370685000000000819e-02,1.358711666666666511e+06
2.815500000000000000e+03,8.714614000000001681e+01,9.369020000000000126e-02,1.368446333333333489e+06
2.825500000000000000e+03,8.718471999999999866e+01,9.368279999999999663e-02,1.378216666666666744e+06
2.835500000000000000e+03,8.729156999999999300e+01,9.378786999999999541e-02,1.388019333333333489e+06
2.845500000000000000e+03,8.722287000000001456e+01,9.370296999999999654e-02,1.397858666666666511e+06
2.855500000000000000e+03,8.735084999999999411e+01,9.384781999999999846e-02,1.407731333333333256e+06
2.865500000000000000e+03,8.726027999999999452e+01,9.371833999999999720e-02,1.417640666666666511e+06
2.875500000000000000e+03,8.729299999999999216e+01,9.380457999999999852e-02,1.427584666666666511e+06
2.885500000000000000e+03,8.717400999999999556e+01,9.377401999999999960e-02,1.437562333333333489e+06
2.895500000000000000e+03,8.724214000000000624e+01,9.381880000000000774e-02,1.447576333333333489e+06
2.905500000000000000e+03,8.738157000000001062e+01,9.378559999999999675e-02,1.457623333333333256e+06
2.915500000000000000e+03,8.722901000000001659e+01,9.364606999999999792e-02,1.467707333333333256e+06
2.925500000000000000e+03,8.720984999999998877e+01,9.375862000000000085e-02,1.477824666666666511e+06
2.935500000000000000e+03,8.732571000000000083e+01,9.350591999999999238e-02,1.487978000000000000e+06
2.945500000000000000e+03,8.729886999999999375e+01,9.366213999999999096e-02,1.498165666666666744e+06
2.955500000000000000e+03,8.742242999999999142e+01,9.372861000000001774e-02,1.508388999999999767e+06
2.965500000000000000e+03,8.754214000000000340e+01,9.368340000000001389e-02,1.518647333333333489e+06
2.975500000000000000e+03,8.743214000000000397e+01,9.369333000000000522e-02,1.528939666666666511e+06
2.985500000000000000e+03,8.747414999999999452e+01,9.368379999999999763e-02,1.539267333333333489e+06
2.995500000000000000e+03,8.750426999999999111e+01,9.355694000000000510e-02,1.549629666666666511e+06
3.005500000000000000e+03,8.745385000000000275e+01,9.369321999999999373e-02,1.560026666666666744e+06
3.015500000000000000e+03,8.764455999999999847e+01,9.376323999999999770e-02,1.570459333333333256e+06
3.025500000000000000e+03,8.767743000000000109e+01,9.346727000000000507e-02,1.580927666666666511e+06
3.035500000000000000e+03,8.766470999999999947e+01,9.361547000000000618e-02,1.591428666666666511e+06
3.045500000000000000e+03,8.784371000000001573e+01,9.345644000000000173e-02,1.601966000000000000e+06
3.055500000000000000e+03,8.774874000000001217e+01,9.362178000000000166e-02,1.612538999999999767e+06
3.065500000000000000e+03,8.782915999999997325e+01,9.350766000000002021e-02,1.623145666666666511e+06
3.075500000000000000e+03,8.786370999999999754e+01,9.340404999999998847e-02,1.633786666666666511e+06
3.085500000000000000e+03,8.785014999999999930e+01,9.346220000000000916e-02,1.644464000000000000e+06
3.095500000000000000e+03,8.789883999999999276e+01,9.346217999999999193e-02,1.655175666666666744e+06
3.105500000000000000e+03,8.796700000000001296e+01,9.338885000000000935e-02,1.665922000000000000e+06
3.115500000000000000e+03,8.799800000000000466e+01,9.341425000000000423e-02,1.676703000000000000e+06
3.125500000000000000e+03,8.806200000000001182e+01,9.332957000000000058e-02,1.687520000000000000e+06
3.135500000000000000e+03,8.792571999999999832e+01,9.338998000000001132e-02,1.698372000000000000e+06
3.145500000000000000e+03,8.799242999999999881e+01,9.337067000000000283e-02,1.709257666666666744e+06
3.155500000000000000e+03,8.797270000000000323e+01,9.342509000000001618e-02,1.720180000000000000e+06
3.165500000000000000e+03,8.810598999999999137e+01,9.332924999999998861e-02,1.731137000000000000e+06
3.175500000000000000e+03,8.804871999999998877e+01,9.333371999999999502e-02,1.742128666666666744e+06
3.185500000000000000e+03,8.826797999999999433e+01,9.325384999999999924e-02,1.753154000000000000e+06
3.195500000000000000e+03,8.821256999999998527e+01,9.334894999999999998e-02,1.764215000000000000e+06
3.205500000000000000e+03,8.810258000000000322e+01,9.343732999999999900e-02,1.775310333333333256e+06
3.215500000000000000e+03,8.818841999999999359e+01,9.338696000000000497e-02,1.786442333333333489e+06
3.225500000000000000e+03,8.826442999999999017e+01,9.335968000000000044e-02,1.797608333333333489e+06
3.235500000000000000e+03,8.816514999999999702e+01,9.337099000000000093e-02,1.808809000000000000e+06
3.245500000000000000e+03,8.823971000000000231e+01,9.336053999999999187e-02,1.820043333333333489e+06
3.255500000000000000e+03,8.822457000000001415e+01,9.323194999999999399e-02,1.831314333333333256e+06
3.265500000000000000e+03,8.821299999999999386e+01,9.339664000000000299e-02,1.842619000000000000e+06
3.275500000000000000e+03,8.823342999999999847e+01,9.340655999999999959e-02,1.853958666666666511e+06
3.285500000000000000e+03,8.835657000000000494e+01,9.328657999999999395e-02,1.865333000000000000e+06
3.295500000000000000e+03,8.833428999999999576e+01,9.334713999999999512e-02,1.876743666666666744e+06
3.305500000000000000e+03,8.842186999999999841e+01,9.339719999999999966e-02,1.888187333333333489e+06
3.315500000000000000e+03,8.825572999999999979e+01,9.334254000000000162e-02,1.899667333333333489e+06
3.325500000000000000e+03,8.851644000000000290e+01,9.331950000000001355e-02,1.911181999999999534e+06
3.335500000000000000e+03,8.846301000000001125e+01,9.336571000000000453e-02,1.922731000000000000e+06
3.345500000000000000e+03,8.837172999999999945e+01,9.334033999999999387e-02,1.934316000000000000e+06
3.355500000000000000e+03,8.845257000000000858e+01,9.329657999999999007e-02,1.945935000000000000e+06
3.365500000000000000e+03,8.841272000000000730e+01,9.338530999999998528e-02,1.957588666666666511e+06
3.375500000000000000e+03,8.841799999999997794e+01,9.330015999999999310e-02,1.969277333333333489e+06
3.385500000000000000e+03,8.854586000000000467e+01,9.335736000000000034e-02,1.981002333333333489e+06
3.395500000000000000e+03,8.845598999999999990e+01,9.334089000000000969e-02,1.992760000000000000e+06
3.405500000000000000e+03,8.851844000000001245e+01,9.327017999999999420e-02,2.004553666666666511e+06
3.415500000000000000e+03,8.861713999999999203e+01,9.341438999999998605e-02,2.016381333333333256e+06
3.425500000000000000e+03,8.857971000000000572e+01,9.324063999999999963e-02,2.028243666666666744e+06
3.435500000000000000e+03,8.849757000000001028e+01,9.326554000000000788e-02,2.040142333333333489e+06
3.445500000000000000e+03,8.860027999999999793e+01,9.336812999999999363e-02,2.052074333333333256e+06
3.455500000000000000e+03,8.858486999999999512e+01,9.335735000000000561e-02,2.064042000000000000e+06
3.465500000000000000e+03,8.853528000000000020e+01,9.332858000000000820e-02,2.076043000000000000e+06
3.475500000000000000e+03,8.854198999999999842e+01,9.336094000000000337e-02,2.088080333333333256e+06
3.485500000000000000e+03,8.855798999999998955e+01,9.327275000000000149e-02,2.100151999999999534e+06
3.495500000000000000e+03,8.857728000000000179e+01,9.326799999999998980e-02,2.112258666666666977e+06
3.505500000000000000e+03,8.859071999999999036e+01,9.330539999999999667e-02,2.124399000000000466e+06
3.515500000000000000e+03,8.861757000000000062e+01,9.333507000000000609e-02,2.136575333333333489e+06
3.525500000000000000e+03,8.864372000000000185e+01,9.317788000000000459e-02,2.148786666666666977e+06
3.535500000000000000e+03,8.864356999999999687e+01,9.326885000000000037e-02,2.161032666666666511e+06
3.545500000000000000e+03,8.859342999999999790e+01,9.326600000000000168e-02,2.173312333333333489e+06
3.555500000000000000e+03,8.868855999999999540e+01,9.320802999999999727e-02,2.185629666666666977e+06
3.565500000000000000e+03,8.862442000000000064e+01,9.323500999999999317e-02,2.197979333333333489e+06
3.575500000000000000e+03,8.869943000000000666e+01,9.325197999999998433e-02,2.210365000000000000e+06
3.585500000000000000e+03,8.873357000000001449e+01,9.328543999999999725e-02,2.222784333333333489e+06
3.595500000000000000e+03,8.860456000000000643e+01,9.324928000000000383e-02,2.235240000000000000e+06
3.605500000000000000e+03,8.861727999999999383e+01,9.323169000000000595e-02,2.247728333333333489e+06
3.615500000000000000e+03,8.872371000000001118e+01,9.336128999999999956e-02,2.260253666666666977e+06
3.625500000000000000e+03,8.870529999999999404e+01,9.315961999999999854e-02,2.272813666666666977e+06
3.635500000000000000e+03,8.873283999999998173e+01,9.338560000000001304e-02,2.285407000000000000e+06
3.645500000000000000e+03,8.868886999999999432e+01,9.332734000000000862e-02,2.298037333333333023e+06
3.655500000000000000e+03,8.874172999999998979e+01,9.331036000000000885e-02,2.310702000000000000e+06
3.665500000000000000e+03,8.874130999999999858e+01,9.326698999999998019e-02,2.323399666666666977e+06
3.675500000000000000e+03,8.873472000000001003e+01,9.335429999999998729e-02,2.336133333333333023e+06
3.685500000000000000e+03,8.876428999999998837e+01,9.328849000000000169e-02,2.348902666666666977e+06
3.695500000000000000e+03,8.879970999999997616e+01,9.324335000000000262e-02,2.361705333333333489e+06
3.705500000000000000e+03,8.881414999999999793e+01,9.329144000000000325e-02,2.374542666666666977e+06
3.715500000000000000e+03,8.871215000000000828e+01,9.331340000000000467e-02,2.387416000000000000e+06
3.725500000000000000e+03,8.877656999999999243e+01,9.331300000000000705e-02,2.400323333333333489e+06
3.735500000000000000e+03,8.884487000000000023e+01,9.326844999999998886e-02,2.413265999999999534e+06
3.745500000000000000e+03,8.881901000000000579e+01,9.334702000000000277e-02,2.426241666666666977e+06
3.755500000000000000e+03,8.884699000000000524e+01,9.330184999999999174e-02,2.439253666666666977e+06
3.765500000000000000e+03,8.881043000000001086e+01,9.328656999999998534e-02,2.452300000000000000e+06
3.775500000000000000e+03,8.885271000000000186e+01,9.336395999999999584e-02,2.465381333333333489e+06
3.785500000000000000e+03,8.886728000000000804e+01,9.327726000000000073e-02,2.478497666666666977e+06
3.795500000000000000e+03,8.882842999999999734e+01,9.325616000000000461e-02,2.491648333333333023e+06
3.805500000000000000e+03,8.886872999999999934e+01,9.335061000000000053e-02,2.504834000000000000e+06
3.815500000000000000e+03,8.884801000000001636e+01,9.326151999999998665e-02,2.518053999999999534e+06
3.825500000000000000e+03,8.885314000000001045e+01,9.337418999999999580e-02,2.531309333333333023e+06
3.835500000000000000e+03,8.886056999999998141e+01,9.335819000000000756e-02,2.544600000000000466e+06
3.845500000000000000e+03,8.886529000000000167e+01,9.340414999999999135e-02,2.557924666666666511e+06
3.855500000000000000e+03,8.887857999999999947e+01,9.333129999999999205e-02,2.571283666666666511e+06
3.865500000000000000e+03,8.889258000000000948e+01,9.335084999999999911e-02,2.584679333333333023e+06
3.875500000000000000e+03,8.886142999999999859e+01,9.342346999999999457e-02,2.598108333333333023e+06
3.885500000000000000e+03,8.887543000000000859e+01,9.331579000000000956e-02,2.611573333333333023e+06
3.895500000000000000e+03,8.886513999999999669e+01,9.328232999999999664e-02,2.625074333333333489e+06
3.905500000000000000e+03,8.887641999999999598e+01,9.329467999999999095e-02,2.638606333333333489e+06
3.915500000000000000e+03,8.888671000000000788e+01,9.328742000000000978e-02,2.652177666666666511e+06
3.925500000000000000e+03,8.893543999999999983e+01,9.320731000000000155e-02,2.665780000000000466e+06
3.935500000000000000e+03,8.890729000000001747e+01,9.320797000000000110e-02,2.679418666666666977e+06
3.945500000000000000e+03,8.889957000000001131e+01,9.322148999999999019e-02,2.693092000000000000e+06
3.955500000000000000e+03,8.888813000000000386e+01,9.322490999999999417e-02,2.706801000000000000e+06
3.965500000000000000e+03,8.892400000000000659e+01,9.329923999999999162e-02,2.720544000000000466e+06
3.975500000000000000e+03,8.890958000000000538e+01,9.330686000000001923e-02,2.734321333333333489e+06
3.985500000000000000e+03,8.892614000000000374e+01,9.317119000000000095e-02,2.748135333333333023e+06
3.995500000000000000e+03,8.886701999999999657e+01,9.317655999999999161e-02,2.761981999999999534e+06
4.005500000000000000e+03,8.891056000000000381e+01,9.312017999999999684e-02,2.775864333333333023e+06
4.015500000000000000e+03,8.891068999999998823e+01,9.328789000000001219e-02,2.789783333333333489e+06
4.025500000000000000e+03,8.892771999999999366e+01,9.311007999999999785e-02,2.803735666666666977e+06
4.035500000000000000e+03,8.893630000000000280e+01,9.328006999999999271e-02,2.817722666666666977e+06
4.045500000000000000e+03,8.892069000000000756e+01,9.318545999999998386e-02,2.831747333333333023e+06
4.055500000000000000e+03,8.895099999999999341e+01,9.326845999999999748e-02,2.845804333333333023e+06
4.065500000000000000e+03,8.890411999999999182e+01,9.319078000000000084e-02,2.859898666666666977e+06
4.075500000000000000e+03,8.890913000000000466e+01,9.316712000000000604e-02,2.874026333333333489e+06
4.085500000000000000e+03,8.893356000000001416e+01,9.320636000000000199e-02,2.888189333333333023e+06
4.095500000000000000e+03,8.892213999999999885e+01,9.315843000000000040e-02,2.902386333333333489e+06
4.105500000000000000e+03,8.891271000000000413e+01,9.323682000000001191e-02,2.916620333333333489e+06
4.115500000000000000e+03,8.894185000000001651e+01,9.324039000000000632e-02,2.930888333333333023e+06
4.125500000000000000e+03,8.889173000000002389e+01,9.316763000000000128e-02,2.945190333333333023e+06
4.135500000000000000e+03,8.892114000000000829e+01,9.323851999999999141e-02,2.959529333333333023e+06
4.145500000000000000e+03,8.891871000000000436e+01,9.320320999999999467e-02,2.973903000000000000e+06
4.155500000000000000e+03,8.892642999999999631e+01,9.312655999999999712e-02,2.988310999999999534e+06
4.165500000000000000e+03,8.893242000000000758e+01,9.321839000000001207e-02,3.002753666666666977e+06
4.175500000000000000e+03,8.891100000000001558e+01,9.321669000000000482e-02,3.017230333333333489e+06
4.185500000000000000e+03,8.892914999999999281e+01,9.323230999999998492e-02,3.031744666666666511e+06
4.195500000000000000e+03,8.891915000000000191e+01,9.323354999999999837e-02,3.046292666666666511e+06
4.205500000000000000e+03,8.891954999999998677e+01,9.318542999999998577e-02,3.060876666666666977e+06
4.215500000000000000e+03,8.891271000000000413e+01,9.321650000000000769e-02,3.075493666666666977e+06
4.225500000000000000e+03,8.889916000000000906e+01,9.320918000000001646e-02,3.090146333333333023e+06
4.235500000000000000e+03,8.892771000000000470e+01,9.323878999999998807e-02,3.104833333333333023e+06
4.245500000000000000e+03,8.892458000000000595e+01,9.317388999999999533e-02,3.119557333333333023e+06
4.255500000000000000e+03,8.893215000000000714e+01,9.326658000000000170e-02,3.134315000000000000e+06
4.265500000000000000e+03,8.891771999999998854e+01,9.323705000000000187e-02,3.149107000000000000e+06
4.275500000000000000e+03,8.893928000000001077e+01,9.316485999999998824e-02,3.163935666666666511e+06
4.285500000000000000e+03,8.891600999999999999e+01,9.322088999999998682e-02,3.178797333333333489e+06
4.295500000000000000e+03,8.894399000000001365e+01,9.316510000000000069e-02,3.193694999999999534e+06
4.305500000000000000e+03,8.894114999999999327e+01,9.321833999999999676e-02,3.208626333333333489e+06
4.315500000000000000e+03,8.893272000000000332e+01,9.317684000000001077e-02,3.223594000000000000e+06
4.325500000000000000e+03,8.893985999999999592e+01,9.320530000000000481e-02,3.238595000000000000e+06
4.335500000000000000e+03,8.895756999999998982e+01,9.314499999999999169e-02,3.253632333333333489e+06
4.345500000000000000e+03,8.891371000000000890e+01,9.312897000000000536e-02,3.268703333333333489e+06
4.355500000000000000e+03,8.895655999999999608e+01,9.315151000000000681e-02,3.283810666666666977e+06
4.365500000000000000e+03,8.894999999999998863e+01,9.318384000000000389e-02,3.298951333333333023e+06
4.375500000000000000e+03,8.891085999999999956e+01,9.320473000000001340e-02,3.314127666666666977e+06
4.385500000000000000e+03,8.891085000000001060e+01,9.327001000000000042e-02,3.329339000000000000e+06
4.395500000000000000e+03,8.895283999999999480e+01,9.320736999999999772e-02,3.344585666666666977e+06
4.405500000000000000e+03,8.891984999999999673e+01,9.317986000000001712e-02,3.359867333333333489e+06
4.415500000000000000e+03,8.894615000000000293e+01,9.320415000000001338e-02,3.375183333333333489e+06
4.425500000000000000e+03,8.892540999999999940e+01,9.323002999999999152e-02,3.390534333333333489e+06
4.435500000000000000e+03,8.890856999999999744e+01,9.334096000000000060e-02,3.405920333333333023e+06
4.445500000000000000e+03,8.892901000000000522e+01,9.327830000000000843e-02,3.421342000000000000e+06
4.455500000000000000e+03,8.890442000000000178e+01,9.324533000000000127e-02,3.436798666666666977e+06
4.465500000000000000e+03,8.890886000000000422e+01,9.324776999999999372e-02,3.452290666666666511e+06
4.475500000000000000e+03,8.893643000000000143e+01,9.323925000000000962e-02,3.467815000000000000e+06
4.485500000000000000e+03,8.892515000000000214e+01,9.339411999999999714e-02,3.483376666666666977e+06
4.495500000000000000e+03,8.892400000000000659e+01,9.327476999999999296e-02,3.498974000000000000e+06
4.505500000000000000e+03,8.892314000000000362e+01,9.327247000000001009e-02,3.514603333333333489e+06
4.515500000000000000e+03,8.893471999999999866e+01,9.326856000000000035e-02,3.530268666666666977e+06
4.525500000000000000e+03,8.893456999999999368e+01,9.328427999999999720e-02,3.545970000000000000e+06
4.535500000000000000e+03,8.893444000000000926e+01,9.324941000000000479e-02,3.561705666666666511e+06
4.545500000000000000e+03,8.893458000000001107e+01,9.321543000000000190e-02,3.577476333333333489e+06
4.555500000000000000e+03,8.894514999999999816e+01,9.330975999999999160e-02,3.593283333333333489e+06
4.565500000000000000e+03,8.894014000000001374e+01,9.323518999999999557e-02,3.609123000000000000e+06
4.575500000000000000e+03,8.890071999999999264e+01,9.330212000000000228e-02,3.625000333333333023e+06
4.585500000000000000e+03,8.893500000000000227e+01,9.330995999999999735e-02,3.640911000000000000e+06
4.595500000000000000e+03,8.893641999999999825e+01,9.326916000000000373e-02,3.656857333333333489e+06
4.605500000000000000e+03,8.893170000000000641e+01,9.330488000000000670e-02,3.672839000000000000e+06
4.615500000000000000e+03,8.891898000000000479e+01,9.335121999999998477e-02,3.688855000000000000e+06
4.625500000000000000e+03,8.891700000000000159e+01,9.332260000000000555e-02,3.704907000000000000e+06
4.635500000000000000e+03,8.893599000000000387e+01,9.336919999999998554e-02,3.720993000000000000e+06
4.645500000000000000e+03,8.894028000000000134e+01,9.333370000000000555e-02,3.737115666666666977e+06
4.655500000000000000e+03,8.893672000000000821e+01,9.337002999999999275e-02,3.753273666666666511e+06
4.665500000000000000e+03,8.893612999999999147e+01,9.331079000000000456e-02,3.769464000000000000e+06
4.675500000000000000e+03,8.894856000000000051e+01,9.332374000000000225e-02,3.785691666666666511e+06
4.685500000000000000e+03,8.893429000000000428e+01,9.339937000000000933e-02,3.801954000000000931e+06
4.695500000000000000e+03,8.892042999999999608e+01,9.333722000000001240e-02,3.818250333333333489e+06
4.705500000000000000e+03,8.895543999999999585e+01,9.330147000000001134e-02,3.834582333333333023e+06
4.715500000000000000e+03,8.894912999999999670e+01,9.333146999999999971e-02,3.850949333333333489e+06
4.725500000000000000e+03,8.894228999999999985e+01,9.334137000000000683e-02,3.867350666666666511e+06
4.735500000000000000e+03,8.891343000000000529e+01,9.333336000000000410e-02,3.883787333333333023e+06
4.745500000000000000e+03,8.891755999999999460e+01,9.337482999999999200e-02,3.900258333333333489e+06
4.755500000000000000e+03,8.892983999999999867e+01,9.332477999999999607e-02,3.916764000000000000e+06
4.765500000000000000e+03,8.894827999999998269e+01,9.333080000000000542e-02,3.933304666666666977e+06
4.775500000000000000e+03,8.897214999999998497e+01,9.333905000000000673e-02,3.949878999999999069e+06
4.785500000000000000e+03,8.895857999999999777e+01,9.333267000000000646e-02,3.966489000000000000e+06
4.795500000000000000e+03,8.893814000000000419e+01,9.341030000000000166e-02,3.983133333333333023e+06
4.805500000000000000e+03,8.894386999999998977e+01,9.338555000000001161e-02,3.999812333333333023e+06
4.815500000000000000e+03,8.895714999999999861e+01,9.323262000000000216e-02,4.016526333333333489e+06
4.825500000000000000e+03,8.893671000000001925e+01,9.330718000000000345e-02,4.033276666666666977e+06
4.835500000000000000e+03,8.892071999999998866e+01,9.323404000000001801e-02,4.050060333333333489e+06
4.845500000000000000e+03,8.894814999999999827e+01,9.326389000000000207e-02,4.066880333333333489e+06
4.855500000000000000e+03,8.895457000000000392e+01,9.330008000000000745e-02,4.083733333333333023e+06
4.865500000000000000e+03,8.895197999999999183e+01,9.323713000000000140e-02,4.100624666666666977e+06
4.875500000000000000e+03,8.897472000000000492e+01,9.326265000000000249e-02,4.117547666666666511e+06
4.885500000000000000e+03,8.893200000000000216e+01,9.323254000000000263e-02,4.134507333333333489e+06
4.895500000000000000e+03,8.895399999999999352e+01,9.329273000000000426e-02,4.151501666666666511e+06
4.905500000000000000e+03,8.894899999999999807e+01,9.329365000000001962e-02,4.168529333333333489e+06
4.915500000000000000e+03,8.897629000000000588e+01,9.329537000000001634e-02,4.185591666666666511e+06
4.925500000000000000e+03,8.896256999999999948e+01,9.322989000000000970e-02,4.202691333333333954e+06
4.935500000000000000e+03,8.897985000000001321e+01,9.325970000000001481e-02,4.219823666666666977e+06
4.945500000000000000e+03,8.894113999999999010e+01,9.329209000000002194e-02,4.236991333333333023e+06
4.955500000000000000e+03,8.894701000000000590e+01,9.329909000000000119e-02,4.254194666666666977e+06
4.965500000000000000e+03,8.897670999999999708e+01,9.322765999999998998e-02,4.271433000000000931e+06
4.975500000000000000e+03,8.895858000000001198e+01,9.334443000000000601e-02,4.288705333333333023e+06
4.985500000000000000e+03,8.895672999999999320e+01,9.326533000000000739e-02,4.306014333333333023e+06
4.995500000000000000e+03,8.897214999999999918e+01,9.323660999999999754e-02,4.323356666666666977e+06
