5.500000000000000000e+00,5.542029999999999745e+01,1.570027199999999823e+02,4.667152433333333406e+00
1.550000000000000000e+01,7.018155000000000143e+01,1.962658000000000058e+01,2.713920666666666648e+01
2.550000000000000000e+01,6.632012000000000285e+01,1.085287100000000038e+01,6.789947666666667203e+01
3.550000000000000000e+01,6.477258000000000493e+01,5.478209000000000550e+00,1.260873699999999928e+02
4.550000000000000000e+01,6.854115999999999076e+01,5.405347999999999153e+00,2.012566333333333262e+02
5.550000000000000000e+01,6.879186999999998875e+01,4.263299999999999201e+00,2.932588000000000648e+02
6.550000000000000000e+01,7.213271000000000299e+01,2.503796000000000355e+00,4.022323333333333153e+02
7.550000000000000000e+01,7.378526999999999703e+01,2.369081999999999688e+00,5.283986999999999625e+02
8.550000000000000000e+01,7.588127999999998963e+01,2.079465600000000247e+00,6.715067666666666355e+02
9.550000000000000000e+01,6.915071000000000367e+01,1.598303000000000029e+00,8.315041333333332432e+02
1.055000000000000000e+02,6.918940999999999519e+01,1.166032299999999911e+00,1.008254400000000032e+03
1.155000000000000000e+02,7.229527999999999111e+01,1.069826799999999967e+00,1.201705999999999904e+03
1.255000000000000000e+02,6.970797999999999206e+01,7.453970999999999236e-01,1.411902333333333445e+03
1.355000000000000000e+02,7.130346000000000117e+01,6.193193999999999644e-01,1.638982999999999720e+03
1.455000000000000000e+02,7.080985000000001151e+01,8.254007999999999345e-01,1.883004999999999882e+03
1.555000000000000000e+02,6.790399999999999636e+01,7.748155999999999377e-01,2.143965333333333092e+03
1.655000000000000000e+02,6.642829000000000406e+01,7.329923000000000410e-01,2.421785333333333710e+03
1.755000000000000000e+02,7.285386000000001161e+01,4.927932999999999342e-01,2.716420666666666420e+03
1.855000000000000000e+02,7.024513999999999214e+01,7.503104999999999913e-01,3.027746666666666897e+03
1.955000000000000000e+02,7.192584999999999695e+01,6.082853999999999761e-01,3.355614666666666835e+03
2.055000000000000000e+02,7.599656000000001654e+01,4.910259000000000151e-01,3.700071666666666715e+03
2.155000000000000000e+02,7.471698999999998136e+01,5.698024999999999896e-01,4.061188333333333048e+03
2.255000000000000000e+02,7.201072000000000628e+01,5.216560000000000086e-01,4.438751000000000204e+03
2.355000000000000000e+02,7.453855999999998971e+01,4.598556000000000310e-01,4.832831666666666933e+03
2.455000000000000000e+02,7.454157000000000721e+01,3.697074000000000193e-01,5.243686999999999898e+03
2.555000000000000000e+02,7.048186000000001172e+01,5.614966000000000124e-01,5.671462000000000444e+03
2.655000000000000000e+02,7.026412999999999442e+01,4.223793000000000686e-01,6.116065666666667312e+03
2.755000000000000000e+02,7.261198999999999160e+01,3.680781000000000747e-01,6.577455666666666730e+03
2.855000000000000000e+02,6.902344000000000790e+01,2.838295000000000123e-01,7.055766666666665515e+03
2.955000000000000000e+02,7.231201000000000079e+01,2.762763999999999776e-01,7.551120333333334202e+03
3.055000000000000000e+02,7.315630000000000166e+01,2.806274000000000823e-01,8.063416999999999462e+03
3.155000000000000000e+02,7.320099000000000444e+01,2.851753000000000204e-01,8.592664000000000669e+03
3.255000000000000000e+02,7.092458000000000595e+01,1.857730999999999966e-01,9.138735000000000582e+03
3.355000000000000000e+02,7.055842999999998710e+01,2.321406999999999776e-01,9.701602333333332354e+03
3.455000000000000000e+02,7.539056999999999675e+01,2.041386999999999785e-01,1.028127866666666705e+04
3.555000000000000000e+02,7.123184999999999434e+01,1.994699000000000055e-01,1.087782999999999993e+04
3.655000000000000000e+02,7.515372000000000696e+01,1.722528000000000115e-01,1.149128333333333467e+04
3.755000000000000000e+02,7.280915000000000248e+01,1.617836000000000274e-01,1.212161999999999898e+04
3.855000000000000000e+02,7.146414000000000044e+01,1.541347000000000134e-01,1.276890333333333183e+04
3.955000000000000000e+02,7.649485000000001378e+01,1.718310000000000115e-01,1.343311666666666497e+04
4.055000000000000000e+02,7.574642999999998949e+01,1.558323000000000069e-01,1.411423333333333176e+04
4.155000000000000000e+02,7.376399000000000683e+01,1.850003000000000342e-01,1.481228000000000247e+04
4.255000000000000000e+02,7.516387000000000285e+01,1.564106000000000107e-01,1.552728000000000247e+04
4.355000000000000000e+02,7.596085999999999672e+01,1.505093000000000125e-01,1.625922999999999956e+04
4.455000000000000000e+02,7.356042000000000769e+01,1.516995999999999900e-01,1.700803333333333285e+04
4.555000000000000000e+02,7.575829000000000235e+01,1.502581000000000055e-01,1.777359666666666817e+04
4.655000000000000000e+02,7.605355999999999028e+01,1.380813999999999930e-01,1.855603333333333285e+04
4.755000000000000000e+02,7.730626999999999782e+01,1.422941999999999818e-01,1.935527666666666482e+04
4.855000000000000000e+02,7.824899999999999523e+01,1.468560000000000143e-01,2.017129666666666890e+04
4.955000000000000000e+02,7.915829999999999700e+01,1.687321999999999989e-01,2.100423666666666759e+04
5.055000000000000000e+02,7.813499000000000194e+01,1.344493999999999967e-01,2.185411333333333096e+04
5.155000000000000000e+02,7.664813999999999794e+01,1.383300000000000085e-01,2.272107666666666773e+04
5.255000000000000000e+02,7.875426999999999111e+01,1.400552000000000186e-01,2.360487666666666701e+04
5.355000000000000000e+02,7.886514000000001090e+01,1.324856999999999840e-01,2.450558333333333212e+04
5.455000000000000000e+02,7.870971999999999014e+01,1.666166000000000036e-01,2.542324333333333561e+04
5.555000000000000000e+02,7.826127999999999929e+01,1.615733999999999781e-01,2.635782333333333372e+04
5.655000000000000000e+02,7.880585999999999558e+01,1.513480000000000103e-01,2.730927333333333445e+04
5.755000000000000000e+02,7.934914000000000556e+01,1.339680999999999789e-01,2.827762333333333299e+04
5.855000000000000000e+02,7.970213999999999999e+01,1.817652000000000156e-01,2.926292333333332863e+04
5.955000000000000000e+02,7.996584999999998900e+01,1.275712999999999986e-01,3.026512333333333299e+04
6.055000000000000000e+02,7.808227999999999724e+01,2.122021999999999797e-01,3.128424666666666599e+04
6.155000000000000000e+02,8.003513999999998418e+01,1.745487000000000011e-01,3.232041333333333023e+04
6.255000000000000000e+02,7.848600999999999317e+01,1.709341999999999806e-01,3.337383000000000175e+04
6.355000000000000000e+02,8.026883999999999730e+01,2.036661999999999639e-01,3.444443000000000757e+04
6.455000000000000000e+02,8.072672000000000025e+01,1.906200000000000394e-01,3.553206999999999243e+04
6.555000000000000000e+02,8.087586000000001718e+01,1.498568000000000122e-01,3.663675999999999476e+04
6.655000000000000000e+02,8.040515000000000612e+01,1.822051000000000087e-01,3.775858333333332848e+04
6.755000000000000000e+02,8.079612999999999090e+01,2.093891000000000224e-01,3.889758666666666250e+04
6.855000000000000000e+02,8.039056999999999675e+01,1.976281000000000010e-01,4.005376000000000204e+04
6.955000000000000000e+02,8.120641000000000531e+01,1.505062999999999818e-01,4.122707333333333372e+04
7.055000000000000000e+02,8.034628000000000725e+01,1.714474999999999749e-01,4.241759333333333780e+04
7.155000000000000000e+02,8.123814999999999031e+01,2.254683999999999577e-01,4.362517000000000553e+04
7.255000000000000000e+02,8.151757999999999527e+01,1.920020999999999811e-01,4.484969333333332906e+04
7.355000000000000000e+02,8.044016000000000588e+01,1.668430000000000191e-01,4.609134000000000378e+04
7.455000000000000000e+02,8.032428000000000168e+01,1.766703000000000023e-01,4.735008666666666977e+04
7.555000000000000000e+02,7.966844000000000392e+01,1.641930999999999807e-01,4.862590000000000146e+04
7.655000000000000000e+02,8.112713999999999714e+01,1.753335000000000032e-01,4.991875000000000000e+04
7.755000000000000000e+02,8.115801000000000442e+01,1.901709000000000038e-01,5.122880999999999767e+04
7.855000000000000000e+02,8.170329000000000974e+01,2.037798000000000109e-01,5.255599000000000524e+04
7.955000000000000000e+02,8.002000999999998498e+01,1.706059999999999799e-01,5.390025666666666802e+04
8.055000000000000000e+02,8.185885000000000389e+01,1.945010999999999823e-01,5.526166333333333023e+04
8.155000000000000000e+02,8.159859000000000151e+01,2.077780999999999934e-01,5.664021666666665988e+04
8.255000000000000000e+02,8.108144000000000062e+01,1.774743000000000015e-01,5.803600000000000000e+04
8.355000000000000000e+02,8.272456999999999994e+01,2.012068999999999941e-01,5.944909333333333780e+04
8.455000000000000000e+02,8.217957999999998719e+01,1.800786000000000053e-01,6.087942666666667355e+04
8.555000000000000000e+02,8.116841999999999757e+01,1.758698999999999957e-01,6.232696999999999389e+04
8.655000000000000000e+02,8.207927999999999713e+01,2.045434000000000141e-01,6.379171999999999389e+04
8.755000000000000000e+02,8.083500000000000796e+01,2.058082000000000245e-01,6.527369999999999709e+04
8.855000000000000000e+02,8.281727999999999668e+01,1.800230000000000163e-01,6.677277999999999884e+04
8.955000000000000000e+02,8.111484000000000094e+01,2.008071000000000161e-01,6.828879666666666162e+04
9.055000000000000000e+02,8.221842000000000894e+01,1.828046000000000115e-01,6.982173000000001048e+04
9.155000000000000000e+02,8.186357000000000994e+01,1.967684000000000100e-01,7.137175999999999476e+04
9.255000000000000000e+02,8.305629999999999313e+01,1.557254999999999889e-01,7.293881000000001222e+04
9.355000000000000000e+02,8.219870999999999128e+01,1.779670000000000418e-01,7.452287666666666337e+04
9.455000000000000000e+02,8.184770000000000323e+01,1.996074000000000181e-01,7.612394999999999709e+04
9.555000000000000000e+02,8.191228999999998450e+01,1.889176999999999940e-01,7.774216000000000349e+04
9.655000000000000000e+02,8.294601000000000113e+01,1.779974000000000001e-01,7.937751666666666279e+04
9.755000000000000000e+02,8.266015000000000157e+01,1.611294000000000060e-01,8.102999666666667326e+04
9.855000000000000000e+02,8.226228000000000407e+01,1.657614000000000032e-01,8.269949333333331742e+04
9.955000000000000000e+02,8.240629000000001270e+01,1.553338999999999692e-01,8.438593666666666104e+04
1.005500000000000000e+03,8.289086000000000354e+01,1.850225000000000064e-01,8.608940666666667676e+04
1.015500000000000000e+03,8.214943999999999846e+01,1.731309999999999794e-01,8.780993333333331975e+04
1.025500000000000000e+03,8.207456999999998004e+01,1.856788000000000050e-01,8.954753333333334012e+04
1.035500000000000000e+03,8.127000000000001023e+01,1.840858000000000216e-01,9.130217999999999302e+04
1.045500000000000000e+03,8.252826999999999202e+01,1.577423999999999771e-01,9.307392333333333954e+04
1.055500000000000000e+03,8.298013999999999157e+01,1.629628999999999939e-01,9.486279333333332033e+04
1.065500000000000000e+03,8.327770999999999901e+01,1.633660000000000112e-01,9.666875666666665347e+04
1.075500000000000000e+03,8.406557000000000812e+01,1.826316000000000050e-01,9.849194000000001688e+04
1.085500000000000000e+03,8.476841999999999189e+01,1.525612000000000079e-01,1.003324199999999983e+05
1.095500000000000000e+03,8.389527000000001067e+01,1.707989000000000035e-01,1.021903666666666686e+05
1.105500000000000000e+03,8.536229000000000156e+01,1.479695000000000038e-01,1.040655333333333401e+05
1.115500000000000000e+03,8.519500999999999635e+01,1.659587000000000145e-01,1.059581000000000058e+05
1.125500000000000000e+03,8.464000000000000057e+01,1.704591000000000300e-01,1.078678999999999942e+05
1.135500000000000000e+03,8.638300000000000978e+01,1.559554000000000218e-01,1.097948666666666541e+05
1.145500000000000000e+03,8.623870999999999754e+01,1.740644000000000080e-01,1.117393333333333285e+05
1.155500000000000000e+03,8.641285999999999490e+01,1.597257000000000260e-01,1.137011333333333459e+05
1.165500000000000000e+03,8.684472000000000946e+01,1.836813000000000196e-01,1.156802333333333518e+05
1.175500000000000000e+03,8.608386000000000138e+01,1.707954999999999890e-01,1.176763666666666686e+05
1.185500000000000000e+03,8.656242999999999199e+01,1.585146000000000055e-01,1.196898999999999942e+05
1.195500000000000000e+03,8.590614000000000772e+01,1.599811999999999901e-01,1.217209666666666744e+05
1.205500000000000000e+03,8.678399999999999181e+01,1.344375000000000153e-01,1.237691666666666570e+05
1.215500000000000000e+03,8.728042999999999552e+01,1.758782000000000123e-01,1.258346999999999971e+05
1.225500000000000000e+03,8.618956000000000017e+01,1.544444999999999846e-01,1.279176000000000058e+05
1.235500000000000000e+03,8.694456999999998459e+01,1.293045999999999918e-01,1.300181000000000058e+05
1.245500000000000000e+03,8.673130000000000450e+01,1.332861000000000185e-01,1.321357000000000116e+05
1.255500000000000000e+03,8.702827999999999520e+01,1.685556000000000276e-01,1.342705333333333256e+05
1.265500000000000000e+03,8.659626999999997565e+01,1.608629000000000031e-01,1.364226999999999825e+05
1.275500000000000000e+03,8.663385999999999854e+01,1.629576000000000080e-01,1.385923333333333430e+05
1.285500000000000000e+03,8.684229000000000553e+01,1.355766999999999667e-01,1.407792666666666628e+05
1.295500000000000000e+03,8.697670000000000812e+01,1.521741999999999817e-01,1.429834666666666453e+05
1.305500000000000000e+03,8.705298999999999410e+01,1.620801999999999798e-01,1.452050666666666802e+05
1.315500000000000000e+03,8.684355999999999653e+01,1.558701000000000114e-01,1.474440000000000000e+05
1.325500000000000000e+03,8.688241999999999621e+01,1.542803000000000091e-01,1.497006000000000058e+05
1.335500000000000000e+03,8.636499999999999488e+01,1.389779999999999904e-01,1.519743333333333430e+05
1.345500000000000000e+03,8.696586000000000638e+01,1.308844000000000118e-01,1.542654999999999709e+05
1.355500000000000000e+03,8.633386000000000138e+01,1.256948999999999983e-01,1.565742333333333372e+05
1.365500000000000000e+03,8.688528999999998348e+01,1.369293999999999789e-01,1.589005000000000000e+05
1.375500000000000000e+03,8.708673000000001707e+01,1.203097999999999945e-01,1.612440333333333547e+05
1.385500000000000000e+03,8.688245000000000573e+01,1.214792999999999845e-01,1.636050000000000000e+05
1.395500000000000000e+03,8.693400000000001171e+01,1.142978000000000049e-01,1.659833000000000175e+05
1.405500000000000000e+03,8.666228999999998450e+01,1.136770999999999754e-01,1.683790999999999767e+05
1.415500000000000000e+03,8.690243000000000961e+01,1.196798000000000028e-01,1.707923666666666395e+05
1.425500000000000000e+03,8.709499999999999886e+01,1.090932999999999903e-01,1.732231333333333314e+05
1.435500000000000000e+03,8.675144000000000233e+01,1.083226000000000050e-01,1.756713333333333430e+05
1.445500000000000000e+03,8.683113999999999066e+01,1.064254999999999923e-01,1.781370333333333547e+05
1.455500000000000000e+03,8.682399999999999807e+01,1.095866000000000062e-01,1.806199999999999709e+05
1.465500000000000000e+03,8.705530000000000257e+01,1.107792999999999972e-01,1.831205000000000291e+05
1.475500000000000000e+03,8.717515000000000214e+01,1.086504000000000081e-01,1.856384333333333198e+05
1.485500000000000000e+03,8.733011999999999375e+01,1.188031999999999977e-01,1.881737666666666628e+05
1.495500000000000000e+03,8.730528000000001043e+01,1.180249000000000159e-01,1.907264333333332906e+05
1.505500000000000000e+03,8.731397999999998660e+01,1.050016000000000005e-01,1.932963999999999942e+05
1.515500000000000000e+03,8.715885000000000105e+01,1.085126000000000007e-01,1.958837000000000116e+05
1.525500000000000000e+03,8.729372999999999649e+01,1.105666000000000010e-01,1.984881999999999825e+05
1.535500000000000000e+03,8.730472000000000321e+01,1.050912999999999986e-01,2.011095999999999767e+05
1.545500000000000000e+03,8.731586000000000070e+01,1.106426000000000076e-01,2.037484666666666744e+05
1.555500000000000000e+03,8.743627999999999645e+01,1.065781999999999979e-01,2.064046000000000058e+05
1.565500000000000000e+03,8.717485999999999535e+01,1.070915999999999951e-01,2.090781333333333314e+05
1.575500000000000000e+03,8.719584999999999297e+01,1.069033000000000067e-01,2.117688333333333430e+05
1.585500000000000000e+03,8.731085000000000207e+01,1.050908000000000120e-01,2.144770333333333547e+05
1.595500000000000000e+03,8.704500000000000171e+01,1.081725000000000048e-01,2.172028666666666395e+05
1.605500000000000000e+03,8.751642999999999972e+01,1.059445999999999860e-01,2.199460000000000000e+05
1.615500000000000000e+03,8.712343000000001325e+01,1.127506000000000064e-01,2.227067666666666628e+05
1.625500000000000000e+03,8.727786000000000399e+01,1.054623999999999978e-01,2.254847333333333081e+05
1.635500000000000000e+03,8.737084999999999013e+01,1.143896000000000218e-01,2.282802666666666919e+05
1.645500000000000000e+03,8.712113999999999692e+01,1.081415999999999905e-01,2.310931000000000058e+05
1.655500000000000000e+03,8.721714000000000055e+01,1.073183000000000054e-01,2.339236333333333023e+05
1.665500000000000000e+03,8.724370999999999299e+01,1.078883000000000064e-01,2.367717000000000116e+05
1.675500000000000000e+03,8.754314999999999714e+01,1.137541000000000108e-01,2.396373666666666395e+05
1.685500000000000000e+03,8.759929000000002475e+01,1.107135999999999953e-01,2.425203999999999942e+05
1.695500000000000000e+03,8.725799999999999557e+01,1.047061999999999993e-01,2.454207666666666628e+05
1.705500000000000000e+03,8.745613999999999066e+01,1.054226000000000052e-01,2.483386666666666861e+05
1.715500000000000000e+03,8.746030000000000371e+01,1.206912999999999875e-01,2.512737666666666628e+05
1.725500000000000000e+03,8.757914999999999850e+01,1.161374000000000156e-01,2.542262666666666628e+05
1.735500000000000000e+03,8.770900000000000318e+01,1.053849000000000036e-01,2.571962000000000116e+05
1.745500000000000000e+03,8.743057000000000301e+01,1.107016999999999862e-01,2.601834666666666453e+05
1.755500000000000000e+03,8.768328999999999951e+01,1.140264000000000000e-01,2.631881333333333605e+05
1.765500000000000000e+03,8.753085999999998990e+01,1.168746000000000090e-01,2.662098666666666395e+05
1.775500000000000000e+03,8.792001000000000488e+01,1.153868000000000116e-01,2.692492000000000698e+05
1.785500000000000000e+03,8.747701000000000704e+01,1.067433000000000132e-01,2.723058666666666977e+05
1.795500000000000000e+03,8.762529000000000678e+01,1.120439000000000018e-01,2.753801000000000349e+05
1.805500000000000000e+03,8.762228000000000350e+01,1.193918999999999953e-01,2.784718333333333721e+05
1.815500000000000000e+03,8.777242000000001099e+01,1.107651999999999803e-01,2.815811333333333023e+05
1.825500000000000000e+03,8.765900000000000603e+01,1.174401000000000056e-01,2.847078666666666395e+05
1.835500000000000000e+03,8.754185000000001082e+01,1.090198000000000278e-01,2.878522999999999884e+05
1.845500000000000000e+03,8.764612999999999943e+01,1.146264000000000172e-01,2.910142000000000116e+05
1.855500000000000000e+03,8.772956999999999539e+01,1.160268000000000133e-01,2.941934333333332906e+05
1.865500000000000000e+03,8.772071000000001106e+01,1.090278999999999970e-01,2.973899000000000233e+05
1.875500000000000000e+03,8.790314999999999657e+01,1.160651000000000044e-01,3.006037000000000116e+05
1.885500000000000000e+03,8.786129000000001099e+01,1.203135999999999928e-01,3.038348333333333139e+05
1.895500000000000000e+03,8.782670999999999140e+01,1.169140000000000040e-01,3.070832000000000116e+05
1.905500000000000000e+03,8.785785000000001332e+01,1.199739999999999973e-01,3.103489333333332906e+05
1.915500000000000000e+03,8.770086000000000581e+01,1.160444000000000059e-01,3.136321333333333605e+05
1.925500000000000000e+03,8.783742999999999768e+01,1.130973999999999868e-01,3.169329666666666744e+05
1.935500000000000000e+03,8.742515000000000214e+01,1.116880999999999985e-01,3.202512999999999884e+05
1.945500000000000000e+03,8.799672000000001049e+01,1.184941999999999940e-01,3.235873666666666395e+05
1.955500000000000000e+03,8.802272999999999570e+01,1.086114600000000208e-01,3.269408333333333721e+05
1.965500000000000000e+03,8.796499000000000024e+01,1.094341999999999954e-01,3.303117999999999302e+05
1.975500000000000000e+03,8.772343000000000757e+01,1.044216300000000014e-01,3.337001000000000349e+05
1.985500000000000000e+03,8.790071000000000367e+01,1.114541999999999894e-01,3.371059333333332906e+05
1.995500000000000000e+03,8.768856999999999857e+01,1.107185799999999831e-01,3.405292333333332790e+05
2.005500000000000000e+03,8.780986000000000047e+01,1.055140400000000034e-01,3.439700999999999767e+05
2.015500000000000000e+03,8.771155999999999153e+01,1.058937299999999915e-01,3.474285333333333256e+05
2.025500000000000000e+03,8.782101000000001534e+01,1.055845099999999925e-01,3.509044666666666744e+05
2.035500000000000000e+03,8.803114000000000772e+01,1.105238100000000001e-01,3.543980000000000000e+05
2.045500000000000000e+03,8.772628999999999166e+01,1.119508999999999921e-01,3.579091333333333605e+05
2.055500000000000000e+03,8.794170999999998628e+01,1.025071700000000086e-01,3.614377666666666628e+05
2.065500000000000000e+03,8.785085999999998307e+01,1.083417000000000130e-01,3.649838666666666977e+05
2.075500000000000000e+03,8.784413999999999589e+01,1.077334399999999998e-01,3.685474666666666744e+05
2.085500000000000000e+03,8.785400999999998817e+01,1.047014799999999857e-01,3.721287999999999884e+05
2.095500000000000000e+03,8.766414999999999225e+01,1.021788500000000155e-01,3.757274333333332906e+05
2.105500000000000000e+03,8.810173000000000343e+01,1.035201000000000038e-01,3.793437999999999884e+05
2.115500000000000000e+03,8.758586999999998568e+01,1.017396799999999990e-01,3.829774666666666162e+05
2.125500000000000000e+03,8.793828999999999496e+01,1.016483299999999951e-01,3.866285333333333256e+05
2.135500000000000000e+03,8.799871000000000265e+01,1.015114000000000016e-01,3.902969333333332906e+05
2.145500000000000000e+03,8.761858000000000857e+01,1.024160999999999822e-01,3.939827333333333372e+05
2.155500000000000000e+03,8.781184999999999263e+01,1.005243999999999999e-01,3.976861333333333023e+05
2.165500000000000000e+03,8.797901999999999134e+01,1.002646299999999935e-01,4.014069666666666744e+05
2.175500000000000000e+03,8.769530000000000314e+01,9.980980999999998493e-02,4.051452333333333372e+05
2.185500000000000000e+03,8.786400000000000432e+01,1.006122399999999917e-01,4.089009666666666744e+05
2.195500000000000000e+03,8.734741000000001065e+01,9.984405999999999837e-02,4.126742999999999884e+05
2.205500000000000000e+03,8.754684999999999206e+01,1.003141999999999923e-01,4.164650000000000000e+05
2.215500000000000000e+03,8.772015999999999281e+01,1.024167400000000061e-01,4.202733666666665813e+05
2.225500000000000000e+03,8.730027999999998656e+01,9.928815999999998643e-02,4.240992000000000116e+05
2.235500000000000000e+03,8.756600000000000250e+01,1.013933800000000052e-01,4.279425999999999767e+05
2.245500000000000000e+03,8.764615999999998053e+01,1.010968799999999862e-01,4.318034666666666162e+05
2.255500000000000000e+03,8.773343000000001268e+01,1.010803099999999927e-01,4.356816666666666279e+05
2.265500000000000000e+03,8.750843000000000416e+01,1.013164900000000090e-01,4.395775666666665929e+05
2.275500000000000000e+03,8.770971000000000117e+01,1.020900099999999949e-01,4.434909666666666162e+05
2.285500000000000000e+03,8.778457000000000221e+01,1.003469600000000128e-01,4.474220000000000000e+05
2.295500000000000000e+03,8.795270999999999617e+01,1.021703800000000051e-01,4.513704666666666744e+05
2.305500000000000000e+03,8.785828999999999667e+01,9.967230000000001922e-02,4.553363666666665813e+05
2.315500000000000000e+03,8.734727000000000885e+01,1.003355100000000028e-01,4.593199000000000233e+05
2.325500000000000000e+03,8.786384999999999934e+01,1.000167400000000067e-01,4.633207999999999884e+05
2.335500000000000000e+03,8.770857000000000880e+01,1.001017599999999980e-01,4.673393666666665813e+05
2.345500000000000000e+03,8.789342000000002031e+01,9.965736999999999512e-02,4.713751666666666279e+05
2.355500000000000000e+03,8.754442000000000235e+01,9.929092000000000473e-02,4.754287333333332790e+05
2.365500000000000000e+03,8.752270000000000039e+01,9.944488999999999412e-02,4.794999333333332906e+05
2.375500000000000000e+03,8.759501000000000204e+01,9.925931000000001725e-02,4.835886333333333023e+05
2.385500000000000000e+03,8.816227999999998133e+01,9.920545000000000058e-02,4.876949666666666744e+05
2.395500000000000000e+03,8.746886000000000649e+01,9.964374000000000842e-02,4.918188333333333139e+05
2.405500000000000000e+03,8.758756999999999948e+01,9.976717999999999698e-02,4.959601333333333023e+05
2.415500000000000000e+03,8.746200000000001751e+01,9.946583000000000507e-02,5.001193333333333139e+05
2.425500000000000000e+03,8.816355999999998971e+01,9.990401000000001530e-02,5.042957999999999302e+05
2.435500000000000000e+03,8.791630000000000678e+01,9.991986999999999397e-02,5.084898666666665813e+05
2.445500000000000000e+03,8.752599999999999625e+01,9.910212999999999661e-02,5.127016333333333023e+05
2.455500000000000000e+03,8.736686000000001684e+01,9.938175000000000481e-02,5.169311666666666861e+05
2.465500000000000000e+03,8.770427999999999713e+01,9.928922999999999222e-02,5.211783333333333139e+05
2.475500000000000000e+03,8.789958000000000027e+01,9.904330999999999552e-02,5.254429333333333489e+05
2.485500000000000000e+03,8.796699000000000979e+01,9.962395000000000278e-02,5.297252333333333954e+05
2.495500000000000000e+03,8.778055999999999415e+01,9.942231999999999459e-02,5.340251000000000931e+05
2.505500000000000000e+03,8.773141999999998575e+01,9.888566000000000022e-02,5.383426999999999534e+05
2.515500000000000000e+03,8.788602000000000203e+01,9.891769999999999730e-02,5.426779333333333489e+05
2.525500000000000000e+03,8.813113000000001307e+01,9.911481000000001151e-02,5.470308000000000466e+05
2.535500000000000000e+03,8.814999000000000251e+01,9.890628999999999393e-02,5.514013333333332557e+05
2.545500000000000000e+03,8.808544000000000551e+01,9.932285999999999893e-02,5.557895000000000000e+05
2.555500000000000000e+03,8.829971000000000458e+01,9.932705000000000006e-02,5.601950666666666511e+05
2.565500000000000000e+03,8.828629000000000815e+01,9.930813000000000834e-02,5.646183666666666977e+05
2.575500000000000000e+03,8.792998000000000047e+01,9.899394999999999722e-02,5.690593000000000466e+05
2.585500000000000000e+03,8.788755999999997925e+01,9.901741999999999488e-02,5.735180333333333256e+05
2.595500000000000000e+03,8.806185000000000684e+01,9.926148999999999389e-02,5.779942333333332790e+05
2.605500000000000000e+03,8.786786000000000740e+01,9.918359000000000203e-02,5.824880999999998603e+05
2.615500000000000000e+03,8.824615000000001430e+01,9.885909000000001057e-02,5.869996666666667443e+05
2.625500000000000000e+03,8.829413999999999874e+01,9.934833000000001246e-02,5.915285000000000000e+05
2.635500000000000000e+03,8.814342999999999506e+01,9.889449999999999630e-02,5.960746999999999534e+05
2.645500000000000000e+03,8.795385999999999171e+01,9.931605999999999768e-02,6.006384999999998836e+05
2.655500000000000000e+03,8.814558999999999855e+01,9.895469999999999267e-02,6.052199000000000233e+05
2.665500000000000000e+03,8.812327999999999406e+01,9.926547000000000842e-02,6.098187666666666046e+05
2.675500000000000000e+03,8.811571000000000708e+01,9.897406999999999733e-02,6.144352333333332790e+05
2.685500000000000000e+03,8.815925999999998908e+01,9.888883000000001089e-02,6.190695666666666511e+05
2.695500000000000000e+03,8.814441999999999666e+01,9.900599000000000205e-02,6.237215000000000000e+05
2.705500000000000000e+03,8.798586000000000240e+01,9.907005999999998758e-02,6.283910999999999767e+05
2.715500000000000000e+03,8.807028999999998575e+01,9.941407999999998801e-02,6.330782666666666046e+05
2.725500000000000000e+03,8.817486000000000956e+01,9.869674999999998588e-02,6.377828000000000466e+05
2.735500000000000000e+03,8.819286000000001025e+01,9.878400999999999155e-02,6.425048000000000466e+05
2.745500000000000000e+03,8.814400999999999442e+01,9.898953999999998699e-02,6.472443666666666977e+05
2.755500000000000000e+03,8.807286999999999466e+01,9.877756000000000036e-02,6.520015999999998603e+05
2.765500000000000000e+03,8.784471000000002050e+01,9.927924000000000471e-02,6.567762999999999302e+05
2.775500000000000000e+03,8.803728999999999871e+01,9.889384000000001063e-02,6.615686666666666279e+05
2.785500000000000000e+03,8.811400000000000432e+01,9.856192999999999205e-02,6.663784000000000233e+05
2.795500000000000000e+03,8.817643000000001052e+01,9.860550999999999344e-02,6.712060666666666511e+05
2.805500000000000000e+03,8.817813999999999908e+01,9.886992000000000003e-02,6.760511333333331859e+05
2.815500000000000000e+03,8.813428999999999292e+01,9.857117999999999436e-02,6.809141999999999534e+05
2.825500000000000000e+03,8.828744000000000369e+01,9.857467000000000312e-02,6.857944000000000233e+05
2.835500000000000000e+03,8.831129000000001383e+01,9.838205999999999340e-02,6.906920666666666511e+05
2.845500000000000000e+03,8.844342000000000326e+01,9.858493999999998203e-02,6.956074000000000233e+05
2.855500000000000000e+03,8.833015000000000327e+01,9.840206999999999427e-02,7.005399000000000233e+05
2.865500000000000000e+03,8.834199999999998454e+01,9.837151000000000922e-02,7.054899333333333489e+05
2.875500000000000000e+03,8.832371999999999446e+01,9.850053000000000281e-02,7.104575000000001164e+05
2.885500000000000000e+03,8.815243000000000961e+01,9.830405000000000393e-02,7.154426999999999534e+05
2.895500000000000000e+03,8.816770999999999958e+01,9.830730999999999498e-02,7.204455666666666511e+05
2.905500000000000000e+03,8.814929000000002191e+01,9.865822000000000480e-02,7.254659333333333489e+05
2.915500000000000000e+03,8.825685999999998899e+01,9.808047000000000293e-02,7.305037666666667210e+05
2.925500000000000000e+03,8.823600000000000421e+01,9.804957999999999729e-02,7.355591999999999534e+05
2.935500000000000000e+03,8.825386000000000308e+01,9.842866000000000115e-02,7.406322666666667210e+05
2.945500000000000000e+03,8.831614999999999327e+01,9.827463000000000171e-02,7.457228333333333721e+05
2.955500000000000000e+03,8.815130000000000621e+01,9.783220000000000804e-02,7.508310333333333256e+05
2.965500000000000000e+03,8.819656999999999414e+01,9.815981000000000012e-02,7.559568000000000466e+05
2.975500000000000000e+03,8.825312999999999874e+01,9.812474000000000196e-02,7.611000333333334420e+05
2.985500000000000000e+03,8.824742999999999427e+01,9.818728999999999651e-02,7.662607666666667210e+05
2.995500000000000000e+03,8.836500999999999806e+01,9.811254999999999282e-02,7.714391333333333023e+05
3.005500000000000000e+03,8.830672000000001276e+01,9.800414999999998433e-02,7.766348333333332557e+05
3.015500000000000000e+03,8.834486000000001127e+01,9.821165000000001144e-02,7.818483000000000466e+05
3.025500000000000000e+03,8.830944000000002347e+01,9.829479999999998774e-02,7.870792333333332790e+05
3.035500000000000000e+03,8.828513999999999839e+01,9.813451000000000812e-02,7.923279333333333489e+05
3.045500000000000000e+03,8.830155999999999494e+01,9.800566999999998918e-02,7.975939333333333489e+05
3.055500000000000000e+03,8.838473000000001889e+01,9.806275000000000408e-02,8.028776999999999534e+05
3.065500000000000000e+03,8.837115000000001430e+01,9.789507999999999543e-02,8.081786333333333023e+05
3.075500000000000000e+03,8.833584999999999354e+01,9.810256000000000531e-02,8.134969000000000233e+05
3.085500000000000000e+03,8.848398999999999148e+01,9.798437000000000119e-02,8.188325333333334420e+05
3.095500000000000000e+03,8.843501000000000545e+01,9.800233999999999335e-02,8.241858000000000466e+05
3.105500000000000000e+03,8.843755999999999062e+01,9.789642000000001176e-02,8.295564666666665580e+05
3.115500000000000000e+03,8.841414999999999225e+01,9.782845999999999209e-02,8.349448999999999069e+05
3.125500000000000000e+03,8.844829000000000008e+01,9.774325999999999848e-02,8.403504000000000233e+05
3.135500000000000000e+03,8.838528000000000873e+01,9.768094999999998862e-02,8.457736666666666279e+05
3.145500000000000000e+03,8.840229999999999677e+01,9.794438000000001143e-02,8.512143333333333721e+05
3.155500000000000000e+03,8.823770999999999276e+01,9.782702000000000064e-02,8.566725000000000000e+05
3.165500000000000000e+03,8.847599999999998488e+01,9.785020999999999303e-02,8.621480666666666511e+05
3.175500000000000000e+03,8.843701000000000079e+01,9.773251000000000854e-02,8.676411333333334187e+05
3.185500000000000000e+03,8.840498999999999796e+01,9.793113999999999986e-02,8.731515333333334420e+05
3.195500000000000000e+03,8.852485999999998967e+01,9.793435999999999808e-02,8.786795666666666511e+05
3.205500000000000000e+03,8.853213999999999828e+01,9.775789999999999480e-02,8.842249666666665580e+05
3.215500000000000000e+03,8.852714000000000283e+01,9.783509999999999429e-02,8.897879333333332324e+05
3.225500000000000000e+03,8.852112999999999943e+01,9.782097000000000708e-02,8.953685999999999767e+05
3.235500000000000000e+03,8.858256000000000085e+01,9.774895000000000111e-02,9.009666333333331859e+05
3.245500000000000000e+03,8.856770000000000209e+01,9.766115000000000212e-02,9.065820999999999767e+05
3.255500000000000000e+03,8.864869999999999095e+01,9.787018999999999580e-02,9.122151333333334187e+05
3.265500000000000000e+03,8.842057000000001210e+01,9.785815000000000485e-02,9.178656333333334187e+05
3.275500000000000000e+03,8.854684999999999206e+01,9.781181999999999377e-02,9.235334666666665580e+05
3.285500000000000000e+03,8.857970999999999151e+01,9.778206000000000397e-02,9.292187666666666046e+05
3.295500000000000000e+03,8.852700000000000102e+01,9.777152000000000065e-02,9.349216999999999534e+05
3.305500000000000000e+03,8.854528000000000532e+01,9.780697000000000696e-02,9.406420000000000000e+05
3.315500000000000000e+03,8.846728999999999132e+01,9.755211999999999217e-02,9.463799333333333489e+05
3.325500000000000000e+03,8.860486000000000217e+01,9.765567999999999471e-02,9.521350999999999767e+05
3.335500000000000000e+03,8.857912999999999215e+01,9.771434000000001063e-02,9.579078333333332557e+05
3.345500000000000000e+03,8.858627999999998792e+01,9.762157000000000473e-02,9.636979000000000233e+05
3.355500000000000000e+03,8.860258000000000322e+01,9.767955000000000387e-02,9.695058333333333721e+05
3.365500000000000000e+03,8.850215000000000032e+01,9.769889999999999131e-02,9.753314666666667908e+05
3.375500000000000000e+03,8.859443000000000268e+01,9.760720999999999981e-02,9.811750333333332092e+05
3.385500000000000000e+03,8.868827999999999179e+01,9.739122000000001445e-02,9.870362666666666046e+05
3.395500000000000000e+03,8.853328999999999382e+01,9.767209999999999781e-02,9.929145999999999767e+05
3.405500000000000000e+03,8.853171000000000390e+01,9.764234999999998887e-02,9.988122333333333954e+05
3.415500000000000000e+03,8.857840999999999099e+01,9.766855000000000675e-02,1.004725366666666581e+06
3.425500000000000000e+03,8.851685999999999410e+01,9.763932000000000166e-02,1.010657066666666651e+06
3.435500000000000000e+03,8.847872000000000980e+01,9.763831000000000593e-02,1.016608466666666791e+06
3.445500000000000000e+03,8.853486999999998375e+01,9.757826999999999473e-02,1.022576000000000000e+06
3.455500000000000000e+03,8.858445000000000391e+01,9.755617999999999235e-02,1.028561000000000000e+06
3.465500000000000000e+03,8.867184000000000310e+01,9.731456000000000828e-02,1.034564666666666744e+06
3.475500000000000000e+03,8.866214000000000794e+01,9.771028000000001046e-02,1.040586666666666744e+06
3.485500000000000000e+03,8.870757000000000403e+01,9.768650000000000944e-02,1.046625000000000000e+06
3.495500000000000000e+03,8.865440999999999860e+01,9.741091000000000333e-02,1.052681000000000233e+06
3.505500000000000000e+03,8.875768999999999664e+01,9.737319000000001223e-02,1.058755333333333489e+06
3.515500000000000000e+03,8.863313999999999737e+01,9.744833999999999441e-02,1.064847666666666511e+06
3.525500000000000000e+03,8.862629000000001156e+01,9.760996000000000949e-02,1.070956666666666511e+06
3.535500000000000000e+03,8.870644000000000062e+01,9.749185000000000489e-02,1.077085333333333489e+06
3.545500000000000000e+03,8.879285999999999035e+01,9.744292000000001619e-02,1.083227666666666511e+06
3.555500000000000000e+03,8.865098999999999307e+01,9.731147999999999187e-02,1.089391666666666744e+06
3.565500000000000000e+03,8.870170999999997719e+01,9.735143000000000268e-02,1.095571333333333256e+06
3.575500000000000000e+03,8.867931000000001518e+01,9.732940000000001035e-02,1.101769333333333489e+06
3.585500000000000000e+03,8.878715000000001112e+01,9.731154999999999666e-02,1.107984666666666511e+06
3.595500000000000000e+03,8.867686000000000490e+01,9.742839000000000360e-02,1.114218000000000000e+06
3.605500000000000000e+03,8.882086000000001036e+01,9.743694999999999440e-02,1.120468000000000000e+06
3.615500000000000000e+03,8.873129000000000133e+01,9.745787999999999673e-02,1.126736333333333489e+06
3.625500000000000000e+03,8.869413000000000125e+01,9.749784000000000228e-02,1.133022000000000000e+06
3.635500000000000000e+03,8.876488000000000511e+01,9.733166999999999514e-02,1.139326000000000000e+06
3.645500000000000000e+03,8.882585000000001685e+01,9.746335000000000415e-02,1.145647000000000000e+06
3.655500000000000000e+03,8.874970999999999322e+01,9.741621000000000308e-02,1.151985000000000000e+06
3.665500000000000000e+03,8.874627999999998451e+01,9.722533000000001258e-02,1.158340666666666511e+06
3.675500000000000000e+03,8.876743000000001871e+01,9.760361999999998817e-02,1.164714666666666511e+06
3.685500000000000000e+03,8.877599999999999625e+01,9.724356000000000666e-02,1.171105333333333256e+06
3.695500000000000000e+03,8.888086999999998739e+01,9.737470000000000847e-02,1.177514666666666744e+06
3.705500000000000000e+03,8.874143999999999721e+01,9.739928999999999948e-02,1.183941000000000000e+06
3.715500000000000000e+03,8.875057000000001040e+01,9.746952999999999867e-02,1.190386000000000000e+06
3.725500000000000000e+03,8.863785000000000025e+01,9.726283999999998930e-02,1.196847333333333489e+06
3.735500000000000000e+03,8.878171999999999287e+01,9.722544000000001019e-02,1.203327666666666511e+06
3.745500000000000000e+03,8.877613999999999805e+01,9.727886000000000866e-02,1.209824333333333489e+06
3.755500000000000000e+03,8.882487000000000421e+01,9.728362999999999594e-02,1.216340000000000000e+06
3.765500000000000000e+03,8.881428999999998553e+01,9.749787000000000037e-02,1.222871666666666511e+06
3.775500000000000000e+03,8.890372000000002117e+01,9.728016999999999914e-02,1.229420999999999767e+06
3.785500000000000000e+03,8.883570999999999174e+01,9.723169000000000950e-02,1.235989000000000000e+06
3.795500000000000000e+03,8.877214999999999634e+01,9.728008999999999962e-02,1.242573666666666744e+06
3.805500000000000000e+03,8.880629000000000417e+01,9.724428000000000238e-02,1.249176000000000000e+06
3.815500000000000000e+03,8.880885999999999569e+01,9.729266999999998389e-02,1.255795999999999767e+06
3.825500000000000000e+03,8.881212999999999624e+01,9.740316000000001639e-02,1.262434000000000000e+06
3.835500000000000000e+03,8.879530000000001166e+01,9.724541000000000435e-02,1.269089000000000000e+06
3.845500000000000000e+03,8.882543000000001143e+01,9.733363999999999905e-02,1.275763000000000000e+06
3.855500000000000000e+03,8.885029000000000110e+01,9.728844000000000380e-02,1.282454333333333489e+06
3.865500000000000000e+03,8.887187000000000126e+01,9.731332000000000870e-02,1.289162333333333256e+06
3.875500000000000000e+03,8.883842000000001349e+01,9.733205999999999802e-02,1.295890000000000000e+06
3.885500000000000000e+03,8.884112999999999261e+01,9.712495000000001544e-02,1.302633000000000000e+06
3.895500000000000000e+03,8.885241999999999507e+01,9.730893999999999655e-02,1.309394666666666744e+06
3.905500000000000000e+03,8.889029000000000735e+01,9.724589000000001537e-02,1.316173666666666511e+06
3.915500000000000000e+03,8.887215000000000487e+01,9.725774000000000918e-02,1.322970333333333489e+06
3.925500000000000000e+03,8.890385000000000559e+01,9.727695999999999565e-02,1.329784333333333489e+06
3.935500000000000000e+03,8.890229000000000781e+01,9.723887000000000502e-02,1.336615666666666511e+06
3.945500000000000000e+03,8.886085000000001344e+01,9.718471999999998834e-02,1.343464333333333489e+06
3.955500000000000000e+03,8.884972000000000492e+01,9.710326999999999154e-02,1.350331333333333256e+06
3.965500000000000000e+03,8.890084999999999127e+01,9.714386999999999328e-02,1.357213000000000000e+06
3.975500000000000000e+03,8.887298999999998728e+01,9.710549000000001652e-02,1.364114000000000233e+06
3.985500000000000000e+03,8.889786000000000854e+01,9.713089999999999224e-02,1.371030000000000233e+06
3.995500000000000000e+03,8.892228999999997541e+01,9.708410000000000650e-02,1.377966333333333256e+06
4.005500000000000000e+03,8.892855999999999028e+01,9.699740999999999225e-02,1.384918666666666744e+06
4.015500000000000000e+03,8.890657000000001631e+01,9.710285000000000444e-02,1.391887333333333256e+06
4.025500000000000000e+03,8.893357000000000312e+01,9.698364000000000984e-02,1.398874333333333489e+06
4.035500000000000000e+03,8.891898999999999376e+01,9.704581000000001012e-02,1.405877333333333489e+06
4.045500000000000000e+03,8.890570999999999913e+01,9.712371000000000199e-02,1.412898333333333256e+06
4.055500000000000000e+03,8.889830000000000609e+01,9.694499000000000866e-02,1.419936666666666511e+06
4.065500000000000000e+03,8.892643000000001052e+01,9.693400000000000627e-02,1.426991666666666511e+06
4.075500000000000000e+03,8.893829000000000917e+01,9.696856000000000919e-02,1.434064333333333489e+06
4.085500000000000000e+03,8.890427999999999997e+01,9.691481999999999875e-02,1.441155666666666511e+06
4.095500000000000000e+03,8.894943000000000666e+01,9.692030000000000090e-02,1.448263333333333256e+06
4.105500000000000000e+03,8.891642999999999120e+01,9.691595999999999544e-02,1.455388333333333256e+06
4.115500000000000000e+03,8.892614000000000374e+01,9.691769000000001466e-02,1.462529333333333256e+06
4.125500000000000000e+03,8.891398999999999830e+01,9.702449000000000490e-02,1.469689666666666511e+06
4.135500000000000000e+03,8.894044000000000949e+01,9.703660000000000063e-02,1.476867666666666511e+06
4.145500000000000000e+03,8.885929999999999040e+01,9.695138000000000367e-02,1.484061666666666511e+06
4.155500000000000000e+03,8.890357000000000198e+01,9.714396000000000142e-02,1.491274000000000233e+06
4.165500000000000000e+03,8.890600999999999487e+01,9.702193000000000622e-02,1.498504666666666511e+06
4.175500000000000000e+03,8.886001000000000261e+01,9.682761999999998925e-02,1.505753000000000000e+06
4.185500000000000000e+03,8.882629000000000019e+01,9.694687999999999917e-02,1.513016000000000000e+06
4.195500000000000000e+03,8.890229999999999677e+01,9.686063999999999785e-02,1.520298333333333489e+06
4.205500000000000000e+03,8.890202000000000737e+01,9.710322000000000398e-02,1.527597333333333256e+06
4.215500000000000000e+03,8.891841999999999757e+01,9.696944999999999870e-02,1.534914333333333489e+06
4.225500000000000000e+03,8.890984999999999161e+01,9.697134000000000309e-02,1.542251000000000000e+06
4.235500000000000000e+03,8.887584000000001083e+01,9.715876999999999153e-02,1.549603666666666511e+06
4.245500000000000000e+03,8.890144000000000801e+01,9.695745000000000058e-02,1.556975000000000000e+06
4.255500000000000000e+03,8.890412999999999499e+01,9.678665999999999658e-02,1.564362000000000000e+06
4.265500000000000000e+03,8.890399999999999636e+01,9.699888999999999040e-02,1.571768000000000000e+06
4.275500000000000000e+03,8.890013999999999328e+01,9.699858999999999565e-02,1.579191666666666744e+06
4.285500000000000000e+03,8.895455999999998653e+01,9.677104000000000261e-02,1.586630666666666511e+06
4.295500000000000000e+03,8.892728000000001032e+01,9.691601999999999162e-02,1.594090333333333489e+06
4.305500000000000000e+03,8.891872000000000753e+01,9.691282999999999148e-02,1.601566666666666511e+06
4.315500000000000000e+03,8.890601000000000909e+01,9.687644000000000810e-02,1.609059333333333256e+06
4.325500000000000000e+03,8.891373000000000104e+01,9.677900000000000391e-02,1.616571333333333256e+06
4.335500000000000000e+03,8.889815999999999008e+01,9.685595999999999095e-02,1.624099333333333489e+06
4.345500000000000000e+03,8.891427999999999088e+01,9.680450000000000166e-02,1.631645666666666744e+06
4.355500000000000000e+03,8.894486999999999455e+01,9.681997000000000519e-02,1.639211000000000000e+06
4.365500000000000000e+03,8.894200999999999624e+01,9.678623999999999561e-02,1.646792333333333256e+06
4.375500000000000000e+03,8.890013999999999328e+01,9.671984000000000137e-02,1.654392000000000000e+06
4.385500000000000000e+03,8.890971000000000402e+01,9.674628999999999868e-02,1.662009666666666744e+06
4.395500000000000000e+03,8.892727999999999611e+01,9.674963999999999786e-02,1.669644000000000233e+06
4.405500000000000000e+03,8.892215000000000202e+01,9.682138999999999329e-02,1.677296000000000000e+06
4.415500000000000000e+03,8.893200000000001637e+01,9.669410999999998590e-02,1.684966000000000000e+06
4.425500000000000000e+03,8.894129000000000929e+01,9.680803000000001712e-02,1.692653000000000000e+06
4.435500000000000000e+03,8.894543000000000177e+01,9.683379999999999765e-02,1.700357333333333256e+06
4.445500000000000000e+03,8.896614999999999895e+01,9.663555000000000061e-02,1.708080000000000000e+06
4.455500000000000000e+03,8.892314999999999259e+01,9.664970999999999979e-02,1.715820666666666744e+06
4.465500000000000000e+03,8.894528999999998575e+01,9.669827000000000283e-02,1.723578333333333256e+06
4.475500000000000000e+03,8.892800000000001148e+01,9.674394999999999523e-02,1.731353333333333489e+06
4.485500000000000000e+03,8.894341999999998905e+01,9.673340999999999190e-02,1.739146000000000000e+06
4.495500000000000000e+03,8.890971000000000402e+01,9.664815000000000211e-02,1.746956666666666744e+06
4.505500000000000000e+03,8.892927999999999145e+01,9.670863000000000376e-02,1.754785000000000000e+06
4.515500000000000000e+03,8.896643000000000256e+01,9.669970999999999428e-02,1.762631333333333256e+06
4.525500000000000000e+03,8.893157999999999674e+01,9.655505000000000337e-02,1.770493666666666744e+06
4.535500000000000000e+03,8.893927999999999656e+01,9.667913999999999675e-02,1.778375333333333256e+06
4.545500000000000000e+03,8.896828000000000713e+01,9.649399999999999644e-02,1.786274333333333489e+06
4.555500000000000000e+03,8.896144000000001029e+01,9.662087000000001147e-02,1.794191333333333256e+06
4.565500000000000000e+03,8.888728000000000407e+01,9.663716999999999446e-02,1.802126000000000000e+06
4.575500000000000000e+03,8.892255999999999005e+01,9.657770999999999717e-02,1.810078000000000000e+06
4.585500000000000000e+03,8.891555999999999926e+01,9.657849000000000295e-02,1.818047333333333256e+06
4.595500000000000000e+03,8.892628999999999451e+01,9.647999000000000158e-02,1.826034000000000000e+06
4.605500000000000000e+03,8.895457000000001813e+01,9.666816999999999771e-02,1.834037333333333256e+06
4.615500000000000000e+03,8.892156000000001370e+01,9.653112999999999277e-02,1.842060000000000000e+06
4.625500000000000000e+03,8.891128999999999394e+01,9.649372999999998590e-02,1.850101000000000000e+06
4.635500000000000000e+03,8.891429000000000826e+01,9.654512999999999290e-02,1.858159000000000000e+06
4.645500000000000000e+03,8.891485000000001548e+01,9.671750999999999265e-02,1.866233666666666744e+06
4.655500000000000000e+03,8.888701000000000363e+01,9.668457999999999219e-02,1.874326333333333256e+06
4.665500000000000000e+03,8.891527999999999565e+01,9.668308999999999931e-02,1.882435333333333256e+06
4.675500000000000000e+03,8.894371000000001004e+01,9.651081999999999717e-02,1.890564333333333256e+06
4.685500000000000000e+03,8.890428999999998894e+01,9.650189000000000683e-02,1.898707666666666511e+06
4.695500000000000000e+03,8.889457000000000164e+01,9.646855999999999487e-02,1.906871666666666744e+06
4.705500000000000000e+03,8.891057999999999595e+01,9.636466999999999949e-02,1.915052000000000000e+06
4.715500000000000000e+03,8.892598999999999876e+01,9.639378999999999309e-02,1.923251000000000000e+06
4.725500000000000000e+03,8.889615000000000578e+01,9.647420999999999081e-02,1.931467666666666744e+06
4.735500000000000000e+03,8.887227999999998929e+01,9.640986000000000000e-02,1.939701666666666744e+06
4.745500000000000000e+03,8.890641999999999712e+01,9.648107999999999684e-02,1.947954333333333489e+06
4.755500000000000000e+03,8.887714000000001136e+01,9.643855999999999262e-02,1.956224999999999534e+06
4.765500000000000000e+03,8.890286000000000399e+01,9.653395000000000725e-02,1.964512666666666744e+06
4.775500000000000000e+03,8.888515000000001010e+01,9.645975000000001076e-02,1.972819000000000000e+06
4.785500000000000000e+03,8.890385999999999456e+01,9.629956000000000627e-02,1.981141999999999534e+06
4.795500000000000000e+03,8.890900999999999499e+01,9.647698000000001772e-02,1.989482666666666744e+06
4.805500000000000000e+03,8.891886999999999830e+01,9.639758999999999134e-02,1.997842333333333256e+06
4.815500000000000000e+03,8.889157999999999049e+01,9.640062000000000630e-02,2.006219666666666744e+06
4.825500000000000000e+03,8.896585999999999217e+01,9.629779000000000810e-02,2.014614666666666744e+06
4.835500000000000000e+03,8.893314999999999770e+01,9.646978000000000497e-02,2.023027000000000000e+06
4.845500000000000000e+03,8.889515000000000100e+01,9.644995000000000651e-02,2.031457666666666744e+06
4.855500000000000000e+03,8.895342999999999734e+01,9.631441999999999781e-02,2.039905666666666744e+06
4.865500000000000000e+03,8.897614000000001511e+01,9.634008000000000849e-02,2.048372666666666744e+06
4.875500000000000000e+03,8.898299000000000092e+01,9.621920000000000472e-02,2.056856333333333256e+06
4.885500000000000000e+03,8.899687000000000126e+01,9.624637999999999249e-02,2.065358666666666744e+06
4.895500000000000000e+03,8.896699999999999875e+01,9.635152999999999079e-02,2.073878000000000000e+06
4.905500000000000000e+03,8.901914000000000726e+01,9.628274000000000554e-02,2.082416333333333256e+06
4.915500000000000000e+03,8.896414000000000044e+01,9.635952000000000406e-02,2.090972000000000466e+06
4.925500000000000000e+03,8.902043000000000461e+01,9.633136999999998562e-02,2.099543666666666977e+06
4.935500000000000000e+03,8.898442000000001428e+01,9.627320000000000322e-02,2.108134333333333023e+06
4.945500000000000000e+03,8.897898999999998182e+01,9.621053999999998330e-02,2.116743333333333023e+06
4.955500000000000000e+03,8.903414000000000783e+01,9.631923000000000568e-02,2.125368666666666977e+06
4.965500000000000000e+03,8.897800999999999760e+01,9.639813999999999328e-02,2.134013999999999534e+06
4.975500000000000000e+03,8.896299999999999386e+01,9.621551000000000409e-02,2.142676000000000466e+06
4.985500000000000000e+03,8.897244000000000597e+01,9.620259000000000449e-02,2.151356333333333489e+06
4.995500000000000000e+03,8.897456999999999994e+01,9.627191999999999694e-02,2.160053666666666511e+06
