5.500000000000000000e+00,5.542029999999999745e+01,1.570027199999999823e+02,4.499191233333333706e+00
1.550000000000000000e+01,7.018712999999999624e+01,1.962969000000000008e+01,2.626178333333333370e+01
2.550000000000000000e+01,6.364029000000000735e+01,1.070031599999999905e+01,6.573118666666667309e+01
3.550000000000000000e+01,6.614229000000000269e+01,5.661035999999999291e+00,1.220103399999999993e+02
4.550000000000000000e+01,6.988786000000000342e+01,5.876541999999999710e+00,1.947192999999999756e+02
5.550000000000000000e+01,6.682072999999999752e+01,5.137906000000000972e+00,2.837132666666666410e+02
6.550000000000000000e+01,7.227129999999998233e+01,3.286411999999999889e+00,3.890161333333333005e+02
7.550000000000000000e+01,7.571099999999999852e+01,2.999375999999999820e+00,5.108640000000000327e+02
8.550000000000000000e+01,6.923056000000001120e+01,1.976115999999999762e+00,6.490860666666667385e+02
9.550000000000000000e+01,7.085857000000000028e+01,1.860069399999999984e+00,8.036583333333333030e+02
1.055000000000000000e+02,6.919700000000000273e+01,1.594480600000000248e+00,9.746089333333333116e+02
1.155000000000000000e+02,6.900257000000000573e+01,6.289622999999999742e-01,1.161789333333333389e+03
1.255000000000000000e+02,7.171127999999998792e+01,6.610301000000000649e-01,1.365127333333333354e+03
1.355000000000000000e+02,7.114700999999999453e+01,1.044973199999999824e+00,1.584645333333333383e+03
1.455000000000000000e+02,6.818357000000000312e+01,9.713114999999999943e-01,1.820527333333333445e+03
1.555000000000000000e+02,7.086100999999999317e+01,8.811396999999999702e-01,2.072783666666667159e+03
1.655000000000000000e+02,6.805727999999999156e+01,4.334343999999999975e-01,2.341373333333333449e+03
1.755000000000000000e+02,6.993770999999999560e+01,9.046119000000001353e-01,2.626117333333333136e+03
1.855000000000000000e+02,7.081084999999998786e+01,5.318012999999999213e-01,2.926951666666666824e+03
1.955000000000000000e+02,6.925388000000000943e+01,6.318300000000001138e-01,3.244002000000000407e+03
2.055000000000000000e+02,7.314413999999999305e+01,5.189068999999999487e-01,3.577256333333333259e+03
2.155000000000000000e+02,7.288372999999999990e+01,6.199158999999999642e-01,3.926610999999999876e+03
2.255000000000000000e+02,7.127485999999998967e+01,6.617534999999999945e-01,4.292077666666666119e+03
2.355000000000000000e+02,7.209842999999999336e+01,5.459666999999999160e-01,4.673682666666665682e+03
2.455000000000000000e+02,6.994128000000000611e+01,3.980195000000000261e-01,5.071379333333334216e+03
2.555000000000000000e+02,7.327657000000000664e+01,3.676410999999999984e-01,5.485289000000000669e+03
2.655000000000000000e+02,7.093627999999999645e+01,4.562070000000000292e-01,5.915389000000000124e+03
2.755000000000000000e+02,7.089970999999999890e+01,3.374740000000000517e-01,6.361632999999999811e+03
2.855000000000000000e+02,7.079141999999998802e+01,3.878502000000000338e-01,6.824144666666667035e+03
2.955000000000000000e+02,6.984072000000000457e+01,2.999816999999999623e-01,7.303012333333332208e+03
3.055000000000000000e+02,7.359127999999999759e+01,2.178122999999999865e-01,7.798398999999999432e+03
3.155000000000000000e+02,7.448614999999999498e+01,2.695027999999999313e-01,8.310284666666666453e+03
3.255000000000000000e+02,7.411356000000000677e+01,1.832136000000000042e-01,8.838542666666666264e+03
3.355000000000000000e+02,7.302258000000000493e+01,2.014199000000000128e-01,9.383075000000000728e+03
3.455000000000000000e+02,7.207129000000000474e+01,2.238109000000000626e-01,9.943990333333333183e+03
3.555000000000000000e+02,7.252370999999999412e+01,1.697343000000000046e-01,1.052135666666666657e+04
3.655000000000000000e+02,7.192813999999999908e+01,1.639393999999999851e-01,1.111513666666666722e+04
3.755000000000000000e+02,7.283571000000000595e+01,1.864954999999999807e-01,1.172534666666666817e+04
3.855000000000000000e+02,7.224386000000001218e+01,1.780364000000000113e-01,1.235183333333333394e+04
3.955000000000000000e+02,7.270656999999999925e+01,1.613361999999999852e-01,1.299461666666666497e+04
4.055000000000000000e+02,7.318856000000000961e+01,1.871820999999999902e-01,1.365376666666666824e+04
4.155000000000000000e+02,7.374201000000000761e+01,1.657955999999999874e-01,1.432932000000000153e+04
4.255000000000000000e+02,7.707358000000000686e+01,1.721169000000000171e-01,1.502129999999999927e+04
4.355000000000000000e+02,7.659270999999999674e+01,1.611363000000000101e-01,1.572963666666666359e+04
4.455000000000000000e+02,7.595570000000000732e+01,1.416560000000000041e-01,1.645434666666666817e+04
4.555000000000000000e+02,7.777513000000000432e+01,1.967935000000000101e-01,1.719537000000000262e+04
4.655000000000000000e+02,7.539014999999999134e+01,1.430436999999999959e-01,1.795287333333333299e+04
4.755000000000000000e+02,7.823857000000000994e+01,1.467761999999999956e-01,1.872674999999999636e+04
4.855000000000000000e+02,7.697841999999999985e+01,1.762840999999999714e-01,1.951701666666666642e+04
4.955000000000000000e+02,7.769357999999999720e+01,1.450830999999999926e-01,2.032376333333333241e+04
5.055000000000000000e+02,7.874886999999999659e+01,2.054323999999999872e-01,2.114699333333333198e+04
5.155000000000000000e+02,7.724500000000000455e+01,1.661792999999999743e-01,2.198668333333333430e+04
5.255000000000000000e+02,7.777445000000000164e+01,1.834667999999999854e-01,2.284288000000000102e+04
5.355000000000000000e+02,7.873714999999999975e+01,1.823516999999999777e-01,2.371552666666666482e+04
5.455000000000000000e+02,7.915056000000001291e+01,1.516492999999999869e-01,2.460456999999999971e+04
5.555000000000000000e+02,7.842499999999998295e+01,1.673525000000000151e-01,2.551013666666666541e+04
5.655000000000000000e+02,7.765029999999998722e+01,2.108580999999999928e-01,2.643228333333333285e+04
5.755000000000000000e+02,7.932029000000001417e+01,1.992531999999999914e-01,2.737106333333333532e+04
5.855000000000000000e+02,8.076912999999998988e+01,2.588712999999999709e-01,2.832640000000000146e+04
5.955000000000000000e+02,7.999499999999999034e+01,2.090508000000000366e-01,2.929832666666666773e+04
6.055000000000000000e+02,7.980199999999999250e+01,2.263709999999999611e-01,3.028690000000000146e+04
6.155000000000000000e+02,7.890229000000000781e+01,1.828110000000000013e-01,3.129210666666667021e+04
6.255000000000000000e+02,8.025798999999999239e+01,2.425872000000000028e-01,3.231394333333332906e+04
6.355000000000000000e+02,8.054913999999999419e+01,2.013623999999999969e-01,3.335247000000000116e+04
6.455000000000000000e+02,8.068757000000000801e+01,2.447293000000000107e-01,3.440761333333334187e+04
6.555000000000000000e+02,8.086186000000000718e+01,2.181522000000000183e-01,3.547946333333333314e+04
6.655000000000000000e+02,8.069183999999998491e+01,2.154641999999999946e-01,3.656803333333333285e+04
6.755000000000000000e+02,8.118685999999999581e+01,1.798232000000000164e-01,3.767346333333333314e+04
6.855000000000000000e+02,8.109157000000000437e+01,1.998848000000000291e-01,3.879556333333333896e+04
6.955000000000000000e+02,8.076798999999998330e+01,1.844570999999999850e-01,3.993430000000000291e+04
7.055000000000000000e+02,8.123958000000000368e+01,2.131685000000000108e-01,4.108998666666667123e+04
7.155000000000000000e+02,8.138530000000000086e+01,1.894589000000000412e-01,4.226256999999999971e+04
7.255000000000000000e+02,8.173615000000000919e+01,2.152341999999999866e-01,4.345199666666666599e+04
7.355000000000000000e+02,8.043358000000000629e+01,1.971033999999999842e-01,4.465825333333334129e+04
7.455000000000000000e+02,8.181626999999998873e+01,1.984579000000000204e-01,4.588128333333334012e+04
7.555000000000000000e+02,8.076327000000000567e+01,1.779535000000000144e-01,4.712104666666666890e+04
7.655000000000000000e+02,8.131986000000000558e+01,1.863908999999999705e-01,4.837746666666665988e+04
7.755000000000000000e+02,8.018586999999999421e+01,1.626784000000000008e-01,4.965044333333334362e+04
7.855000000000000000e+02,8.161669999999999447e+01,2.018221999999999794e-01,5.093995666666667239e+04
7.955000000000000000e+02,8.065597999999999956e+01,1.801264000000000198e-01,5.224600000000000000e+04
8.055000000000000000e+02,8.118514999999999304e+01,1.574292999999999942e-01,5.356880666666666366e+04
8.155000000000000000e+02,8.070159999999999911e+01,1.695704000000000100e-01,5.490841333333333023e+04
8.255000000000000000e+02,8.117072000000000287e+01,1.679860999999999993e-01,5.626477666666665755e+04
8.355000000000000000e+02,8.246514000000000522e+01,1.685244999999999937e-01,5.763797999999999593e+04
8.455000000000000000e+02,8.184442999999998847e+01,1.738732000000000055e-01,5.902796000000000640e+04
8.555000000000000000e+02,8.274841999999998166e+01,1.852454000000000045e-01,6.043485999999998603e+04
8.655000000000000000e+02,8.095300000000000296e+01,1.841161000000000048e-01,6.185849333333333198e+04
8.755000000000000000e+02,8.160558000000000334e+01,1.994892000000000054e-01,6.329890333333333547e+04
8.855000000000000000e+02,8.273098000000000241e+01,1.687504999999999977e-01,6.475606666666666570e+04
8.955000000000000000e+02,8.320198999999999501e+01,1.790845999999999827e-01,6.622991000000000349e+04
9.055000000000000000e+02,8.311755999999999744e+01,1.592072999999999960e-01,6.772043333333333430e+04
9.155000000000000000e+02,8.311972000000000094e+01,1.573758000000000101e-01,6.922762333333332208e+04
9.255000000000000000e+02,8.302869999999998640e+01,1.611911000000000038e-01,7.075155999999998312e+04
9.355000000000000000e+02,8.318086999999999875e+01,1.690191000000000054e-01,7.229218999999998778e+04
9.455000000000000000e+02,8.183729000000002429e+01,1.693727999999999900e-01,7.384966000000000349e+04
9.555000000000000000e+02,8.305170999999999992e+01,1.537601000000000107e-01,7.542393999999998778e+04
9.655000000000000000e+02,8.334355999999999653e+01,1.709534999999999805e-01,7.701516333333333023e+04
9.755000000000000000e+02,8.346544000000000096e+01,1.654893000000000058e-01,7.862327000000001863e+04
9.855000000000000000e+02,8.339012999999999920e+01,1.738309000000000104e-01,8.024820999999999185e+04
9.955000000000000000e+02,8.291385999999999967e+01,1.547689999999999899e-01,8.188996666666667443e+04
1.005500000000000000e+03,8.242557999999999652e+01,1.576542999999999972e-01,8.354858999999999651e+04
1.015500000000000000e+03,8.314084000000002561e+01,1.425000999999999907e-01,8.522407333333331917e+04
1.025500000000000000e+03,8.281941999999999382e+01,1.447320999999999747e-01,8.691648333333332266e+04
1.035500000000000000e+03,8.289357000000001108e+01,1.525437999999999794e-01,8.862582666666668956e+04
1.045500000000000000e+03,8.371329000000000065e+01,1.543626000000000165e-01,9.035199333333333198e+04
1.055500000000000000e+03,8.408228999999998621e+01,1.460697999999999719e-01,9.209506666666668025e+04
1.065500000000000000e+03,8.217243999999999460e+01,1.153191000000000077e-01,9.385520999999999185e+04
1.075500000000000000e+03,8.329355999999999938e+01,1.390665000000000096e-01,9.563223999999999069e+04
1.085500000000000000e+03,8.393801000000000556e+01,1.549669999999999936e-01,9.742610333333333256e+04
1.095500000000000000e+03,8.400856999999999175e+01,1.389981000000000133e-01,9.923684666666667908e+04
1.105500000000000000e+03,8.414543999999999357e+01,1.287931999999999966e-01,1.010646033333333326e+05
1.115500000000000000e+03,8.518028000000001043e+01,1.658949000000000118e-01,1.029095000000000000e+05
1.125500000000000000e+03,8.494714000000000453e+01,1.653208999999999929e-01,1.047713999999999942e+05
1.135500000000000000e+03,8.481914000000000442e+01,1.422370000000000023e-01,1.066501000000000058e+05
1.145500000000000000e+03,8.395543000000000688e+01,1.748572999999999933e-01,1.085456333333333314e+05
1.155500000000000000e+03,8.420257999999999754e+01,1.292696999999999874e-01,1.104581000000000058e+05
1.165500000000000000e+03,8.486186000000000718e+01,1.284788000000000041e-01,1.123875666666666802e+05
1.175500000000000000e+03,8.537199999999999989e+01,1.447014999999999829e-01,1.143341000000000058e+05
1.185500000000000000e+03,8.418598999999998966e+01,1.466684999999999794e-01,1.162975666666666511e+05
1.195500000000000000e+03,8.503371999999998820e+01,1.602111999999999703e-01,1.182780000000000291e+05
1.205500000000000000e+03,8.618915000000001214e+01,1.456912999999999958e-01,1.202751000000000058e+05
1.215500000000000000e+03,8.514742999999999995e+01,1.357559000000000127e-01,1.222891333333333314e+05
1.225500000000000000e+03,8.584842999999999336e+01,1.484188000000000174e-01,1.243200666666666802e+05
1.235500000000000000e+03,8.569227999999999668e+01,1.283216000000000079e-01,1.263679333333333198e+05
1.245500000000000000e+03,8.657116000000000611e+01,1.299320999999999948e-01,1.284330333333333256e+05
1.255500000000000000e+03,8.637413999999998282e+01,1.329610999999999987e-01,1.305148666666666686e+05
1.265500000000000000e+03,8.651770999999999390e+01,1.201475999999999933e-01,1.326138333333333139e+05
1.275500000000000000e+03,8.642456999999998857e+01,1.352272999999999947e-01,1.347295666666666511e+05
1.285500000000000000e+03,8.694697999999999638e+01,1.303430000000000144e-01,1.368622999999999884e+05
1.295500000000000000e+03,8.658829000000000065e+01,1.167726000000000042e-01,1.390120000000000000e+05
1.305500000000000000e+03,8.703685000000000116e+01,1.274711000000000038e-01,1.411788333333333139e+05
1.315500000000000000e+03,8.650298999999999694e+01,1.417585999999999846e-01,1.433625000000000000e+05
1.325500000000000000e+03,8.650528999999998803e+01,1.154173000000000143e-01,1.455631666666666861e+05
1.335500000000000000e+03,8.728243000000000507e+01,1.131153000000000020e-01,1.477807999999999884e+05
1.345500000000000000e+03,8.676285000000000025e+01,1.226066999999999990e-01,1.500153666666666395e+05
1.355500000000000000e+03,8.681672999999999263e+01,1.144808999999999966e-01,1.522670000000000000e+05
1.365500000000000000e+03,8.686444000000000187e+01,1.156462000000000045e-01,1.545357333333333372e+05
1.375500000000000000e+03,8.719301000000000101e+01,1.251968999999999999e-01,1.568213666666666395e+05
1.385500000000000000e+03,8.658070999999999628e+01,1.118104000000000042e-01,1.591239999999999709e+05
1.395500000000000000e+03,8.701900000000000546e+01,1.123444000000000109e-01,1.614438666666666686e+05
1.405500000000000000e+03,8.678345000000000198e+01,1.107602999999999921e-01,1.637807666666666628e+05
1.415500000000000000e+03,8.726858000000000004e+01,1.158358000000000027e-01,1.661348333333333430e+05
1.425500000000000000e+03,8.692798999999999410e+01,1.083533000000000135e-01,1.685059999999999709e+05
1.435500000000000000e+03,8.684371999999999048e+01,1.065185000000000021e-01,1.708942333333333372e+05
1.445500000000000000e+03,8.703229000000000326e+01,1.052603000000000011e-01,1.732994333333333489e+05
1.455500000000000000e+03,8.702329000000000292e+01,1.125478999999999924e-01,1.757220333333333256e+05
1.465500000000000000e+03,8.691727999999999099e+01,1.103974000000000066e-01,1.781615333333333256e+05
1.475500000000000000e+03,8.707099999999999795e+01,1.101613999999999927e-01,1.806184000000000233e+05
1.485500000000000000e+03,8.716985000000001094e+01,1.068227000000000065e-01,1.830923999999999942e+05
1.495500000000000000e+03,8.683914000000000044e+01,1.045404999999999945e-01,1.855834999999999709e+05
1.505500000000000000e+03,8.739027000000000100e+01,1.071504000000000068e-01,1.880917666666666628e+05
1.515500000000000000e+03,8.737886000000000308e+01,1.096961999999999937e-01,1.906169666666666744e+05
1.525500000000000000e+03,8.737771999999999650e+01,1.069458000000000075e-01,1.931593999999999942e+05
1.535500000000000000e+03,8.720929999999998472e+01,1.061857000000000079e-01,1.957186000000000349e+05
1.545500000000000000e+03,8.738341000000001202e+01,1.048319000000000056e-01,1.982951999999999825e+05
1.555500000000000000e+03,8.743699000000000865e+01,1.033204000000000067e-01,2.008885000000000000e+05
1.565500000000000000e+03,8.739999000000001672e+01,1.040511999999999826e-01,2.034986333333333605e+05
1.575500000000000000e+03,8.732256999999999891e+01,1.035957999999999879e-01,2.061256666666666570e+05
1.585500000000000000e+03,8.740941999999998302e+01,1.035142000000000007e-01,2.087697666666666628e+05
1.595500000000000000e+03,8.731287999999999272e+01,1.062070999999999987e-01,2.114303999999999942e+05
1.605500000000000000e+03,8.717656999999999812e+01,1.048563000000000134e-01,2.141081333333333023e+05
1.615500000000000000e+03,8.732944000000000528e+01,1.027763000000000010e-01,2.168026333333333023e+05
1.625500000000000000e+03,8.753484000000000265e+01,1.029037000000000007e-01,2.195142000000000116e+05
1.635500000000000000e+03,8.740112999999999488e+01,1.124242999999999909e-01,2.222430333333333547e+05
1.645500000000000000e+03,8.756773000000001161e+01,1.029257000000000088e-01,2.249889666666666453e+05
1.655500000000000000e+03,8.763241999999999621e+01,1.071734999999999910e-01,2.277521000000000058e+05
1.665500000000000000e+03,8.759228000000000236e+01,1.094175999999999760e-01,2.305322000000000116e+05
1.675500000000000000e+03,8.753999999999999204e+01,1.047157000000000088e-01,2.333293666666666395e+05
1.685500000000000000e+03,8.749085999999999785e+01,1.057711999999999958e-01,2.361435000000000000e+05
1.695500000000000000e+03,8.771627999999999759e+01,1.076321999999999973e-01,2.389747999999999884e+05
1.705500000000000000e+03,8.746885000000000332e+01,1.108299999999999841e-01,2.418227999999999884e+05
1.715500000000000000e+03,8.753927999999999088e+01,1.108700999999999992e-01,2.446881666666666861e+05
1.725500000000000000e+03,8.766929000000000372e+01,1.145577000000000123e-01,2.475704666666666453e+05
1.735500000000000000e+03,8.766615000000001601e+01,1.165953999999999879e-01,2.504700000000000000e+05
1.745500000000000000e+03,8.753056000000000836e+01,1.141083000000000097e-01,2.533867666666666919e+05
1.755500000000000000e+03,8.770771999999999480e+01,1.119177000000000088e-01,2.563205999999999476e+05
1.765500000000000000e+03,8.772058000000001243e+01,1.148031000000000051e-01,2.592715666666666511e+05
1.775500000000000000e+03,8.766158000000000072e+01,1.077441999999999983e-01,2.622396333333333605e+05
1.785500000000000000e+03,8.792098000000000013e+01,1.186231999999999981e-01,2.652249333333333489e+05
1.795500000000000000e+03,8.779015000000001123e+01,1.118019999999999986e-01,2.682273333333333139e+05
1.805500000000000000e+03,8.761699000000001547e+01,1.200932000000000111e-01,2.712468999999999651e+05
1.815500000000000000e+03,8.788912999999999442e+01,1.196154000000000106e-01,2.742837999999999884e+05
1.825500000000000000e+03,8.760743999999999687e+01,1.086136000000000046e-01,2.773375666666667094e+05
1.835500000000000000e+03,8.776113000000000852e+01,1.139200999999999964e-01,2.804082000000000116e+05
1.845500000000000000e+03,8.758200999999999681e+01,1.088611999999999913e-01,2.834960000000000582e+05
1.855500000000000000e+03,8.766142999999999574e+01,1.142582999999999932e-01,2.866007333333332790e+05
1.865500000000000000e+03,8.788714000000000226e+01,1.120541999999999927e-01,2.897227000000000698e+05
1.875500000000000000e+03,8.786154999999999404e+01,1.170575799999999944e-01,2.928613666666666395e+05
1.885500000000000000e+03,8.765799999999998704e+01,1.064258000000000148e-01,2.960172666666666628e+05
1.895500000000000000e+03,8.792186999999999841e+01,1.211154000000000119e-01,2.991901666666666279e+05
1.905500000000000000e+03,8.772427999999999315e+01,1.082811300000000171e-01,3.023799666666666744e+05
1.915500000000000000e+03,8.784128999999998655e+01,1.111395899999999964e-01,3.055867999999999884e+05
1.925500000000000000e+03,8.786171000000000220e+01,1.089931999999999845e-01,3.088107000000000116e+05
1.935500000000000000e+03,8.758686000000000149e+01,1.048701000000000078e-01,3.120518000000000466e+05
1.945500000000000000e+03,8.780114000000000374e+01,1.124991999999999936e-01,3.153100333333333256e+05
1.955500000000000000e+03,8.799629000000000190e+01,1.121287700000000165e-01,3.185856333333333605e+05
1.965500000000000000e+03,8.780715999999999610e+01,1.135869000000000045e-01,3.218783666666666977e+05
1.975500000000000000e+03,8.801627000000000578e+01,1.082760999999999862e-01,3.251882666666667210e+05
1.985500000000000000e+03,8.738329000000000235e+01,1.066263000000000211e-01,3.285155999999999767e+05
1.995500000000000000e+03,8.776928000000000907e+01,1.067141199999999818e-01,3.318602666666666628e+05
2.005500000000000000e+03,8.786199999999999477e+01,1.081528800000000068e-01,3.352219999999999418e+05
2.015500000000000000e+03,8.780798999999998955e+01,1.028200400000000014e-01,3.386007000000000116e+05
2.025500000000000000e+03,8.785754999999998915e+01,1.149167000000000105e-01,3.419966333333333605e+05
2.035500000000000000e+03,8.795999000000000478e+01,1.132364299999999852e-01,3.454096666666666279e+05
2.045500000000000000e+03,8.785970999999999265e+01,1.123999999999999860e-01,3.488400333333333256e+05
2.055500000000000000e+03,8.764100000000000534e+01,1.097040800000000094e-01,3.522876333333333605e+05
2.065500000000000000e+03,8.769572999999999752e+01,1.084525100000000020e-01,3.557521333333333023e+05
2.075500000000000000e+03,8.797529000000000110e+01,1.064353600000000066e-01,3.592338333333333721e+05
2.085500000000000000e+03,8.771913999999999589e+01,1.103738199999999975e-01,3.627327000000000116e+05
2.095500000000000000e+03,8.765143000000000484e+01,1.119999799999999990e-01,3.662485666666666511e+05
2.105500000000000000e+03,8.777714000000000283e+01,1.043541200000000224e-01,3.697819333333332906e+05
2.115500000000000000e+03,8.802013999999999783e+01,1.063661199999999807e-01,3.733324333333333489e+05
2.125500000000000000e+03,8.778116000000001407e+01,1.057343200000000066e-01,3.768997999999999884e+05
2.135500000000000000e+03,8.784659000000000617e+01,1.028768499999999919e-01,3.804845000000000582e+05
2.145500000000000000e+03,8.775755999999998380e+01,1.034769000000000105e-01,3.840863333333333721e+05
2.155500000000000000e+03,8.750113999999999237e+01,1.029837499999999989e-01,3.877052333333332790e+05
2.165500000000000000e+03,8.775714999999999577e+01,1.011111300000000074e-01,3.913414666666666744e+05
2.175500000000000000e+03,8.783642000000000394e+01,1.017122100000000112e-01,3.949949333333333489e+05
2.185500000000000000e+03,8.741227999999999554e+01,1.005097700000000122e-01,3.986654333333334071e+05
2.195500000000000000e+03,8.757455999999999108e+01,1.008995400000000098e-01,4.023529666666666744e+05
2.205500000000000000e+03,8.759542999999999324e+01,1.015641000000000044e-01,4.060576999999999534e+05
2.215500000000000000e+03,8.798342999999999847e+01,1.010062099999999852e-01,4.097793333333333721e+05
2.225500000000000000e+03,8.756743000000000166e+01,1.006787500000000113e-01,4.135178666666666395e+05
2.235500000000000000e+03,8.744087000000000387e+01,1.018259800000000104e-01,4.172736333333333023e+05
2.245500000000000000e+03,8.757584999999998843e+01,9.984857999999999234e-02,4.210467333333332790e+05
2.255500000000000000e+03,8.713201000000000818e+01,1.005023100000000114e-01,4.248367333333332790e+05
2.265500000000000000e+03,8.766213999999999373e+01,1.001671400000000017e-01,4.286440000000000000e+05
2.275500000000000000e+03,8.782426999999999850e+01,1.012569699999999739e-01,4.324685666666667094e+05
2.285500000000000000e+03,8.786284999999999457e+01,9.938033999999999757e-02,4.363105000000000000e+05
2.295500000000000000e+03,8.758285000000000764e+01,9.972883999999999916e-02,4.401697333333332790e+05
2.305500000000000000e+03,8.711657999999998481e+01,1.001754100000000064e-01,4.440461666666666861e+05
2.315500000000000000e+03,8.763286999999999694e+01,1.011476300000000023e-01,4.479400666666667094e+05
2.325500000000000000e+03,8.712442000000000064e+01,9.982677999999998997e-02,4.518510333333333256e+05
2.335500000000000000e+03,8.763628000000001350e+01,9.936264000000000207e-02,4.557791333333334187e+05
2.345500000000000000e+03,8.709828000000000259e+01,9.971180999999998407e-02,4.597241333333334187e+05
2.355500000000000000e+03,8.732144000000000972e+01,9.957616000000001077e-02,4.636863666666665813e+05
2.365500000000000000e+03,8.741629000000000360e+01,9.973912999999999529e-02,4.676655333333333256e+05
2.375500000000000000e+03,8.782613999999999521e+01,9.979319000000000384e-02,4.716619333333332906e+05
2.385500000000000000e+03,8.786984000000001060e+01,1.006503900000000062e-01,4.756751666666666861e+05
2.395500000000000000e+03,8.775742999999998517e+01,1.003993999999999998e-01,4.797057333333332790e+05
2.405500000000000000e+03,8.789415999999998519e+01,9.985497999999999597e-02,4.837534333333332906e+05
2.415500000000000000e+03,8.787044000000000210e+01,1.000096299999999883e-01,4.878180000000001164e+05
2.425500000000000000e+03,8.766216000000000008e+01,9.933980000000000588e-02,4.918997666666667210e+05
2.435500000000000000e+03,8.787498999999999683e+01,9.991593999999999476e-02,4.959985000000001164e+05
2.445500000000000000e+03,8.789313999999998828e+01,1.000625099999999934e-01,5.001147999999999884e+05
2.455500000000000000e+03,8.813343000000000416e+01,1.004378599999999899e-01,5.042482666666666046e+05
2.465500000000000000e+03,8.750527000000001010e+01,9.912172999999999123e-02,5.083989000000000815e+05
2.475500000000000000e+03,8.807672999999999774e+01,9.957266000000000727e-02,5.125668666666665813e+05
2.485500000000000000e+03,8.801926999999999168e+01,9.954381000000001034e-02,5.167517333333332790e+05
2.495500000000000000e+03,8.818399999999999750e+01,9.940235000000000043e-02,5.209537000000000116e+05
2.505500000000000000e+03,8.820471999999999468e+01,9.952518000000001863e-02,5.251729666666665580e+05
2.515500000000000000e+03,8.810486000000000217e+01,9.947625000000000217e-02,5.294093666666668141e+05
2.525500000000000000e+03,8.817400000000000659e+01,9.924723999999998658e-02,5.336628000000000466e+05
2.535500000000000000e+03,8.787856999999999630e+01,9.919009999999998939e-02,5.379334333333333489e+05
2.545500000000000000e+03,8.816828999999999894e+01,9.966239999999999821e-02,5.422213666666666977e+05
2.555500000000000000e+03,8.832627999999999702e+01,9.926451999999999498e-02,5.465267333333333954e+05
2.565500000000000000e+03,8.809485999999999706e+01,9.963595999999999564e-02,5.508491666666666279e+05
2.575500000000000000e+03,8.799828000000000827e+01,9.908576999999998969e-02,5.551888666666666977e+05
2.585500000000000000e+03,8.812629000000001156e+01,9.927463999999999733e-02,5.595458666666665813e+05
2.595500000000000000e+03,8.799414999999999054e+01,9.959991999999999457e-02,5.639199000000000233e+05
2.605500000000000000e+03,8.826142999999999006e+01,9.909990999999998551e-02,5.683112666666667210e+05
2.615500000000000000e+03,8.821028999999998632e+01,9.892980000000001217e-02,5.727196666666667443e+05
2.625500000000000000e+03,8.804800999999999078e+01,9.920293999999998946e-02,5.771457666666667210e+05
2.635500000000000000e+03,8.838129000000000701e+01,9.885655999999998222e-02,5.815889000000000233e+05
2.645500000000000000e+03,8.794557000000000357e+01,9.866586000000000800e-02,5.860494666666665580e+05
2.655500000000000000e+03,8.819526999999999362e+01,9.854038999999999160e-02,5.905273000000000466e+05
2.665500000000000000e+03,8.825172999999998069e+01,9.856291000000000357e-02,5.950224333333333489e+05
2.675500000000000000e+03,8.816571000000000424e+01,9.902895000000000447e-02,5.995347333333332790e+05
2.685500000000000000e+03,8.815515000000000612e+01,9.886284999999998824e-02,6.040644666666665580e+05
2.695500000000000000e+03,8.812086000000000752e+01,9.852824999999999778e-02,6.086118333333333721e+05
2.705500000000000000e+03,8.818787000000000376e+01,9.896504000000000412e-02,6.131765000000000000e+05
2.715500000000000000e+03,8.837511999999999546e+01,9.872954999999999925e-02,6.177586666666666279e+05
2.725500000000000000e+03,8.820471000000000572e+01,9.846976999999999813e-02,6.223580333333333256e+05
2.735500000000000000e+03,8.794757999999998788e+01,9.889856999999999121e-02,6.269748666666666977e+05
2.745500000000000000e+03,8.832214999999999350e+01,9.878450000000001119e-02,6.316090999999998603e+05
2.755500000000000000e+03,8.835957000000000505e+01,9.851592000000000682e-02,6.362603000000000466e+05
2.765500000000000000e+03,8.819942000000000348e+01,9.866973000000001104e-02,6.409287666666667210e+05
2.775500000000000000e+03,8.827470999999999890e+01,9.834832000000001684e-02,6.456146333333334187e+05
2.785500000000000000e+03,8.838930000000000575e+01,9.861042999999999892e-02,6.503176333333333023e+05
2.795500000000000000e+03,8.814714999999999634e+01,9.870640999999999443e-02,6.550378000000000466e+05
2.805500000000000000e+03,8.845599999999998886e+01,9.844975000000000254e-02,6.597754666666665580e+05
2.815500000000000000e+03,8.846987000000001444e+01,9.816437000000000079e-02,6.645304333333333489e+05
2.825500000000000000e+03,8.834470000000001733e+01,9.847957999999999712e-02,6.693025999999998603e+05
2.835500000000000000e+03,8.828385000000000105e+01,9.811464000000000296e-02,6.740921666666667443e+05
2.845500000000000000e+03,8.835214999999999463e+01,9.800668999999999353e-02,6.788989333333333489e+05
2.855500000000000000e+03,8.827785000000000082e+01,9.830511000000000110e-02,6.837230666666666511e+05
2.865500000000000000e+03,8.838315000000000055e+01,9.826819999999999999e-02,6.885642666666667210e+05
2.875500000000000000e+03,8.834884999999999877e+01,9.796926000000000245e-02,6.934227666666666046e+05
2.885500000000000000e+03,8.819928999999999064e+01,9.831987999999999839e-02,6.982986333333334187e+05
2.895500000000000000e+03,8.838057000000000585e+01,9.787861999999999951e-02,7.031916999999999534e+05
2.905500000000000000e+03,8.841514999999999702e+01,9.797846999999999806e-02,7.081018333333333721e+05
2.915500000000000000e+03,8.827441000000000315e+01,9.810390000000000776e-02,7.130294000000001397e+05
2.925500000000000000e+03,8.830998999999999910e+01,9.821711000000001024e-02,7.179742666666666046e+05
2.935500000000000000e+03,8.833557000000000414e+01,9.814138000000001416e-02,7.229364666666666744e+05
2.945500000000000000e+03,8.825843000000000416e+01,9.812172999999999035e-02,7.279162333333331626e+05
2.955500000000000000e+03,8.842144000000000403e+01,9.784859999999999391e-02,7.329131333333334187e+05
2.965500000000000000e+03,8.850842000000000098e+01,9.802957999999999117e-02,7.379272333333333954e+05
2.975500000000000000e+03,8.850743000000001359e+01,9.774855000000000349e-02,7.429586333333333023e+05
2.985500000000000000e+03,8.844200000000000728e+01,9.771523999999999488e-02,7.480070333333334420e+05
2.995500000000000000e+03,8.847899999999999920e+01,9.783067000000000846e-02,7.530728000000000466e+05
3.005500000000000000e+03,8.842157999999999163e+01,9.821905999999999692e-02,7.581555333333334420e+05
3.015500000000000000e+03,8.843701000000001500e+01,9.791265999999999858e-02,7.632555333333334420e+05
3.025500000000000000e+03,8.832828999999999553e+01,9.799655000000000171e-02,7.683729666666665580e+05
3.035500000000000000e+03,8.851172999999998581e+01,9.778327000000000546e-02,7.735078666666665813e+05
3.045500000000000000e+03,8.852656999999999243e+01,9.760080000000000144e-02,7.786599000000000233e+05
3.055500000000000000e+03,8.860542000000000940e+01,9.758783000000000041e-02,7.838291999999999534e+05
3.065500000000000000e+03,8.837814000000000192e+01,9.748721000000000469e-02,7.890159333333333489e+05
3.075500000000000000e+03,8.858088000000000761e+01,9.784499000000000668e-02,7.942196666666667443e+05
3.085500000000000000e+03,8.852985000000001037e+01,9.756522000000002193e-02,7.994406999999999534e+05
3.095500000000000000e+03,8.842341999999999302e+01,9.749112000000001443e-02,8.046791333333333023e+05
3.105500000000000000e+03,8.852856999999998777e+01,9.742239999999999234e-02,8.099348333333332557e+05
3.115500000000000000e+03,8.857914999999999850e+01,9.759114000000000677e-02,8.152080666666666511e+05
3.125500000000000000e+03,8.859085000000001742e+01,9.766511999999999416e-02,8.204983333333332557e+05
3.135500000000000000e+03,8.849698999999999671e+01,9.756824999999999526e-02,8.258057333333332790e+05
3.145500000000000000e+03,8.845099000000000444e+01,9.722022999999999082e-02,8.311303333333332557e+05
3.155500000000000000e+03,8.860699999999999932e+01,9.737556999999999463e-02,8.364720333333333256e+05
3.165500000000000000e+03,8.842755999999999972e+01,9.753022000000000080e-02,8.418306666666667443e+05
3.175500000000000000e+03,8.847970999999999719e+01,9.753024999999999889e-02,8.472065000000000000e+05
3.185500000000000000e+03,8.846970999999999208e+01,9.737536999999998888e-02,8.525996333333334187e+05
3.195500000000000000e+03,8.842686999999999387e+01,9.739655999999999314e-02,8.580099666666667908e+05
3.205500000000000000e+03,8.865326999999999202e+01,9.717572999999998795e-02,8.634374666666665580e+05
3.215500000000000000e+03,8.848056999999998595e+01,9.798914000000000235e-02,8.688824000000000233e+05
3.225500000000000000e+03,8.841213999999999373e+01,9.782399999999999429e-02,8.743446999999999534e+05
3.235500000000000000e+03,8.859543999999999642e+01,9.757115000000000926e-02,8.798244000000000233e+05
3.245500000000000000e+03,8.859201000000000192e+01,9.732313000000000769e-02,8.853215333333332092e+05
3.255500000000000000e+03,8.839928000000000452e+01,9.780795999999999935e-02,8.908359000000000233e+05
3.265500000000000000e+03,8.853387000000000739e+01,9.744972999999999830e-02,8.963675333333334420e+05
3.275500000000000000e+03,8.852800999999999476e+01,9.829790000000000749e-02,9.019165000000000000e+05
3.285500000000000000e+03,8.860600000000000875e+01,9.739299999999999347e-02,9.074826999999999534e+05
3.295500000000000000e+03,8.850613999999998782e+01,9.740231000000000583e-02,9.130659333333333489e+05
3.305500000000000000e+03,8.854928999999999917e+01,9.728296999999999639e-02,9.186665666666666511e+05
3.315500000000000000e+03,8.857929000000000030e+01,9.709980999999999474e-02,9.242843000000000466e+05
3.325500000000000000e+03,8.849328999999998757e+01,9.765772999999999815e-02,9.299194666666665580e+05
3.335500000000000000e+03,8.847570000000000334e+01,9.733800000000000785e-02,9.355718666666665813e+05
3.345500000000000000e+03,8.860487000000000535e+01,9.730455000000000354e-02,9.412418666666668141e+05
3.355500000000000000e+03,8.856000000000000227e+01,9.735267999999999700e-02,9.469290999999999767e+05
3.365500000000000000e+03,8.860814000000000590e+01,9.726453000000000182e-02,9.526337333333333954e+05
3.375500000000000000e+03,8.861457000000000050e+01,9.736191000000000983e-02,9.583559666666665580e+05
3.385500000000000000e+03,8.864171000000000333e+01,9.727772999999999282e-02,9.640952999999998137e+05
3.395500000000000000e+03,8.859600999999999260e+01,9.721628000000001601e-02,9.698517666666668374e+05
3.405500000000000000e+03,8.859170000000000300e+01,9.733077999999999175e-02,9.756254999999997672e+05
3.415500000000000000e+03,8.870356999999999914e+01,9.726414999999999367e-02,9.814165000000000000e+05
3.425500000000000000e+03,8.857329999999998904e+01,9.714051999999999409e-02,9.872250000000000000e+05
3.435500000000000000e+03,8.865356999999998777e+01,9.714843999999998869e-02,9.930505333333332092e+05
3.445500000000000000e+03,8.859386000000000649e+01,9.710500000000001075e-02,9.988938666666665813e+05
3.455500000000000000e+03,8.852471999999998786e+01,9.706136999999999404e-02,1.004754233333333395e+06
3.465500000000000000e+03,8.873699999999999477e+01,9.698278000000000454e-02,1.010631333333333256e+06
3.475500000000000000e+03,8.869844000000000506e+01,9.721865000000001755e-02,1.016526666666666628e+06
3.485500000000000000e+03,8.859887000000000512e+01,9.715034999999999643e-02,1.022439333333333256e+06
3.495500000000000000e+03,8.863242999999998517e+01,9.714356000000000380e-02,1.028369000000000000e+06
3.505500000000000000e+03,8.874898999999999205e+01,9.730529999999999735e-02,1.034316333333333372e+06
3.515500000000000000e+03,8.875685000000001423e+01,9.698381000000000363e-02,1.040281000000000000e+06
3.525500000000000000e+03,8.863414000000000215e+01,9.707270999999999261e-02,1.046263333333333372e+06
3.535500000000000000e+03,8.871858000000000288e+01,9.715524000000000382e-02,1.052261666666666511e+06
3.545500000000000000e+03,8.870057000000001324e+01,9.709023000000001347e-02,1.058279000000000000e+06
3.555500000000000000e+03,8.875586000000001263e+01,9.722776000000001029e-02,1.064311666666666511e+06
3.565500000000000000e+03,8.873299000000000092e+01,9.708927000000000529e-02,1.070363333333333489e+06
3.575500000000000000e+03,8.858500000000000796e+01,9.714551999999999909e-02,1.076433333333333489e+06
3.585500000000000000e+03,8.867485000000000639e+01,9.724580000000000723e-02,1.082519000000000000e+06
3.595500000000000000e+03,8.861359000000000208e+01,9.705770999999999149e-02,1.088621333333333489e+06
3.605500000000000000e+03,8.878857999999999606e+01,9.704311000000000187e-02,1.094741666666666511e+06
3.615500000000000000e+03,8.869998999999999967e+01,9.711445999999998580e-02,1.100879666666666511e+06
3.625500000000000000e+03,8.866958999999999946e+01,9.722486000000001016e-02,1.107035000000000233e+06
3.635500000000000000e+03,8.886255999999998778e+01,9.720257000000000203e-02,1.113208000000000000e+06
3.645500000000000000e+03,8.878097999999999956e+01,9.723926999999998877e-02,1.119399333333333489e+06
3.655500000000000000e+03,8.874956000000000245e+01,9.717377999999998739e-02,1.125605333333333256e+06
3.665500000000000000e+03,8.866357999999999606e+01,9.725789999999999436e-02,1.131830333333333489e+06
3.675500000000000000e+03,8.873802000000000589e+01,9.715353000000000183e-02,1.138073000000000000e+06
3.685500000000000000e+03,8.880201000000000988e+01,9.704289000000002052e-02,1.144333333333333489e+06
3.695500000000000000e+03,8.883629999999999427e+01,9.700844000000000134e-02,1.150609333333333489e+06
3.705500000000000000e+03,8.883298999999999523e+01,9.722393999999999481e-02,1.156903666666666744e+06
3.715500000000000000e+03,8.881442999999998733e+01,9.682966000000001183e-02,1.163215333333333489e+06
3.725500000000000000e+03,8.886170999999998799e+01,9.694743000000000110e-02,1.169544666666666744e+06
3.735500000000000000e+03,8.876656999999998732e+01,9.706703999999999333e-02,1.175891000000000000e+06
3.745500000000000000e+03,8.892428000000001020e+01,9.697134999999999783e-02,1.182254000000000000e+06
3.755500000000000000e+03,8.875915000000000532e+01,9.718615999999999366e-02,1.188635000000000000e+06
3.765500000000000000e+03,8.873429000000001565e+01,9.685722999999998861e-02,1.195033666666666511e+06
3.775500000000000000e+03,8.878229000000001747e+01,9.708879000000000814e-02,1.201448333333333489e+06
3.785500000000000000e+03,8.884414000000001010e+01,9.710589000000000026e-02,1.207881666666666511e+06
3.795500000000000000e+03,8.882415000000000305e+01,9.687578999999998941e-02,1.214332333333333489e+06
3.805500000000000000e+03,8.883784999999998888e+01,9.712138000000000715e-02,1.220800666666666511e+06
3.815500000000000000e+03,8.870088000000001216e+01,9.697839999999999239e-02,1.227284000000000000e+06
3.825500000000000000e+03,8.887042999999998472e+01,9.719208000000000014e-02,1.233787000000000000e+06
3.835500000000000000e+03,8.882027999999999679e+01,9.706401000000000612e-02,1.240306333333333489e+06
3.845500000000000000e+03,8.872728999999999644e+01,9.702423999999999771e-02,1.246844000000000000e+06
3.855500000000000000e+03,8.877944000000000813e+01,9.701202999999999910e-02,1.253399000000000000e+06
3.865500000000000000e+03,8.882268999999999437e+01,9.694630999999999388e-02,1.259972000000000000e+06
3.875500000000000000e+03,8.888916000000000395e+01,9.689960999999999713e-02,1.266561333333333489e+06
3.885500000000000000e+03,8.888985999999999876e+01,9.692132999999999998e-02,1.273168999999999767e+06
3.895500000000000000e+03,8.889014999999999134e+01,9.701952999999999272e-02,1.279794666666666511e+06
3.905500000000000000e+03,8.879228000000000520e+01,9.706631000000001674e-02,1.286434999999999767e+06
3.915500000000000000e+03,8.882585999999999160e+01,9.721174000000001869e-02,1.293093333333333256e+06
3.925500000000000000e+03,8.891328000000000031e+01,9.691360000000001640e-02,1.299769666666666511e+06
3.935500000000000000e+03,8.882358000000000686e+01,9.720982000000000234e-02,1.306462333333333489e+06
3.945500000000000000e+03,8.880256999999998868e+01,9.725291999999999271e-02,1.313174333333333256e+06
3.955500000000000000e+03,8.884343999999998687e+01,9.713389000000000051e-02,1.319902333333333489e+06
3.965500000000000000e+03,8.885542000000000940e+01,9.705962000000001311e-02,1.326646333333333489e+06
3.975500000000000000e+03,8.882770999999999617e+01,9.699958999999999665e-02,1.333409666666666511e+06
3.985500000000000000e+03,8.879185999999999979e+01,9.716078999999999688e-02,1.340189000000000000e+06
3.995500000000000000e+03,8.880571999999999377e+01,9.708022000000000873e-02,1.346986666666666511e+06
4.005500000000000000e+03,8.882627000000000805e+01,9.720075000000000243e-02,1.353802000000000000e+06
4.015500000000000000e+03,8.881255999999999062e+01,9.690944999999999421e-02,1.360632999999999767e+06
4.025500000000000000e+03,8.879771999999999821e+01,9.692035999999999707e-02,1.367481333333333489e+06
4.035500000000000000e+03,8.882730000000000814e+01,9.707908999999999289e-02,1.374347333333333489e+06
4.045500000000000000e+03,8.885571000000000197e+01,9.698779000000001815e-02,1.381231000000000000e+06
4.055500000000000000e+03,8.883599999999999852e+01,9.693208999999999853e-02,1.388132000000000000e+06
4.065500000000000000e+03,8.884029999999999916e+01,9.705259999999998888e-02,1.395052333333333489e+06
4.075500000000000000e+03,8.888486000000000331e+01,9.692749999999999977e-02,1.401987000000000000e+06
4.085500000000000000e+03,8.885914999999999964e+01,9.684311000000001002e-02,1.408939000000000233e+06
4.095500000000000000e+03,8.889043000000000916e+01,9.689453000000000649e-02,1.415909333333333489e+06
4.105500000000000000e+03,8.890126999999999668e+01,9.703202999999999134e-02,1.422896000000000000e+06
4.115500000000000000e+03,8.884873000000000332e+01,9.681292000000001063e-02,1.429901000000000233e+06
4.125500000000000000e+03,8.887771000000000754e+01,9.710632999999999071e-02,1.436924000000000000e+06
4.135500000000000000e+03,8.888498999999998773e+01,9.673833999999999211e-02,1.443961666666666511e+06
4.145500000000000000e+03,8.890142000000000166e+01,9.695654000000000772e-02,1.451016666666666511e+06
4.155500000000000000e+03,8.888615000000000066e+01,9.696918999999999678e-02,1.458091333333333489e+06
4.165500000000000000e+03,8.882672000000000878e+01,9.712185999999999042e-02,1.465181666666666511e+06
4.175500000000000000e+03,8.885842999999999847e+01,9.689331999999999112e-02,1.472290666666666744e+06
4.185500000000000000e+03,8.888643000000000427e+01,9.704510000000000913e-02,1.479416333333333489e+06
4.195500000000000000e+03,8.887156999999999130e+01,9.672302000000000677e-02,1.486559333333333489e+06
4.205500000000000000e+03,8.888302000000000191e+01,9.685813000000000061e-02,1.493721000000000000e+06
4.215500000000000000e+03,8.886528000000001271e+01,9.696286999999999268e-02,1.500898333333333489e+06
4.225500000000000000e+03,8.890142999999999063e+01,9.688410000000000077e-02,1.508093000000000000e+06
4.235500000000000000e+03,8.897057000000000926e+01,9.686652999999999236e-02,1.515306333333333256e+06
4.245500000000000000e+03,8.888129000000000701e+01,9.684804999999999109e-02,1.522537000000000000e+06
4.255500000000000000e+03,8.889226999999999634e+01,9.690522999999999498e-02,1.529784333333333256e+06
4.265500000000000000e+03,8.891255999999999915e+01,9.684581000000000439e-02,1.537050000000000000e+06
4.275500000000000000e+03,8.895142000000001303e+01,9.663853999999999500e-02,1.544331666666666744e+06
4.285500000000000000e+03,8.891141000000000361e+01,9.696125000000001271e-02,1.551630666666666744e+06
4.295500000000000000e+03,8.889828000000001396e+01,9.677866000000000246e-02,1.558949333333333489e+06
4.305500000000000000e+03,8.890599000000000274e+01,9.667372000000000465e-02,1.566283333333333489e+06
4.315500000000000000e+03,8.893541000000001873e+01,9.671956000000000997e-02,1.573635000000000000e+06
4.325500000000000000e+03,8.896558000000001698e+01,9.685952999999999924e-02,1.581004333333333489e+06
4.335500000000000000e+03,8.891385999999999967e+01,9.672974999999998935e-02,1.588391000000000000e+06
4.345500000000000000e+03,8.898384999999998968e+01,9.662779999999998592e-02,1.595795333333333489e+06
4.355500000000000000e+03,8.888827000000000567e+01,9.683316000000000145e-02,1.603215666666666511e+06
4.365500000000000000e+03,8.891913999999999874e+01,9.680040999999998952e-02,1.610655666666666511e+06
4.375500000000000000e+03,8.892900999999999101e+01,9.684552999999999912e-02,1.618111333333333489e+06
4.385500000000000000e+03,8.890729000000000326e+01,9.668280999999999403e-02,1.625585333333333489e+06
4.395500000000000000e+03,8.891085000000001060e+01,9.672537999999999969e-02,1.633077000000000000e+06
4.405500000000000000e+03,8.891557000000000244e+01,9.685098000000000318e-02,1.640585333333333489e+06
4.415500000000000000e+03,8.888626999999999612e+01,9.684618999999999867e-02,1.648111333333333489e+06
4.425500000000000000e+03,8.892757000000000289e+01,9.688622999999998986e-02,1.655654000000000000e+06
4.435500000000000000e+03,8.893784999999999741e+01,9.681189000000001155e-02,1.663215333333333489e+06
4.445500000000000000e+03,8.895113999999998100e+01,9.680002999999999524e-02,1.670794000000000000e+06
4.455500000000000000e+03,8.886600000000001387e+01,9.691621000000000263e-02,1.678388666666666744e+06
4.465500000000000000e+03,8.890727999999998588e+01,9.676891000000001353e-02,1.686003000000000000e+06
4.475500000000000000e+03,8.888029000000001645e+01,9.683188000000000906e-02,1.693633333333333489e+06
4.485500000000000000e+03,8.889885000000001014e+01,9.660929000000000044e-02,1.701281666666666511e+06
4.495500000000000000e+03,8.889970999999999890e+01,9.671836000000000322e-02,1.708946666666666511e+06
4.505500000000000000e+03,8.886185999999999297e+01,9.670353000000000976e-02,1.716629333333333489e+06
4.515500000000000000e+03,8.892402000000001294e+01,9.678457999999999506e-02,1.724328666666666744e+06
4.525500000000000000e+03,8.892114999999999725e+01,9.669995000000000673e-02,1.732046333333333256e+06
4.535500000000000000e+03,8.894043000000000632e+01,9.678148000000000306e-02,1.739781333333333256e+06
4.545500000000000000e+03,8.887129000000000190e+01,9.661785000000000512e-02,1.747532333333333256e+06
4.555500000000000000e+03,8.893415000000000248e+01,9.658466000000000273e-02,1.755302333333333489e+06
4.565500000000000000e+03,8.889328000000000429e+01,9.673868000000000744e-02,1.763089666666666744e+06
4.575500000000000000e+03,8.891199000000000296e+01,9.678638999999999992e-02,1.770893666666666511e+06
4.585500000000000000e+03,8.889856000000000336e+01,9.668994000000000200e-02,1.778717000000000000e+06
4.595500000000000000e+03,8.890757000000000687e+01,9.680122999999998812e-02,1.786555666666666744e+06
4.605500000000000000e+03,8.895941999999999439e+01,9.675973999999999686e-02,1.794411000000000000e+06
4.615500000000000000e+03,8.891742999999999597e+01,9.678416000000000796e-02,1.802285666666666511e+06
4.625500000000000000e+03,8.893670999999999083e+01,9.672604999999999398e-02,1.810177333333333256e+06
4.635500000000000000e+03,8.894499000000000422e+01,9.673861000000001653e-02,1.818084666666666744e+06
4.645500000000000000e+03,8.890400999999999954e+01,9.685436999999999519e-02,1.826010000000000000e+06
4.655500000000000000e+03,8.892643999999998528e+01,9.686072999999999211e-02,1.833953333333333489e+06
4.665500000000000000e+03,8.894843999999999085e+01,9.669313999999999687e-02,1.841913000000000000e+06
4.675500000000000000e+03,8.895699000000000467e+01,9.655219999999999081e-02,1.849892000000000000e+06
4.685500000000000000e+03,8.893186000000000035e+01,9.654241999999998991e-02,1.857886666666666744e+06
4.695500000000000000e+03,8.895329000000000974e+01,9.661853000000000802e-02,1.865898333333333489e+06
4.705500000000000000e+03,8.896672000000000935e+01,9.672760999999999165e-02,1.873927666666666744e+06
4.715500000000000000e+03,8.897285999999999717e+01,9.663414000000000725e-02,1.881975000000000000e+06
4.725500000000000000e+03,8.896116999999999564e+01,9.646892999999999441e-02,1.890040000000000000e+06
4.735500000000000000e+03,8.891427999999999088e+01,9.698814000000000046e-02,1.898121333333333489e+06
4.745500000000000000e+03,8.892443999999998994e+01,9.669189999999998342e-02,1.906221000000000000e+06
4.755500000000000000e+03,8.898915999999999826e+01,9.656789999999999818e-02,1.914337333333333256e+06
4.765500000000000000e+03,8.899127000000000010e+01,9.657353999999999938e-02,1.922471666666666744e+06
4.775500000000000000e+03,8.893757999999999697e+01,9.656151000000000317e-02,1.930624000000000000e+06
4.785500000000000000e+03,8.895785999999999660e+01,9.661900999999999129e-02,1.938792666666666744e+06
4.795500000000000000e+03,8.897186999999999557e+01,9.650779000000000996e-02,1.946980000000000000e+06
4.805500000000000000e+03,8.896558000000001698e+01,9.660412000000000166e-02,1.955184333333333256e+06
4.815500000000000000e+03,8.896286000000000627e+01,9.662415999999998673e-02,1.963404666666666744e+06
4.825500000000000000e+03,8.898256999999999550e+01,9.638598000000000998e-02,1.971643333333333489e+06
4.835500000000000000e+03,8.894057999999999709e+01,9.653934000000000126e-02,1.979900999999999534e+06
4.845500000000000000e+03,8.895842000000000382e+01,9.644426999999999861e-02,1.988173666666666511e+06
4.855500000000000000e+03,8.892956000000000927e+01,9.644733000000001166e-02,1.996465333333333256e+06
4.865500000000000000e+03,8.894298999999999467e+01,9.642003000000000379e-02,2.004773666666666744e+06
4.875500000000000000e+03,8.894786999999999466e+01,9.636307000000000900e-02,2.013100000000000000e+06
4.885500000000000000e+03,8.894199999999999307e+01,9.650939999999999519e-02,2.021443333333333489e+06
4.895500000000000000e+03,8.895300000000000296e+01,9.644505000000000439e-02,2.029803666666666511e+06
4.905500000000000000e+03,8.896014999999998452e+01,9.642361000000002069e-02,2.038182333333333489e+06
4.915500000000000000e+03,8.901028000000000873e+01,9.636746000000000201e-02,2.046579000000000000e+06
4.925500000000000000e+03,8.899157999999999902e+01,9.641192000000001205e-02,2.054991333333333256e+06
4.935500000000000000e+03,8.898086000000000695e+01,9.637893000000000154e-02,2.063421333333333256e+06
4.945500000000000000e+03,8.894097999999999615e+01,9.652191000000000243e-02,2.071870000000000000e+06
4.955500000000000000e+03,8.891142999999998153e+01,9.635227999999998461e-02,2.080335333333333256e+06
4.965500000000000000e+03,8.893172000000001276e+01,9.648772000000001292e-02,2.088818000000000000e+06
4.975500000000000000e+03,8.887815000000000509e+01,9.636671999999998905e-02,2.097318000000000466e+06
4.985500000000000000e+03,8.891427999999999088e+01,9.635415999999999426e-02,2.105835333333333023e+06
4.995500000000000000e+03,8.890957000000000221e+01,9.636135999999999313e-02,2.114370000000000466e+06
