5.500000000000000000e+00,6.231671999999999656e+01,1.280344900000000052e+02,1.273337406666666727e+00
1.550000000000000000e+01,6.420372000000000412e+01,1.603795000000000215e+01,7.345466999999999302e+00
2.550000000000000000e+01,6.580700000000000216e+01,1.112172599999999889e+01,1.866236333333333164e+01
3.550000000000000000e+01,6.888572000000000628e+01,8.465211999999999293e+00,3.520483333333333320e+01
4.550000000000000000e+01,7.232330000000000325e+01,6.343785000000000451e+00,5.702010666666666339e+01
5.550000000000000000e+01,7.153542000000000201e+01,5.128339000000000425e+00,8.420648666666667737e+01
6.550000000000000000e+01,7.159342000000000894e+01,4.197661999999999338e+00,1.166009666666666647e+02
7.550000000000000000e+01,7.412972000000000605e+01,3.258847999999999523e+00,1.542030000000000314e+02
8.550000000000000000e+01,7.480458000000001562e+01,2.940446000000000115e+00,1.970143333333333260e+02
9.550000000000000000e+01,7.727926999999999680e+01,2.824827999999999673e+00,2.450330333333333215e+02
1.055000000000000000e+02,7.854085999999998080e+01,2.446138000000000368e+00,2.982503666666667073e+02
1.155000000000000000e+02,7.893728000000001543e+01,2.186875999999999820e+00,3.566303333333333967e+02
1.255000000000000000e+02,7.941300000000001091e+01,2.041441999999999979e+00,4.202117666666666196e+02
1.355000000000000000e+02,7.873199999999999932e+01,1.938465000000000105e+00,4.892480666666667162e+02
1.455000000000000000e+02,7.916328999999998928e+01,1.829459000000000390e+00,5.635985666666666702e+02
1.555000000000000000e+02,7.979485000000001094e+01,1.781420000000000003e+00,6.432006333333332577e+02
1.655000000000000000e+02,8.027614000000001226e+01,1.713710999999999984e+00,7.280416333333332659e+02
1.755000000000000000e+02,8.100629999999999598e+01,1.568828000000000333e+00,8.181133666666667068e+02
1.855000000000000000e+02,8.223026999999999020e+01,1.557790000000000008e+00,9.133876333333333832e+02
1.955000000000000000e+02,8.265227999999999042e+01,1.520839000000000052e+00,1.013862333333333254e+03
2.055000000000000000e+02,8.210685000000000855e+01,1.429248000000000074e+00,1.119539999999999964e+03
2.155000000000000000e+02,8.232586999999999477e+01,1.441089999999999982e+00,1.230439333333333252e+03
2.255000000000000000e+02,8.285943000000000325e+01,1.411928000000000072e+00,1.346640666666666675e+03
2.355000000000000000e+02,8.189500999999999920e+01,1.352140000000000120e+00,1.468039000000000215e+03
2.455000000000000000e+02,8.237256999999999607e+01,1.332213000000000092e+00,1.594607333333333145e+03
2.555000000000000000e+02,8.297556999999999050e+01,1.197663799999999945e+00,1.726490333333333183e+03
2.655000000000000000e+02,8.256157999999997799e+01,1.209485000000000143e+00,1.863670000000000073e+03
2.755000000000000000e+02,8.307743000000000677e+01,1.105683999999999889e+00,2.006139333333333070e+03
2.855000000000000000e+02,8.376655999999999835e+01,1.095538199999999796e+00,2.153883333333333667e+03
2.955000000000000000e+02,8.307514999999997940e+01,1.086819699999999944e+00,2.306840666666666493e+03
3.055000000000000000e+02,8.320069999999999766e+01,1.020855500000000138e+00,2.465015000000000327e+03
3.155000000000000000e+02,8.343943000000000154e+01,9.525889999999999080e-01,2.628404666666666344e+03
3.255000000000000000e+02,8.355129000000000872e+01,9.510619000000000156e-01,2.797016333333333478e+03
3.355000000000000000e+02,8.380257000000000289e+01,9.314319000000000903e-01,2.970850666666666712e+03
3.455000000000000000e+02,8.454413000000000977e+01,9.022513999999999257e-01,3.149910333333333256e+03
3.555000000000000000e+02,8.389372000000000185e+01,8.901708000000001508e-01,3.334235999999999876e+03
3.655000000000000000e+02,8.407016000000000133e+01,8.970228000000000090e-01,3.523824666666666417e+03
3.755000000000000000e+02,8.464214000000001192e+01,8.016647999999999552e-01,3.718709000000000287e+03
3.855000000000000000e+02,8.467515000000000214e+01,7.881513999999999465e-01,3.918848666666666304e+03
3.955000000000000000e+02,8.459355999999999653e+01,7.681539000000000561e-01,4.124226666666666461e+03
4.055000000000000000e+02,8.435871000000000208e+01,7.831097000000000197e-01,4.334845999999999549e+03
4.155000000000000000e+02,8.445442999999998790e+01,7.547325000000000284e-01,4.550715000000000146e+03
4.255000000000000000e+02,8.479542999999998187e+01,7.309706000000000259e-01,4.771848333333332448e+03
4.355000000000000000e+02,8.496415000000000362e+01,7.584326999999999597e-01,4.998232666666666773e+03
4.455000000000000000e+02,8.490472000000001174e+01,7.457629999999999537e-01,5.229861333333332368e+03
4.555000000000000000e+02,8.498628000000000782e+01,7.103559999999999874e-01,5.466741666666666788e+03
4.655000000000000000e+02,8.572270000000000323e+01,6.684527999999999581e-01,5.708872666666667101e+03
4.755000000000000000e+02,8.577101999999999293e+01,6.669299000000000754e-01,5.956228333333332557e+03
4.855000000000000000e+02,8.562971000000000288e+01,6.515695000000000237e-01,6.208809666666666089e+03
4.955000000000000000e+02,8.569913999999998566e+01,6.237252999999999270e-01,6.466650666666666439e+03
5.055000000000000000e+02,8.525327999999998951e+01,6.314355999999999858e-01,6.729750000000000000e+03
5.155000000000000000e+02,8.486684999999999945e+01,6.343255999999999339e-01,6.998119000000000597e+03
5.255000000000000000e+02,8.500444000000000244e+01,6.212256999999999918e-01,7.271753999999998996e+03
5.355000000000000000e+02,8.462212999999999852e+01,5.997371000000000230e-01,7.550653333333332739e+03
5.455000000000000000e+02,8.505483999999999867e+01,6.127016000000000684e-01,7.834819666666667217e+03
5.555000000000000000e+02,8.556669999999999732e+01,5.997985999999999596e-01,8.124289333333334071e+03
5.655000000000000000e+02,8.554130000000000678e+01,6.005049000000000081e-01,8.419067333333334318e+03
5.755000000000000000e+02,8.540842000000000667e+01,6.217334000000001026e-01,8.719145000000000437e+03
5.855000000000000000e+02,8.561227999999999838e+01,6.108349000000000695e-01,9.024575333333332310e+03
5.955000000000000000e+02,8.583642000000000394e+01,5.991315999999999864e-01,9.335327666666667938e+03
6.055000000000000000e+02,8.585314999999999941e+01,5.917401000000001021e-01,9.651367666666666992e+03
6.155000000000000000e+02,8.590299999999999159e+01,6.018982000000000498e-01,9.972732333333331553e+03
6.255000000000000000e+02,8.590984999999999161e+01,5.865962000000000121e-01,1.029941333333333387e+04
6.355000000000000000e+02,8.582542000000000826e+01,5.821212000000000053e-01,1.063142333333333409e+04
6.455000000000000000e+02,8.637242999999999427e+01,5.667272999999999339e-01,1.096872333333333336e+04
6.555000000000000000e+02,8.617799999999999727e+01,5.668315999999999910e-01,1.131139333333333525e+04
6.655000000000000000e+02,8.594913999999999987e+01,5.919423000000000323e-01,1.165943333333333430e+04
6.755000000000000000e+02,8.602857000000001619e+01,5.857381000000000393e-01,1.201280666666666730e+04
6.855000000000000000e+02,8.596315000000001305e+01,5.791522000000000059e-01,1.237156000000000131e+04
6.955000000000000000e+02,8.607713999999999999e+01,5.977331999999999645e-01,1.273560000000000218e+04
7.055000000000000000e+02,8.603213999999999828e+01,5.837093999999999339e-01,1.310493666666666468e+04
7.155000000000000000e+02,8.600057000000001040e+01,5.845966000000000218e-01,1.347958333333333212e+04
7.255000000000000000e+02,8.647314000000000078e+01,5.736004000000000103e-01,1.385950666666666439e+04
7.355000000000000000e+02,8.653843000000000529e+01,5.750614000000000559e-01,1.424472666666666555e+04
7.455000000000000000e+02,8.630657999999999674e+01,5.794340000000000046e-01,1.463524666666666781e+04
7.555000000000000000e+02,8.651286000000001764e+01,5.705399000000000997e-01,1.503107333333333372e+04
7.655000000000000000e+02,8.666857999999999151e+01,5.670811000000000046e-01,1.543220000000000255e+04
7.755000000000000000e+02,8.687170000000000414e+01,5.609572999999998810e-01,1.583859666666666817e+04
7.855000000000000000e+02,8.681970999999998639e+01,5.522547999999999346e-01,1.625035333333333256e+04
7.955000000000000000e+02,8.677642999999999063e+01,5.488803000000000987e-01,1.666742666666666992e+04
8.055000000000000000e+02,8.695556999999999448e+01,5.501352999999999938e-01,1.708979999999999563e+04
8.155000000000000000e+02,8.716972000000001231e+01,5.472476000000000562e-01,1.751748666666666759e+04
8.255000000000000000e+02,8.703843000000000529e+01,5.410443000000000335e-01,1.795049666666666599e+04
8.355000000000000000e+02,8.702227000000000601e+01,5.384006000000000070e-01,1.838880666666666730e+04
8.455000000000000000e+02,8.723827999999998895e+01,5.337994999999999823e-01,1.883243666666666468e+04
8.555000000000000000e+02,8.715255999999999403e+01,5.330750999999999129e-01,1.928141666666667152e+04
8.655000000000000000e+02,8.739212999999999454e+01,5.346526000000000334e-01,1.973570333333333474e+04
8.755000000000000000e+02,8.718872000000001776e+01,5.293590999999999713e-01,2.019530333333333328e+04
8.855000000000000000e+02,8.772128999999999621e+01,5.515326000000000395e-01,2.066022000000000116e+04
8.955000000000000000e+02,8.767870999999999526e+01,5.402028000000000940e-01,2.113050666666666439e+04
9.055000000000000000e+02,8.761570999999999287e+01,5.253259999999999597e-01,2.160616000000000349e+04
9.155000000000000000e+02,8.765214999999999179e+01,5.300348999999999755e-01,2.208720000000000073e+04
9.255000000000000000e+02,8.768928000000001077e+01,5.151814000000000116e-01,2.257361333333333459e+04
9.355000000000000000e+02,8.774541999999999575e+01,5.293415999999999677e-01,2.306534333333333052e+04
9.455000000000000000e+02,8.779142000000000223e+01,5.119926999999999673e-01,2.356239333333333343e+04
9.555000000000000000e+02,8.784956000000001097e+01,5.199496000000000118e-01,2.406473333333333358e+04
9.655000000000000000e+02,8.788885999999999399e+01,5.249725000000001751e-01,2.457236333333333096e+04
9.755000000000000000e+02,8.801099999999999568e+01,5.144101000000000923e-01,2.508530999999999767e+04
9.855000000000000000e+02,8.800456999999998686e+01,5.071822999999999748e-01,2.560359000000000015e+04
9.955000000000000000e+02,8.804343000000000075e+01,5.252350000000000074e-01,2.612720333333333110e+04
1.005500000000000000e+03,8.806886000000000081e+01,5.141929999999999001e-01,2.665620333333333110e+04
1.015500000000000000e+03,8.809299999999998931e+01,5.056185999999999181e-01,2.719054000000000087e+04
1.025500000000000000e+03,8.812814999999999088e+01,5.036540000000000461e-01,2.773023666666667123e+04
1.035500000000000000e+03,8.812387000000001080e+01,5.052524999999998823e-01,2.827536000000000422e+04
1.045500000000000000e+03,8.816527999999999565e+01,4.950927999999999995e-01,2.882584999999999854e+04
1.055500000000000000e+03,8.818127999999998679e+01,4.952168000000000125e-01,2.938171333333332950e+04
1.065500000000000000e+03,8.820198999999999501e+01,4.875844999999999763e-01,2.994293000000000393e+04
1.075500000000000000e+03,8.819101000000000568e+01,4.883255999999999153e-01,3.050949000000000160e+04
1.085500000000000000e+03,8.821269999999999811e+01,4.870469000000000048e-01,3.108140666666666584e+04
1.095500000000000000e+03,8.824728000000000350e+01,4.947598000000000273e-01,3.165866333333333750e+04
1.105500000000000000e+03,8.824672000000001049e+01,4.867027000000000436e-01,3.224127666666666482e+04
1.115500000000000000e+03,8.825255999999998835e+01,4.889792999999998946e-01,3.282929666666667617e+04
1.125500000000000000e+03,8.829256999999999778e+01,4.816905000000000214e-01,3.342267666666667355e+04
1.135500000000000000e+03,8.824784999999999968e+01,4.816411000000000442e-01,3.402142999999999302e+04
1.145500000000000000e+03,8.827015000000000100e+01,4.820154999999999856e-01,3.462554666666666890e+04
1.155500000000000000e+03,8.838100000000000023e+01,4.848655000000000048e-01,3.523509666666666453e+04
1.165500000000000000e+03,8.834157999999999333e+01,4.939919999999999867e-01,3.584998999999999796e+04
1.175500000000000000e+03,8.837170999999999310e+01,4.926732000000000333e-01,3.647025333333334129e+04
1.185500000000000000e+03,8.840413999999998396e+01,4.913739999999998664e-01,3.709586333333332732e+04
1.195500000000000000e+03,8.842142999999998665e+01,4.846957999999998989e-01,3.772682333333333372e+04
1.205500000000000000e+03,8.841212999999999056e+01,4.803832000000000657e-01,3.836313333333333139e+04
1.215500000000000000e+03,8.844745000000000346e+01,5.047245000000000203e-01,3.900480999999999767e+04
1.225500000000000000e+03,8.842127000000000692e+01,5.297190000000000509e-01,3.965183999999999651e+04
1.235500000000000000e+03,8.845529000000000508e+01,5.292464999999999531e-01,4.030422333333332790e+04
1.245500000000000000e+03,8.847112999999998806e+01,5.401661000000000934e-01,4.096197000000000116e+04
1.255500000000000000e+03,8.851029000000001190e+01,5.354716999999999949e-01,4.162506333333333896e+04
1.265500000000000000e+03,8.853786000000000911e+01,5.299901000000000195e-01,4.229351000000000204e+04
1.275500000000000000e+03,8.854569999999999652e+01,5.302497000000000460e-01,4.296730666666667094e+04
1.285500000000000000e+03,8.852899999999999636e+01,5.271000999999999603e-01,4.364647666666666919e+04
1.295500000000000000e+03,8.854672000000000764e+01,5.162882000000000859e-01,4.433098333333332994e+04
1.305500000000000000e+03,8.857913999999999533e+01,5.188587000000000060e-01,4.502085333333332528e+04
1.315500000000000000e+03,8.855901000000001488e+01,5.109932999999999836e-01,4.571614666666666017e+04
1.325500000000000000e+03,8.858728999999999587e+01,5.141255999999999604e-01,4.641683000000000175e+04
1.335500000000000000e+03,8.858457999999998833e+01,5.147892000000000579e-01,4.712288666666665813e+04
1.345500000000000000e+03,8.860313999999999623e+01,5.151998999999999329e-01,4.783429666666666162e+04
1.355500000000000000e+03,8.863071999999999662e+01,5.131409999999999583e-01,4.855106666666666570e+04
1.365500000000000000e+03,8.862184000000000594e+01,5.076820000000001887e-01,4.927323999999999796e+04
1.375500000000000000e+03,8.865543999999999869e+01,5.101586000000000176e-01,5.000082333333333372e+04
1.385500000000000000e+03,8.863757999999999981e+01,5.039137000000000199e-01,5.073378333333334012e+04
1.395500000000000000e+03,8.863143999999999778e+01,4.970430000000000126e-01,5.147211333333333459e+04
1.405500000000000000e+03,8.867357000000001221e+01,4.992365000000000275e-01,5.221586333333333459e+04
1.415500000000000000e+03,8.864672999999999092e+01,4.913455999999999935e-01,5.296500000000000000e+04
1.425500000000000000e+03,8.859542000000000428e+01,4.839373000000000147e-01,5.371952666666667210e+04
1.435500000000000000e+03,8.865457999999999572e+01,4.911985000000000379e-01,5.447940999999999622e+04
1.445500000000000000e+03,8.858714000000000510e+01,4.858907000000000087e-01,5.524467666666667355e+04
1.455500000000000000e+03,8.859528000000000247e+01,4.875537999999999816e-01,5.601532666666666046e+04
1.465500000000000000e+03,8.860099999999999909e+01,4.711224000000000522e-01,5.679133666666666977e+04
1.475500000000000000e+03,8.858100999999999203e+01,4.775282999999999056e-01,5.757272333333334245e+04
1.485500000000000000e+03,8.854657000000000266e+01,4.587844000000000366e-01,5.835950000000000000e+04
1.495500000000000000e+03,8.855998999999999910e+01,4.578143000000000074e-01,5.915165333333333547e+04
1.505500000000000000e+03,8.858527999999999736e+01,4.549719999999999875e-01,5.994917666666667355e+04
1.515500000000000000e+03,8.858056000000000552e+01,4.528131000000000239e-01,6.075207999999999447e+04
1.525500000000000000e+03,8.857113999999999976e+01,4.536019999999999497e-01,6.156036999999999534e+04
1.535500000000000000e+03,8.860114000000001511e+01,4.512645000000000128e-01,6.237407333333334100e+04
1.545500000000000000e+03,8.858943000000000723e+01,4.501382000000000438e-01,6.319317666666667355e+04
1.555500000000000000e+03,8.862728999999998791e+01,4.521484000000000059e-01,6.401767333333333954e+04
1.565500000000000000e+03,8.863014000000001147e+01,4.528402999999999734e-01,6.484756333333333168e+04
1.575500000000000000e+03,8.862257999999999925e+01,4.462358000000000158e-01,6.568281666666665114e+04
1.585500000000000000e+03,8.860471999999998616e+01,4.483298000000000560e-01,6.652347000000000116e+04
1.595500000000000000e+03,8.859927999999999315e+01,4.400458000000000425e-01,6.736950000000000000e+04
1.605500000000000000e+03,8.859743000000000279e+01,4.371249999999999858e-01,6.822091333333333023e+04
1.615500000000000000e+03,8.859441999999999950e+01,4.415544000000000691e-01,6.907771333333334769e+04
1.625500000000000000e+03,8.859201999999999089e+01,4.362106000000000039e-01,6.993989666666666744e+04
1.635500000000000000e+03,8.863487000000000648e+01,4.391192999999999347e-01,7.080747666666666919e+04
1.645500000000000000e+03,8.862500000000000000e+01,4.380899000000000321e-01,7.168044999999999709e+04
1.655500000000000000e+03,8.862014000000002056e+01,4.381308999999999898e-01,7.255881666666668025e+04
1.665500000000000000e+03,8.863700000000000045e+01,4.418606999999999951e-01,7.344257333333333372e+04
1.675500000000000000e+03,8.865585000000000093e+01,4.410646999999999762e-01,7.433174333333333198e+04
1.685500000000000000e+03,8.864115999999998508e+01,4.374132999999999494e-01,7.522635000000000582e+04
1.695500000000000000e+03,8.866285999999999490e+01,4.392012999999999612e-01,7.612636000000001513e+04
1.705500000000000000e+03,8.869100999999997725e+01,4.347038999999999764e-01,7.703174999999998545e+04
1.715500000000000000e+03,8.868958000000000652e+01,4.331369999999999942e-01,7.794252666666667210e+04
1.725500000000000000e+03,8.870183999999997582e+01,4.321705999999999603e-01,7.885870666666666511e+04
1.735500000000000000e+03,8.870098999999999023e+01,4.293906000000000667e-01,7.978030000000001746e+04
1.745500000000000000e+03,8.869315000000000282e+01,4.316886000000000334e-01,8.070730333333334420e+04
1.755500000000000000e+03,8.871957000000000448e+01,4.268016000000000032e-01,8.163971333333334769e+04
1.765500000000000000e+03,8.874670999999999310e+01,4.299402999999999975e-01,8.257750999999998021e+04
1.775500000000000000e+03,8.875057000000001040e+01,4.279634000000000493e-01,8.352069999999999709e+04
1.785500000000000000e+03,8.875885999999999854e+01,4.263928000000000162e-01,8.446932333333333372e+04
1.795500000000000000e+03,8.874871999999997740e+01,4.250584000000000029e-01,8.542336666666666861e+04
1.805500000000000000e+03,8.875784999999999059e+01,4.228118999999999628e-01,8.638279333333332033e+04
1.815500000000000000e+03,8.876171999999999684e+01,4.270846999999999838e-01,8.734763666666667268e+04
1.825500000000000000e+03,8.873740999999999701e+01,4.275108999999999715e-01,8.831786333333332732e+04
1.835500000000000000e+03,8.873872000000000071e+01,4.311577999999999800e-01,8.929348333333332266e+04
1.845500000000000000e+03,8.875442000000001030e+01,4.418483999999999190e-01,9.027451666666666279e+04
1.855500000000000000e+03,8.877858000000000516e+01,4.332658000000000342e-01,9.126095000000002619e+04
1.865500000000000000e+03,8.871786000000000172e+01,4.296069000000000138e-01,9.225278999999997905e+04
1.875500000000000000e+03,8.880629000000000417e+01,4.338913999999999827e-01,9.325013333333333139e+04
1.885500000000000000e+03,8.877885999999999456e+01,4.419917999999999902e-01,9.425290333333333547e+04
1.895500000000000000e+03,8.876142999999999006e+01,4.413409999999999833e-01,9.526109333333333780e+04
1.905500000000000000e+03,8.875413999999999248e+01,4.399321999999999955e-01,9.627469333333332906e+04
1.915500000000000000e+03,8.877958000000000993e+01,4.387755000000000405e-01,9.729366999999999825e+04
1.925500000000000000e+03,8.878498999999999342e+01,4.376547000000000631e-01,9.831802333333333081e+04
1.935500000000000000e+03,8.882241999999999393e+01,4.371104000000000100e-01,9.934787333333332208e+04
1.945500000000000000e+03,8.881543000000000632e+01,4.356213000000000446e-01,1.003831233333333221e+05
1.955500000000000000e+03,8.883613999999998612e+01,4.339480999999999478e-01,1.014239666666666599e+05
1.965500000000000000e+03,8.881071000000000026e+01,4.334138000000000157e-01,1.024701333333333314e+05
1.975500000000000000e+03,8.877642000000000166e+01,4.330580000000000540e-01,1.035216666666666570e+05
1.985500000000000000e+03,8.881785999999999603e+01,4.315077999999999969e-01,1.045788999999999942e+05
1.995500000000000000e+03,8.882716000000000633e+01,4.308962000000000070e-01,1.056413000000000029e+05
2.005500000000000000e+03,8.883471999999999014e+01,4.292040000000000299e-01,1.067092666666666482e+05
2.015500000000000000e+03,8.885271000000000186e+01,4.287916999999999978e-01,1.077827666666666773e+05
2.025500000000000000e+03,8.886230999999999369e+01,4.277632999999999575e-01,1.088616333333333314e+05
2.035500000000000000e+03,8.887655999999999779e+01,4.265475000000000239e-01,1.099459666666666744e+05
2.045500000000000000e+03,8.887829000000000690e+01,4.255560999999999927e-01,1.110357333333333518e+05
2.055500000000000000e+03,8.886370999999999754e+01,4.234683999999999671e-01,1.121308333333333285e+05
2.065500000000000000e+03,8.886871999999999616e+01,4.232333000000000345e-01,1.132314333333333489e+05
2.075500000000000000e+03,8.887899999999999068e+01,4.217576999999999576e-01,1.143375333333333547e+05
2.085500000000000000e+03,8.890214000000000283e+01,4.212596000000000673e-01,1.154489666666666744e+05
2.095500000000000000e+03,8.887013999999999214e+01,4.199380999999999808e-01,1.165658666666666686e+05
2.105500000000000000e+03,8.888928000000001362e+01,4.195151000000000296e-01,1.176881999999999971e+05
2.115500000000000000e+03,8.889643000000000939e+01,4.213357000000000352e-01,1.188158333333333430e+05
2.125500000000000000e+03,8.887814000000000192e+01,4.235113000000000349e-01,1.199487666666666482e+05
2.135500000000000000e+03,8.887357000000000085e+01,4.222575000000000078e-01,1.210873333333333285e+05
2.145500000000000000e+03,8.889727000000000601e+01,4.158934000000000242e-01,1.222313666666666686e+05
2.155500000000000000e+03,8.888857000000000141e+01,4.230722000000000094e-01,1.233806000000000058e+05
2.165500000000000000e+03,8.888757000000001085e+01,4.286291000000000406e-01,1.245353000000000029e+05
2.175500000000000000e+03,8.889401000000000863e+01,4.272710000000000119e-01,1.256953999999999942e+05
2.185500000000000000e+03,8.892744000000000426e+01,4.267766000000000060e-01,1.268609999999999709e+05
2.195500000000000000e+03,8.889428000000000907e+01,4.369773999999999603e-01,1.280320333333333547e+05
2.205500000000000000e+03,8.893542999999999665e+01,4.295540999999999943e-01,1.292086666666666715e+05
2.215500000000000000e+03,8.893486000000000047e+01,4.375773000000000579e-01,1.303906666666666715e+05
2.225500000000000000e+03,8.893514000000000408e+01,4.337787000000000726e-01,1.315781333333333314e+05
2.235500000000000000e+03,8.897200000000000841e+01,4.335128000000000315e-01,1.327709666666666744e+05
2.245500000000000000e+03,8.895173000000001196e+01,4.359439999999999427e-01,1.339692666666666628e+05
2.255500000000000000e+03,8.898285000000001332e+01,4.353417999999999455e-01,1.351729666666666453e+05
2.265500000000000000e+03,8.903571000000000879e+01,4.341066000000000646e-01,1.363821333333333605e+05
2.275500000000000000e+03,8.896030000000000371e+01,4.338222999999999385e-01,1.375968666666666686e+05
2.285500000000000000e+03,8.898386000000002127e+01,4.344348000000000098e-01,1.388170666666666511e+05
2.295500000000000000e+03,8.896398000000000650e+01,4.317090000000000094e-01,1.400424666666666453e+05
2.305500000000000000e+03,8.900312999999999874e+01,4.308893000000000306e-01,1.412735666666666802e+05
2.315500000000000000e+03,8.898813999999998714e+01,4.316735999999999907e-01,1.425100000000000000e+05
2.325500000000000000e+03,8.900615000000000521e+01,4.304470999999999714e-01,1.437519666666666453e+05
2.335500000000000000e+03,8.907099999999999795e+01,4.291893999999999432e-01,1.449993333333333139e+05
2.345500000000000000e+03,8.899971999999999639e+01,4.300632000000000343e-01,1.462521666666666570e+05
2.355500000000000000e+03,8.898557999999999879e+01,4.323423000000000127e-01,1.475103666666666686e+05
2.365500000000000000e+03,8.899312999999999363e+01,4.314325999999999439e-01,1.487739333333333198e+05
2.375500000000000000e+03,8.895955999999998198e+01,4.313265999999999489e-01,1.500430000000000000e+05
2.385500000000000000e+03,8.895542000000000371e+01,4.313221999999999889e-01,1.513174333333332906e+05
2.395500000000000000e+03,8.896314999999999884e+01,4.306548000000000043e-01,1.525973666666666686e+05
2.405500000000000000e+03,8.897971999999998616e+01,4.301648999999999612e-01,1.538826666666666570e+05
2.415500000000000000e+03,8.898057000000000016e+01,4.296079999999999899e-01,1.551733999999999651e+05
2.425500000000000000e+03,8.898514000000000124e+01,4.284584999999999644e-01,1.564696333333333023e+05
2.435500000000000000e+03,8.901800000000000068e+01,4.269638999999999518e-01,1.577709666666666744e+05
2.445500000000000000e+03,8.897714999999998042e+01,4.270104000000000122e-01,1.590779333333333489e+05
2.455500000000000000e+03,8.899658999999999764e+01,4.251772999999999803e-01,1.603903666666666395e+05
2.465500000000000000e+03,8.902071999999999719e+01,4.238298000000000343e-01,1.617081666666666861e+05
2.475500000000000000e+03,8.900843000000000416e+01,4.232473999999999958e-01,1.630313666666666686e+05
2.485500000000000000e+03,8.898198999999999614e+01,4.225161999999998974e-01,1.643601666666666570e+05
2.495500000000000000e+03,8.899271999999999139e+01,4.191642000000000978e-01,1.656942666666666628e+05
2.505500000000000000e+03,8.904429000000000372e+01,4.192179000000000322e-01,1.670337999999999884e+05
2.515500000000000000e+03,8.902414999999999168e+01,4.169238000000000111e-01,1.683787000000000116e+05
2.525500000000000000e+03,8.903056999999998311e+01,4.132399999999999407e-01,1.697291000000000058e+05
2.535500000000000000e+03,8.905598000000000525e+01,4.140063999999999966e-01,1.710848999999999651e+05
2.545500000000000000e+03,8.905114999999999270e+01,4.158054999999999946e-01,1.724461000000000058e+05
2.555500000000000000e+03,8.903956999999999766e+01,4.143554999999999322e-01,1.738127666666666628e+05
2.565500000000000000e+03,8.905115000000000691e+01,4.121240000000000459e-01,1.751849666666666744e+05
2.575500000000000000e+03,8.901800000000000068e+01,4.127462999999999549e-01,1.765625666666666802e+05
2.585500000000000000e+03,8.903828000000000031e+01,4.142755000000000187e-01,1.779456000000000058e+05
2.595500000000000000e+03,8.904156999999999300e+01,4.130784999999999596e-01,1.793341000000000058e+05
2.605500000000000000e+03,8.901928999999999803e+01,4.064783999999999620e-01,1.807279333333333198e+05
2.615500000000000000e+03,8.901542000000002020e+01,4.101469999999999838e-01,1.821272666666666628e+05
2.625500000000000000e+03,8.901300999999999419e+01,4.076983000000000135e-01,1.835320666666666802e+05
2.635500000000000000e+03,8.903087000000000728e+01,4.103153999999999968e-01,1.849422000000000116e+05
2.645500000000000000e+03,8.904715999999999099e+01,4.104116000000000430e-01,1.863579333333333198e+05
2.655500000000000000e+03,8.902257000000000176e+01,4.097734000000000099e-01,1.877790333333333547e+05
2.665500000000000000e+03,8.904686000000000945e+01,4.070562999999999820e-01,1.892054666666666744e+05
2.675500000000000000e+03,8.903786999999999807e+01,4.072757000000000183e-01,1.906373666666666395e+05
2.685500000000000000e+03,8.901327999999998042e+01,4.031032999999999977e-01,1.920748666666666686e+05
2.695500000000000000e+03,8.902543000000000006e+01,4.058780999999999639e-01,1.935176666666666861e+05
2.705500000000000000e+03,8.900627999999998963e+01,4.051783000000000468e-01,1.949658333333333430e+05
2.715500000000000000e+03,8.902412999999999954e+01,4.009511000000000047e-01,1.964195333333333256e+05
2.725500000000000000e+03,8.898814000000000135e+01,4.007296000000000191e-01,1.978786666666666861e+05
2.735500000000000000e+03,8.898584999999999923e+01,3.940171000000000090e-01,1.993432666666666628e+05
2.745500000000000000e+03,8.900513999999999726e+01,3.952029000000000236e-01,2.008131999999999825e+05
2.755500000000000000e+03,8.902343000000000472e+01,3.946176999999999602e-01,2.022885666666666511e+05
2.765500000000000000e+03,8.905044000000000892e+01,3.892016000000000364e-01,2.037695666666666802e+05
2.775500000000000000e+03,8.904786999999998898e+01,3.866961000000000426e-01,2.052558999999999651e+05
2.785500000000000000e+03,8.902984999999998195e+01,3.856928000000000023e-01,2.067475333333333547e+05
2.795500000000000000e+03,8.907057000000000357e+01,3.820328000000000057e-01,2.082448666666666395e+05
2.805500000000000000e+03,8.903315000000000623e+01,3.859440000000000093e-01,2.097473666666666977e+05
2.815500000000000000e+03,8.897155999999999665e+01,3.789533000000000484e-01,2.112555333333332965e+05
2.825500000000000000e+03,8.898530999999999835e+01,3.819700999999999791e-01,2.127689666666667035e+05
2.835500000000000000e+03,8.897355999999999199e+01,3.824407000000000223e-01,2.142879333333333489e+05
2.845500000000000000e+03,8.898457000000000505e+01,3.844908000000000214e-01,2.158122999999999884e+05
2.855500000000000000e+03,8.897213999999999601e+01,3.871109000000000355e-01,2.173422000000000116e+05
2.865500000000000000e+03,8.897200999999999738e+01,3.835726999999999887e-01,2.188774333333332906e+05
2.875500000000000000e+03,8.894629000000000474e+01,3.821748999999999841e-01,2.204181333333333023e+05
2.885500000000000000e+03,8.895883999999998082e+01,3.803151000000000170e-01,2.219642333333333372e+05
2.895500000000000000e+03,8.895799999999999841e+01,3.877943999999999836e-01,2.235159333333333489e+05
2.905500000000000000e+03,8.897128999999999621e+01,3.898538999999999755e-01,2.250730333333333547e+05
2.915500000000000000e+03,8.896170999999999651e+01,3.909688999999999526e-01,2.266355333333332965e+05
2.925500000000000000e+03,8.895643000000001166e+01,3.944332000000000393e-01,2.282035333333332965e+05
2.935500000000000000e+03,8.897384999999999877e+01,3.927399999999999780e-01,2.297768666666666977e+05
2.945500000000000000e+03,8.898713999999999658e+01,3.914839999999999987e-01,2.313557333333333372e+05
2.955500000000000000e+03,8.897799000000000547e+01,3.952896000000000187e-01,2.329401000000000058e+05
2.965500000000000000e+03,8.898384999999998968e+01,3.911460999999999966e-01,2.345297666666666628e+05
2.975500000000000000e+03,8.897986000000000217e+01,3.932269999999999932e-01,2.361250000000000000e+05
2.985500000000000000e+03,8.896742000000000417e+01,3.942705000000000237e-01,2.377253666666666395e+05
2.995500000000000000e+03,8.898227999999998872e+01,3.935070999999999986e-01,2.393312333333333372e+05
3.005500000000000000e+03,8.898928000000000793e+01,3.929191999999999685e-01,2.409427999999999884e+05
3.015500000000000000e+03,8.900999000000000194e+01,3.899925000000000197e-01,2.425596333333333023e+05
3.025500000000000000e+03,8.902158000000000015e+01,3.917675999999999936e-01,2.441818666666666977e+05
3.035500000000000000e+03,8.902585000000000548e+01,3.910018000000000105e-01,2.458097000000000116e+05
3.045500000000000000e+03,8.902772000000001640e+01,3.906124999999999181e-01,2.474428666666666395e+05
3.055500000000000000e+03,8.902414000000000271e+01,3.921347000000000027e-01,2.490814333333333489e+05
3.065500000000000000e+03,8.900413999999997827e+01,3.919791999999999721e-01,2.507256333333333605e+05
3.075500000000000000e+03,8.898771999999999593e+01,3.950251000000000179e-01,2.523750666666666511e+05
3.085500000000000000e+03,8.892515999999997689e+01,3.943609000000000142e-01,2.540300000000000000e+05
3.095500000000000000e+03,8.893128000000001521e+01,3.940701999999999816e-01,2.556903666666666977e+05
3.105500000000000000e+03,8.894885999999999626e+01,3.973915000000000641e-01,2.573563333333333430e+05
3.115500000000000000e+03,8.894343000000000643e+01,3.897621000000000002e-01,2.590275666666667094e+05
3.125500000000000000e+03,8.896385999999998262e+01,3.884336000000000455e-01,2.607045000000000000e+05
3.135500000000000000e+03,8.900028000000000361e+01,3.885313999999999712e-01,2.623867000000000116e+05
3.145500000000000000e+03,8.896486000000001582e+01,3.893329999999999846e-01,2.640745333333333256e+05
3.155500000000000000e+03,8.894929000000000485e+01,3.813218999999999914e-01,2.657677333333333372e+05
3.165500000000000000e+03,8.896514999999999418e+01,3.882928999999999964e-01,2.674663333333333139e+05
3.175500000000000000e+03,8.895428999999998609e+01,3.843261000000000038e-01,2.691704333333332906e+05
3.185500000000000000e+03,8.893700000000001182e+01,3.848578000000000277e-01,2.708798333333333139e+05
3.195500000000000000e+03,8.891799999999997794e+01,3.845945000000000058e-01,2.725946666666666861e+05
3.205500000000000000e+03,8.893128000000001521e+01,3.846154000000000517e-01,2.743151666666666861e+05
3.215500000000000000e+03,8.899100000000001387e+01,3.847553999999999697e-01,2.760411333333333605e+05
3.225500000000000000e+03,8.893771000000000981e+01,3.834489000000000369e-01,2.777723333333333721e+05
3.235500000000000000e+03,8.904428999999998950e+01,3.825502000000000069e-01,2.795091666666666279e+05
3.245500000000000000e+03,8.902601000000001363e+01,3.783077000000000245e-01,2.812512999999999302e+05
3.255500000000000000e+03,8.901299000000001627e+01,3.813912000000000413e-01,2.829990333333333256e+05
3.265500000000000000e+03,8.903770999999998992e+01,3.779437999999999964e-01,2.847521999999999534e+05
3.275500000000000000e+03,8.901869999999999550e+01,3.772826999999999709e-01,2.865107666666667210e+05
3.285500000000000000e+03,8.901127999999998508e+01,3.801646999999999665e-01,2.882748000000000466e+05
3.295500000000000000e+03,8.905170999999998571e+01,3.752108000000000110e-01,2.900443333333333721e+05
3.305500000000000000e+03,8.903414000000000783e+01,3.772733000000000336e-01,2.918192000000000116e+05
3.315500000000000000e+03,8.907456000000000529e+01,3.721133999999999276e-01,2.935995666666667094e+05
3.325500000000000000e+03,8.905243000000000109e+01,3.765190000000000481e-01,2.953854000000000233e+05
3.335500000000000000e+03,8.906269999999999243e+01,3.729979999999999962e-01,2.971766666666666279e+05
3.345500000000000000e+03,8.906372000000000355e+01,3.744612999999999414e-01,2.989731666666666279e+05
3.355500000000000000e+03,8.906515000000000271e+01,3.709601000000000148e-01,3.007754333333333489e+05
3.365500000000000000e+03,8.906213999999998521e+01,3.734998999999999958e-01,3.025830333333333256e+05
3.375500000000000000e+03,8.905230000000000246e+01,3.736795000000000533e-01,3.043960000000000000e+05
3.385500000000000000e+03,8.905384999999999707e+01,3.729137000000000146e-01,3.062144999999999418e+05
3.395500000000000000e+03,8.904944000000000415e+01,3.714102999999999710e-01,3.080383999999999651e+05
3.405500000000000000e+03,8.905057000000002176e+01,3.739610999999999907e-01,3.098676666666666861e+05
3.415500000000000000e+03,8.905771999999998911e+01,3.742919000000000107e-01,3.117025000000000000e+05
3.425500000000000000e+03,8.904941999999999780e+01,3.721908999999999357e-01,3.135427000000000698e+05
3.435500000000000000e+03,8.903414999999999679e+01,3.734944000000000597e-01,3.153883333333333721e+05
3.445500000000000000e+03,8.905271000000000470e+01,3.685975000000000223e-01,3.172394666666666744e+05
3.455500000000000000e+03,8.904702000000000339e+01,3.724986999999999604e-01,3.190960333333333256e+05
3.465500000000000000e+03,8.905228999999999928e+01,3.700169999999999848e-01,3.209579333333332906e+05
3.475500000000000000e+03,8.906100999999998180e+01,3.632576999999999612e-01,3.228254000000000233e+05
3.485500000000000000e+03,8.904013000000000488e+01,3.670775000000000010e-01,3.246984333333332906e+05
3.495500000000000000e+03,8.906116000000000099e+01,3.669018000000000557e-01,3.265767999999999884e+05
3.505500000000000000e+03,8.906502000000000407e+01,3.673838999999999855e-01,3.284605999999999767e+05
3.515500000000000000e+03,8.904912999999999101e+01,3.722101999999999355e-01,3.303499666666666744e+05
3.525500000000000000e+03,8.906383999999999901e+01,3.711020999999999903e-01,3.322448333333333721e+05
3.535500000000000000e+03,8.905728999999999473e+01,3.700286999999999882e-01,3.341451666666666279e+05
3.545500000000000000e+03,8.906813999999999965e+01,3.674833999999999601e-01,3.360509333333333489e+05
3.555500000000000000e+03,8.908198000000000150e+01,3.674156000000000089e-01,3.379623333333333721e+05
3.565500000000000000e+03,8.909783999999999082e+01,3.638658999999999644e-01,3.398791333333333023e+05
3.575500000000000000e+03,8.907656000000000063e+01,3.662951999999999875e-01,3.418014000000000233e+05
3.585500000000000000e+03,8.908957000000000903e+01,3.649365000000000525e-01,3.437292000000000698e+05
3.595500000000000000e+03,8.908612999999999715e+01,3.621526999999999941e-01,3.456625666666667094e+05
3.605500000000000000e+03,8.909785000000000821e+01,3.623216000000000214e-01,3.476012666666667210e+05
3.615500000000000000e+03,8.909712999999999283e+01,3.640434000000000170e-01,3.495453999999999651e+05
3.625500000000000000e+03,8.908514999999998452e+01,3.615089000000000219e-01,3.514951333333333023e+05
3.635500000000000000e+03,8.910542999999999836e+01,3.622941999999999552e-01,3.534502333333332790e+05
3.645500000000000000e+03,8.907770999999999617e+01,3.637179999999999858e-01,3.554108666666666395e+05
3.655500000000000000e+03,8.907785999999998694e+01,3.605700000000000016e-01,3.573770666666666511e+05
3.665500000000000000e+03,8.909887000000000512e+01,3.615067999999999615e-01,3.593487000000000116e+05
3.675500000000000000e+03,8.908585000000000775e+01,3.626347000000000320e-01,3.613257000000000116e+05
3.685500000000000000e+03,8.907842999999999734e+01,3.602949999999999764e-01,3.633082999999999884e+05
3.695500000000000000e+03,8.907500000000000284e+01,3.615483000000000446e-01,3.652962333333333954e+05
3.705500000000000000e+03,8.909169999999998879e+01,3.593767999999999962e-01,3.672897000000000116e+05
3.715500000000000000e+03,8.908114000000000487e+01,3.598780999999999786e-01,3.692884333333333489e+05
3.725500000000000000e+03,8.909614000000000544e+01,3.601461000000000245e-01,3.712928666666666395e+05
3.735500000000000000e+03,8.913515000000001010e+01,3.588343999999999423e-01,3.733025000000000000e+05
3.745500000000000000e+03,8.906471000000000515e+01,3.640324000000000337e-01,3.753177666666667210e+05
3.755500000000000000e+03,8.908012000000000796e+01,3.610872999999999999e-01,3.773384666666666744e+05
3.765500000000000000e+03,8.906927000000000305e+01,3.629802000000000861e-01,3.793646999999999534e+05
3.775500000000000000e+03,8.907842999999999734e+01,3.620089999999999697e-01,3.813963000000000466e+05
3.785500000000000000e+03,8.908772999999999342e+01,3.651380999999999655e-01,3.834334333333333489e+05
3.795500000000000000e+03,8.910314000000001045e+01,3.605299999999999616e-01,3.854760333333333256e+05
3.805500000000000000e+03,8.908786999999999523e+01,3.620692999999999828e-01,3.875241333333333605e+05
3.815500000000000000e+03,8.912843000000000870e+01,3.582450000000000356e-01,3.895776666666666861e+05
3.825500000000000000e+03,8.909156000000000120e+01,3.625337999999999616e-01,3.916367333333332790e+05
3.835500000000000000e+03,8.908699999999998909e+01,3.588354000000000266e-01,3.937011666666666279e+05
3.845500000000000000e+03,8.910757999999998447e+01,3.547812999999999661e-01,3.957710666666666511e+05
3.855500000000000000e+03,8.910128000000000270e+01,3.571488999999999914e-01,3.978464666666666744e+05
3.865500000000000000e+03,8.910857999999998924e+01,3.556055999999999662e-01,3.999274000000000233e+05
3.875500000000000000e+03,8.909802999999999429e+01,3.590737999999999985e-01,4.020140000000000582e+05
3.885500000000000000e+03,8.909072000000000457e+01,3.577890000000000237e-01,4.041057999999999302e+05
3.895500000000000000e+03,8.911770999999998821e+01,3.564208999999999850e-01,4.062030666666667094e+05
3.905500000000000000e+03,8.912371000000000265e+01,3.562796000000000296e-01,4.083059333333333489e+05
3.915500000000000000e+03,8.913014000000001147e+01,3.503267999999999938e-01,4.104142333333333372e+05
3.925500000000000000e+03,8.911100999999999317e+01,3.549091999999999802e-01,4.125280666666666511e+05
3.935500000000000000e+03,8.910357999999999379e+01,3.544163999999999648e-01,4.146472999999999302e+05
3.945500000000000000e+03,8.910870999999998787e+01,3.544374000000000136e-01,4.167719333333332906e+05
3.955500000000000000e+03,8.912399000000000626e+01,3.541600000000000303e-01,4.189020666666666511e+05
3.965500000000000000e+03,8.913243999999998834e+01,3.518450999999999662e-01,4.210377000000000116e+05
3.975500000000000000e+03,8.912412999999999386e+01,3.525524999999999354e-01,4.231788333333333721e+05
3.985500000000000000e+03,8.912113000000000795e+01,3.536438000000000081e-01,4.253254000000000233e+05
3.995500000000000000e+03,8.912399999999999523e+01,3.528082000000000162e-01,4.274772333333333954e+05
4.005500000000000000e+03,8.911728999999999701e+01,3.542344000000000048e-01,4.296347333333333954e+05
4.015500000000000000e+03,8.912429000000000201e+01,3.521063000000000387e-01,4.317975000000000000e+05
4.025500000000000000e+03,8.913729000000000724e+01,3.534252999999999423e-01,4.339657999999999884e+05
4.035500000000000000e+03,8.912542000000000542e+01,3.523742000000000263e-01,4.361395333333333256e+05
4.045500000000000000e+03,8.911456999999998629e+01,3.570752000000000370e-01,4.383187666666666046e+05
4.055500000000000000e+03,8.912272000000000105e+01,3.530890000000000417e-01,4.405035333333333838e+05
4.065500000000000000e+03,8.914898999999999774e+01,3.532375999999999849e-01,4.426936333333334187e+05
4.075500000000000000e+03,8.914871000000000834e+01,3.502215000000000189e-01,4.448892666666666046e+05
4.085500000000000000e+03,8.913014000000001147e+01,3.518387000000000042e-01,4.470903666666665813e+05
4.095500000000000000e+03,8.915071000000000367e+01,3.541303000000000090e-01,4.492970000000000000e+05
4.105500000000000000e+03,8.919472000000000378e+01,3.524924000000000390e-01,4.515088666666666977e+05
4.115500000000000000e+03,8.918744999999999834e+01,3.553783999999999832e-01,4.537263333333333139e+05
4.125500000000000000e+03,8.916828000000000998e+01,3.535417999999999616e-01,4.559490999999999767e+05
4.135500000000000000e+03,8.919313999999999965e+01,3.531671000000000116e-01,4.581774000000000233e+05
4.145500000000000000e+03,8.917542999999999154e+01,3.526193000000000799e-01,4.604112999999999884e+05
4.155500000000000000e+03,8.915573000000001969e+01,3.527333999999999747e-01,4.626505999999999767e+05
4.165500000000000000e+03,8.914956000000000813e+01,3.575052999999999703e-01,4.648954000000000233e+05
4.175500000000000000e+03,8.915286000000000399e+01,3.575252999999999903e-01,4.671456333333334187e+05
4.185500000000000000e+03,8.914142999999999972e+01,3.571229999999999682e-01,4.694012666666667210e+05
4.195500000000000000e+03,8.918941999999999837e+01,3.568065999999999738e-01,4.716624333333332906e+05
4.205500000000000000e+03,8.920156999999998959e+01,3.566004000000000396e-01,4.739290999999999767e+05
4.215500000000000000e+03,8.919172000000000367e+01,3.564054999999999862e-01,4.762011666666666861e+05
4.225500000000000000e+03,8.918242000000000758e+01,3.561653999999999654e-01,4.784786333333334187e+05
4.235500000000000000e+03,8.918585000000000207e+01,3.560441000000000300e-01,4.807615333333333838e+05
4.245500000000000000e+03,8.918856999999999857e+01,3.557788000000000617e-01,4.830499666666666162e+05
4.255500000000000000e+03,8.917485999999999535e+01,3.554578000000000459e-01,4.853437333333332790e+05
4.265500000000000000e+03,8.918258000000000152e+01,3.550817000000000001e-01,4.876431333333334187e+05
4.275500000000000000e+03,8.917372000000000298e+01,3.552114000000000105e-01,4.899480000000000000e+05
4.285500000000000000e+03,8.917827999999998667e+01,3.549244000000000288e-01,4.922581666666666861e+05
4.295500000000000000e+03,8.915972000000002140e+01,3.546927000000000274e-01,4.945739333333332906e+05
4.305500000000000000e+03,8.915113999999999805e+01,3.516072000000000086e-01,4.968949666666666744e+05
4.315500000000000000e+03,8.920171000000000561e+01,3.529660000000000020e-01,4.992215666666667094e+05
4.325500000000000000e+03,8.916456999999999766e+01,3.540565999999999991e-01,5.015537666666667210e+05
4.335500000000000000e+03,8.917769999999998731e+01,3.538753000000000037e-01,5.038913333333333721e+05
4.345500000000000000e+03,8.916015000000001578e+01,3.536635000000000195e-01,5.062342666666666046e+05
4.355500000000000000e+03,8.919241999999999848e+01,3.560680000000000511e-01,5.085829666666666162e+05
4.365500000000000000e+03,8.916686000000001400e+01,3.572606999999999866e-01,5.109368333333333721e+05
4.375500000000000000e+03,8.918856999999999857e+01,3.570721000000000034e-01,5.132964000000000233e+05
4.385500000000000000e+03,8.915870999999999924e+01,3.556665999999999994e-01,5.156613666666665813e+05
4.395500000000000000e+03,8.918528000000000588e+01,3.580659000000000480e-01,5.180318333333333139e+05
4.405500000000000000e+03,8.917956000000000927e+01,3.552897000000000416e-01,5.204076666666666279e+05
4.415500000000000000e+03,8.919685000000001196e+01,3.549791000000000474e-01,5.227890666666667094e+05
4.425500000000000000e+03,8.916456999999999766e+01,3.548632999999999926e-01,5.251758000000000466e+05
4.435500000000000000e+03,8.916544000000001802e+01,3.583501999999999521e-01,5.275680999999998603e+05
4.445500000000000000e+03,8.914842999999999051e+01,3.583130999999999955e-01,5.299657666666666046e+05
4.455500000000000000e+03,8.915799999999998704e+01,3.580175000000000440e-01,5.323689666666665580e+05
4.465500000000000000e+03,8.914401000000000863e+01,3.606345000000000800e-01,5.347775999999998603e+05
4.475500000000000000e+03,8.913629000000000246e+01,3.577014000000000027e-01,5.371918333333333721e+05
4.485500000000000000e+03,8.913255999999998380e+01,3.600948999999999955e-01,5.396113333333333721e+05
4.495500000000000000e+03,8.911727999999999383e+01,3.636105000000000032e-01,5.420365000000000000e+05
4.505500000000000000e+03,8.913156999999999641e+01,3.636376000000000053e-01,5.444671999999999534e+05
4.515500000000000000e+03,8.910542000000000940e+01,3.631723000000000035e-01,5.469033666666666977e+05
4.525500000000000000e+03,8.913401000000000352e+01,3.629291999999999518e-01,5.493449666666665580e+05
4.535500000000000000e+03,8.910513999999999157e+01,3.627440000000000109e-01,5.517920000000000000e+05
4.545500000000000000e+03,8.911269999999998959e+01,3.623747999999999969e-01,5.542445333333334420e+05
4.555500000000000000e+03,8.910184999999998468e+01,3.620599000000000456e-01,5.567025666666666511e+05
4.565500000000000000e+03,8.910071000000000652e+01,3.619690999999999881e-01,5.591660999999998603e+05
4.575500000000000000e+03,8.914400000000000546e+01,3.620648000000000200e-01,5.616350000000000000e+05
4.585500000000000000e+03,8.912129000000000190e+01,3.614902999999999866e-01,5.641096000000000931e+05
4.595500000000000000e+03,8.910014999999999930e+01,3.612990999999999842e-01,5.665894333333332324e+05
4.605500000000000000e+03,8.912642999999999915e+01,3.612379000000000007e-01,5.690748333333332557e+05
4.615500000000000000e+03,8.910243000000001246e+01,3.608922999999999992e-01,5.715657333333332790e+05
4.625500000000000000e+03,8.912572000000000116e+01,3.609522000000000008e-01,5.740621999999999534e+05
4.635500000000000000e+03,8.911715999999999838e+01,3.606444000000000316e-01,5.765640999999999767e+05
4.645500000000000000e+03,8.913343000000000416e+01,3.603315999999999741e-01,5.790714666666666744e+05
4.655500000000000000e+03,8.911399000000000115e+01,3.600209999999999799e-01,5.815843666666666977e+05
4.665500000000000000e+03,8.910614999999999952e+01,3.598459000000000518e-01,5.841027333333333954e+05
4.675500000000000000e+03,8.910314000000001045e+01,3.595328999999999331e-01,5.866263999999999069e+05
4.685500000000000000e+03,8.911812999999999363e+01,3.594048000000000243e-01,5.891555666666666511e+05
4.695500000000000000e+03,8.911256000000000199e+01,3.591438999999999604e-01,5.916904333333333489e+05
4.705500000000000000e+03,8.910085999999999729e+01,3.590131999999999768e-01,5.942304333333333489e+05
4.715500000000000000e+03,8.911429000000001110e+01,3.588950999999999114e-01,5.967761333333334187e+05
4.725500000000000000e+03,8.912557999999999936e+01,3.587697999999999721e-01,5.993271999999999534e+05
4.735500000000000000e+03,8.911156000000001143e+01,3.583183000000000340e-01,6.018837666666666046e+05
4.745500000000000000e+03,8.908671000000001072e+01,3.581224000000000074e-01,6.044458666666666977e+05
4.755500000000000000e+03,8.907929000000000030e+01,3.579596999999999918e-01,6.070132666666666046e+05
4.765500000000000000e+03,8.907057000000000357e+01,3.577013000000000553e-01,6.095863666666666977e+05
4.775500000000000000e+03,8.909029000000001020e+01,3.577591999999999994e-01,6.121648000000000466e+05
4.785500000000000000e+03,8.911700000000000443e+01,3.575734000000000412e-01,6.147486999999999534e+05
4.795500000000000000e+03,8.909586000000000183e+01,3.572125999999999912e-01,6.173381333333334187e+05
4.805500000000000000e+03,8.911057000000000983e+01,3.571908999999999779e-01,6.199329666666665580e+05
4.815500000000000000e+03,8.911128999999999678e+01,3.568481999999999488e-01,6.225334000000000233e+05
4.825500000000000000e+03,8.908743000000001189e+01,3.566464999999999774e-01,6.251392666666666046e+05
4.835500000000000000e+03,8.911786000000000740e+01,3.565139000000000502e-01,6.277506666666666279e+05
4.845500000000000000e+03,8.912014000000002056e+01,3.562955999999999901e-01,6.303675333333333256e+05
4.855500000000000000e+03,8.911528999999998746e+01,3.560618999999999867e-01,6.329898999999999069e+05
4.865500000000000000e+03,8.913301000000001295e+01,3.559643000000000113e-01,6.356178666666666977e+05
4.875500000000000000e+03,8.915443000000000495e+01,3.558821999999999819e-01,6.382510999999998603e+05
4.885500000000000000e+03,8.914813999999999794e+01,3.554921000000000331e-01,6.408899000000000233e+05
4.895500000000000000e+03,8.915786000000001366e+01,3.552214999999999678e-01,6.435342000000000698e+05
4.905500000000000000e+03,8.915086000000000865e+01,3.551180000000000447e-01,6.461838666666668141e+05
4.915500000000000000e+03,8.916043999999999414e+01,3.546597000000000222e-01,6.488389666666665580e+05
4.925500000000000000e+03,8.915570999999999913e+01,3.546508000000000438e-01,6.514996333333333023e+05
4.935500000000000000e+03,8.916186000000000433e+01,3.544918999999999709e-01,6.541657999999999302e+05
4.945500000000000000e+03,8.915742000000000189e+01,3.542672999999999517e-01,6.568373666666666977e+05
4.955500000000000000e+03,8.916513000000000488e+01,3.540534000000000181e-01,6.595145333333334420e+05
4.965500000000000000e+03,8.917999000000000365e+01,3.539222000000000201e-01,6.621970999999999767e+05
4.975500000000000000e+03,8.916684999999998240e+01,3.539082999999999535e-01,6.648853000000000466e+05
4.985500000000000000e+03,8.917372000000001719e+01,3.537131000000000025e-01,6.675789666666666744e+05
4.995500000000000000e+03,8.918299000000001797e+01,3.535201000000000038e-01,6.702780000000000000e+05
