5.500000000000000000e+00,6.267643000000000342e+01,1.122171600000000353e+02,7.127863633333333393e-01
1.550000000000000000e+01,7.073157000000000494e+01,1.401160000000000139e+01,3.997627000000000042e+00
2.550000000000000000e+01,7.498571000000001163e+01,7.990427999999998754e+00,1.007090066666666672e+01
3.550000000000000000e+01,7.650157000000000096e+01,6.068319999999999936e+00,1.892280999999999835e+01
4.550000000000000000e+01,7.653658000000000072e+01,4.627168000000000170e+00,3.054368666666666599e+01
5.550000000000000000e+01,7.716814999999999714e+01,3.945452000000000403e+00,4.493331000000000586e+01
6.550000000000000000e+01,7.822643999999999664e+01,3.874435000000000517e+00,6.226921000000000106e+01
7.550000000000000000e+01,7.943112999999999602e+01,3.364559999999999995e+00,8.254375000000000284e+01
8.550000000000000000e+01,8.120514000000000010e+01,2.986437000000000008e+00,1.056601699999999937e+02
9.550000000000000000e+01,8.138298999999999239e+01,2.668744999999999923e+00,1.316118000000000166e+02
1.055000000000000000e+02,8.226287000000000660e+01,2.332564000000000082e+00,1.603471999999999866e+02
1.155000000000000000e+02,8.246044000000000551e+01,2.213955999999999591e+00,1.918581999999999539e+02
1.255000000000000000e+02,8.169356999999999402e+01,2.014251000000000236e+00,2.261585333333333097e+02
1.355000000000000000e+02,8.221186000000000149e+01,1.858389000000000291e+00,2.632871333333333155e+02
1.455000000000000000e+02,8.214315999999999462e+01,1.726438000000000361e+00,3.032579333333333125e+02
1.555000000000000000e+02,8.293985999999998171e+01,1.708235000000000170e+00,3.461667666666666605e+02
1.655000000000000000e+02,8.348886000000000251e+01,1.675069000000000141e+00,3.919757000000000176e+02
1.755000000000000000e+02,8.357514000000000465e+01,1.574076999999999948e+00,4.406861999999999853e+02
1.855000000000000000e+02,8.324513999999999214e+01,1.568435000000000024e+00,4.922521666666666533e+02
1.955000000000000000e+02,8.349099000000001070e+01,1.436344000000000065e+00,5.466464666666666972e+02
2.055000000000000000e+02,8.370899000000000001e+01,1.432370000000000143e+00,6.038692666666665900e+02
2.155000000000000000e+02,8.381343999999999994e+01,1.380642999999999843e+00,6.639267000000000962e+02
2.255000000000000000e+02,8.398499999999999943e+01,1.351354999999999862e+00,7.267607666666666546e+02
2.355000000000000000e+02,8.408042000000000371e+01,1.299962000000000062e+00,7.923599000000000387e+02
2.455000000000000000e+02,8.415470999999999435e+01,1.264741000000000337e+00,8.607498666666666622e+02
2.555000000000000000e+02,8.410186999999999102e+01,1.200426999999999911e+00,9.319728666666666186e+02
2.655000000000000000e+02,8.411771000000000242e+01,1.161888000000000032e+00,1.006034633333333431e+03
2.755000000000000000e+02,8.460427999999998860e+01,1.128193000000000001e+00,1.082940333333333456e+03
2.855000000000000000e+02,8.460786000000000229e+01,1.108560999999999908e+00,1.162688999999999851e+03
2.955000000000000000e+02,8.457971999999999468e+01,1.050389699999999982e+00,1.245288000000000011e+03
3.055000000000000000e+02,8.438313999999999737e+01,1.052771200000000018e+00,1.330814666666666653e+03
3.155000000000000000e+02,8.455727000000000260e+01,1.042001399999999967e+00,1.419203333333333376e+03
3.255000000000000000e+02,8.449643000000000370e+01,1.003995399999999982e+00,1.510436333333333323e+03
3.355000000000000000e+02,8.462857000000001051e+01,9.748011000000001980e-01,1.604527000000000044e+03
3.455000000000000000e+02,8.479569999999999652e+01,9.939658000000000104e-01,1.701518666666666832e+03
3.555000000000000000e+02,8.490999999999999659e+01,9.763416999999998680e-01,1.801412666666666610e+03
3.655000000000000000e+02,8.515712999999999511e+01,9.582489000000000701e-01,1.904170999999999822e+03
3.755000000000000000e+02,8.521414000000000044e+01,9.325560000000001626e-01,2.009778666666666595e+03
3.855000000000000000e+02,8.532629999999998915e+01,9.205884999999998097e-01,2.118237666666666883e+03
3.955000000000000000e+02,8.544228999999999985e+01,8.970521000000000189e-01,2.229553333333333285e+03
4.055000000000000000e+02,8.557687000000001376e+01,8.865809000000000051e-01,2.343723999999999705e+03
4.155000000000000000e+02,8.562600000000000477e+01,8.852073999999999776e-01,2.460743666666666741e+03
4.255000000000000000e+02,8.575129000000001156e+01,8.815097999999998990e-01,2.580626666666666097e+03
4.355000000000000000e+02,8.574699999999999989e+01,8.662259999999999405e-01,2.703364666666666835e+03
4.455000000000000000e+02,8.581528000000000134e+01,8.581903000000000725e-01,2.828958666666666886e+03
4.555000000000000000e+02,8.578412999999999045e+01,8.454252999999999352e-01,2.957400333333333492e+03
4.655000000000000000e+02,8.600914000000001636e+01,8.448507000000000655e-01,3.088639000000000124e+03
4.755000000000000000e+02,8.608370999999999640e+01,8.306869999999998422e-01,3.222667333333333318e+03
4.855000000000000000e+02,8.611914000000000158e+01,8.221022000000000052e-01,3.359503666666666504e+03
4.955000000000000000e+02,8.625827999999999918e+01,8.124485999999999652e-01,3.499180000000000291e+03
5.055000000000000000e+02,8.623157999999999390e+01,8.087888000000000854e-01,3.641698999999999614e+03
5.155000000000000000e+02,8.617027000000000214e+01,8.174706000000000472e-01,3.787083333333333030e+03
5.255000000000000000e+02,8.628785999999999490e+01,8.082548000000000510e-01,3.935322666666666919e+03
5.355000000000000000e+02,8.647742999999999824e+01,8.105978000000000350e-01,4.086450333333333219e+03
5.455000000000000000e+02,8.655129999999999768e+01,8.064710999999998853e-01,4.240516999999999825e+03
5.555000000000000000e+02,8.653513999999999839e+01,8.036499000000001391e-01,4.397453333333332921e+03
5.655000000000000000e+02,8.681113000000000568e+01,7.970033000000000811e-01,4.557246666666666897e+03
5.755000000000000000e+02,8.680056000000000438e+01,7.859861000000000208e-01,4.719923333333334085e+03
5.855000000000000000e+02,8.687086999999999648e+01,7.793839000000000183e-01,4.885462666666665427e+03
5.955000000000000000e+02,8.680816000000000088e+01,7.706472999999999240e-01,5.053869333333333088e+03
6.055000000000000000e+02,8.691357999999999606e+01,7.645237999999998646e-01,5.225157333333331735e+03
6.155000000000000000e+02,8.694600999999998692e+01,7.571917000000000231e-01,5.399307999999999083e+03
6.255000000000000000e+02,8.692985000000001605e+01,7.568761999999999990e-01,5.576318666666667013e+03
6.355000000000000000e+02,8.702742999999999540e+01,7.498915000000000441e-01,5.756218333333332339e+03
6.455000000000000000e+02,8.712229000000000667e+01,7.466402000000000871e-01,5.939006333333333714e+03
6.555000000000000000e+02,8.715785000000001048e+01,7.392613999999999574e-01,6.124702333333332717e+03
6.655000000000000000e+02,8.722242000000001383e+01,7.325142000000000042e-01,6.313279999999998836e+03
6.755000000000000000e+02,8.728699000000000296e+01,7.321411000000001001e-01,6.504719333333332543e+03
6.855000000000000000e+02,8.729571999999998866e+01,7.277907999999999600e-01,6.699014333333332615e+03
6.955000000000000000e+02,8.740913999999999362e+01,7.201261000000001022e-01,6.896189333333333707e+03
7.055000000000000000e+02,8.744528999999998575e+01,7.162218000000000195e-01,7.096225333333333765e+03
7.155000000000000000e+02,8.748483999999999128e+01,7.088439999999998076e-01,7.299119666666667399e+03
7.255000000000000000e+02,8.750271000000000754e+01,6.998023999999999356e-01,7.504893000000000939e+03
7.355000000000000000e+02,8.757057000000000357e+01,6.907381999999999689e-01,7.713526999999999134e+03
7.455000000000000000e+02,8.758285000000000764e+01,6.931914000000000131e-01,7.925019999999998618e+03
7.555000000000000000e+02,8.753256999999999266e+01,7.022213999999999956e-01,8.139394666666665216e+03
7.655000000000000000e+02,8.755099999999998772e+01,6.907668999999999615e-01,8.356640999999999622e+03
7.755000000000000000e+02,8.759542999999999324e+01,6.880276000000000725e-01,8.576753000000000611e+03
7.855000000000000000e+02,8.754185999999999979e+01,6.858798000000000394e-01,8.799759333333331597e+03
7.955000000000000000e+02,8.748058000000000334e+01,6.981387000000000009e-01,9.025630666666667821e+03
8.055000000000000000e+02,8.752513999999999328e+01,6.925265000000000448e-01,9.254367999999998574e+03
8.155000000000000000e+02,8.755928000000000111e+01,6.979863999999998958e-01,9.485992000000002008e+03
8.255000000000000000e+02,8.764743000000001416e+01,6.644681000000000060e-01,9.720490333333333183e+03
8.355000000000000000e+02,8.768026999999999305e+01,6.608123999999999665e-01,9.957863999999999578e+03
8.455000000000000000e+02,8.754127000000001146e+01,6.962722000000000078e-01,1.019813333333333503e+04
8.555000000000000000e+02,8.752728999999999360e+01,6.904377000000000431e-01,1.044127999999999884e+04
8.655000000000000000e+02,8.762514000000000181e+01,6.944905000000000106e-01,1.068728000000000247e+04
8.755000000000000000e+02,8.767615000000000691e+01,6.893597999999999670e-01,1.093615333333333183e+04
8.855000000000000000e+02,8.767713000000000534e+01,6.946448000000000622e-01,1.118790333333333183e+04
8.955000000000000000e+02,8.771614999999999895e+01,6.753552000000000444e-01,1.144249666666666599e+04
9.055000000000000000e+02,8.774841999999999587e+01,6.567716000000000109e-01,1.169998999999999978e+04
9.155000000000000000e+02,8.777230000000000132e+01,6.645890999999999327e-01,1.196033333333333212e+04
9.255000000000000000e+02,8.780640000000001066e+01,6.603763999999999745e-01,1.222354333333333307e+04
9.355000000000000000e+02,8.783615000000000350e+01,6.690593000000000234e-01,1.248960666666666657e+04
9.455000000000000000e+02,8.782415000000000305e+01,6.714902000000000371e-01,1.275848666666666759e+04
9.555000000000000000e+02,8.784342999999999790e+01,6.766694999999999238e-01,1.303015999999999985e+04
9.655000000000000000e+02,8.787284999999999968e+01,6.817669000000000645e-01,1.330468999999999869e+04
9.755000000000000000e+02,8.787656000000001200e+01,6.875223999999999780e-01,1.358209000000000196e+04
9.855000000000000000e+02,8.787699000000000638e+01,6.865293999999999563e-01,1.386236333333333278e+04
9.955000000000000000e+02,8.789558999999999855e+01,6.640957000000000665e-01,1.414550666666666439e+04
1.005500000000000000e+03,8.794399999999998840e+01,6.589728999999999726e-01,1.443152666666666664e+04
1.015500000000000000e+03,8.793757999999999697e+01,6.693683999999999745e-01,1.472042000000000189e+04
1.025500000000000000e+03,8.794986000000000104e+01,6.466061000000000725e-01,1.501220666666666875e+04
1.035500000000000000e+03,8.796486000000000161e+01,6.429513000000000034e-01,1.530685666666666839e+04
1.045500000000000000e+03,8.796757999999999811e+01,6.428207999999998590e-01,1.560439999999999964e+04
1.055500000000000000e+03,8.798600000000000421e+01,6.363782000000000050e-01,1.590486666666666497e+04
1.065500000000000000e+03,8.801143999999999323e+01,6.252143000000000006e-01,1.620818666666666650e+04
1.075500000000000000e+03,8.802013999999999783e+01,6.300019000000000036e-01,1.651439666666666380e+04
1.085500000000000000e+03,8.801514000000000237e+01,6.277147000000000698e-01,1.682346999999999753e+04
1.095500000000000000e+03,8.802885000000000559e+01,6.242119999999999891e-01,1.713548999999999796e+04
1.105500000000000000e+03,8.806498999999999455e+01,6.169972999999999708e-01,1.745042333333333227e+04
1.115500000000000000e+03,8.804542999999999608e+01,6.109480000000000466e-01,1.776825333333333401e+04
1.125500000000000000e+03,8.807412999999999670e+01,6.089274000000000076e-01,1.808894999999999709e+04
1.135500000000000000e+03,8.809672000000000480e+01,6.132093999999999046e-01,1.841254000000000087e+04
1.145500000000000000e+03,8.808516000000000190e+01,6.127378999999999465e-01,1.873903666666666686e+04
1.155500000000000000e+03,8.811785000000000423e+01,6.080628999999999618e-01,1.906842666666666628e+04
1.165500000000000000e+03,8.815085000000001969e+01,6.123199000000000281e-01,1.940068666666666468e+04
1.175500000000000000e+03,8.816557000000000244e+01,6.118026000000000852e-01,1.973586333333333459e+04
1.185500000000000000e+03,8.817172000000000764e+01,6.054302000000000294e-01,2.007391666666666424e+04
1.195500000000000000e+03,8.815999000000000763e+01,5.967579999999998996e-01,2.041485666666666657e+04
1.205500000000000000e+03,8.818942999999998733e+01,6.049965999999999955e-01,2.075871999999999753e+04
1.215500000000000000e+03,8.820372000000000412e+01,6.044390999999998959e-01,2.110545000000000073e+04
1.225500000000000000e+03,8.819843000000000188e+01,6.047567000000000359e-01,2.145510999999999694e+04
1.235500000000000000e+03,8.822229000000000099e+01,6.023415999999999215e-01,2.180767666666666628e+04
1.245500000000000000e+03,8.828470999999998980e+01,6.100646000000000679e-01,2.216313666666666541e+04
1.255500000000000000e+03,8.827597999999998990e+01,6.190908999999999995e-01,2.252150666666666439e+04
1.265500000000000000e+03,8.828728999999999871e+01,6.111509999999998888e-01,2.288277999999999520e+04
1.275500000000000000e+03,8.829042000000001167e+01,6.172495000000000065e-01,2.324698666666666759e+04
1.285500000000000000e+03,8.833527999999999736e+01,6.117367000000000221e-01,2.361410333333333256e+04
1.295500000000000000e+03,8.835927999999999827e+01,6.002677000000000707e-01,2.398412666666667064e+04
1.305500000000000000e+03,8.841299000000000774e+01,6.090619999999999923e-01,2.435705333333333328e+04
1.315500000000000000e+03,8.848985000000000412e+01,5.928616999999999360e-01,2.473286000000000058e+04
1.325500000000000000e+03,8.846343000000000245e+01,5.936436999999999964e-01,2.511159333333333052e+04
1.335500000000000000e+03,8.848456000000001609e+01,5.910800999999999972e-01,2.549321333333333314e+04
1.345500000000000000e+03,8.848028999999999655e+01,5.925366000000000799e-01,2.587773666666666759e+04
1.355500000000000000e+03,8.848300000000000409e+01,5.844171000000000227e-01,2.626517000000000189e+04
1.365500000000000000e+03,8.852455999999999392e+01,5.875926000000000204e-01,2.665550000000000000e+04
1.375500000000000000e+03,8.850343000000000870e+01,5.836034999999999417e-01,2.704874666666666599e+04
1.385500000000000000e+03,8.848683999999998662e+01,5.801827999999999985e-01,2.744490333333333183e+04
1.395500000000000000e+03,8.848516000000000759e+01,5.805491000000000401e-01,2.784398000000000320e+04
1.405500000000000000e+03,8.854514000000000351e+01,5.957815999999999113e-01,2.824595666666666511e+04
1.415500000000000000e+03,8.851556000000000779e+01,5.868555999999999218e-01,2.865084999999999854e+04
1.425500000000000000e+03,8.854201000000000477e+01,5.887912999999999064e-01,2.905865999999999622e+04
1.435500000000000000e+03,8.849657000000000551e+01,5.787862000000000284e-01,2.946934000000000378e+04
1.445500000000000000e+03,8.850600000000000023e+01,5.735424999999999551e-01,2.988294000000000233e+04
1.455500000000000000e+03,8.854328000000000998e+01,5.801724000000001435e-01,3.029945333333333110e+04
1.465500000000000000e+03,8.859199000000000979e+01,5.806691000000000491e-01,3.071886666666666861e+04
1.475500000000000000e+03,8.864086000000000354e+01,5.888512000000000191e-01,3.114118666666666468e+04
1.485500000000000000e+03,8.869042999999999211e+01,5.937202000000000313e-01,3.156640666666666584e+04
1.495500000000000000e+03,8.869644000000000972e+01,5.971162999999999332e-01,3.199454333333333489e+04
1.505500000000000000e+03,8.871256999999999948e+01,5.915645999999999960e-01,3.242559000000000378e+04
1.515500000000000000e+03,8.874516000000001270e+01,5.945039000000000851e-01,3.285956999999999971e+04
1.525500000000000000e+03,8.872699000000000069e+01,5.925865000000000160e-01,3.329643000000000029e+04
1.535500000000000000e+03,8.873429999999999040e+01,5.926202999999998777e-01,3.373621000000000640e+04
1.545500000000000000e+03,8.875714000000000681e+01,5.912992999999999721e-01,3.417890666666666948e+04
1.555500000000000000e+03,8.873015000000000896e+01,5.922209999999999974e-01,3.462450000000000000e+04
1.565500000000000000e+03,8.874844000000000221e+01,5.900700999999999308e-01,3.507302333333333081e+04
1.575500000000000000e+03,8.874828999999999724e+01,5.879467000000000443e-01,3.552447333333333518e+04
1.585500000000000000e+03,8.876299999999999102e+01,5.897514999999999841e-01,3.597883333333333576e+04
1.595500000000000000e+03,8.877385999999999910e+01,5.930282000000000053e-01,3.643611000000000058e+04
1.605500000000000000e+03,8.877513000000000432e+01,5.915491999999999972e-01,3.689630333333333692e+04
1.615500000000000000e+03,8.879398999999999376e+01,5.955972000000000488e-01,3.735938999999999942e+04
1.625500000000000000e+03,8.881000000000000227e+01,5.923534999999999773e-01,3.782540333333333547e+04
1.635500000000000000e+03,8.880271999999999366e+01,5.883971000000001172e-01,3.829431000000000495e+04
1.645500000000000000e+03,8.881313999999998998e+01,5.824527999999999928e-01,3.876614666666666017e+04
1.655500000000000000e+03,8.882940999999999576e+01,5.838351000000000512e-01,3.924094000000000960e+04
1.665500000000000000e+03,8.884641999999999484e+01,5.881732000000000626e-01,3.971866000000000349e+04
1.675500000000000000e+03,8.884985000000000355e+01,5.817526000000000641e-01,4.019927333333333809e+04
1.685500000000000000e+03,8.884600000000000364e+01,5.881686999999999887e-01,4.068280000000000291e+04
1.695500000000000000e+03,8.885258000000001744e+01,5.892082999999999071e-01,4.116925000000000000e+04
1.705500000000000000e+03,8.885027999999999793e+01,5.869497000000000186e-01,4.165858666666666977e+04
1.715500000000000000e+03,8.887271000000001209e+01,5.880754999999998622e-01,4.215086333333333459e+04
1.725500000000000000e+03,8.885086000000001150e+01,5.856029000000000373e-01,4.264605333333332965e+04
1.735500000000000000e+03,8.882968999999999937e+01,5.814662000000000441e-01,4.314421333333333314e+04
1.745500000000000000e+03,8.883457999999998833e+01,5.822540999999999967e-01,4.364528999999999360e+04
1.755500000000000000e+03,8.884214000000000055e+01,5.741754000000000024e-01,4.414929333333332761e+04
1.765500000000000000e+03,8.884342999999999790e+01,5.745877000000000345e-01,4.465620333333333110e+04
1.775500000000000000e+03,8.885070999999999231e+01,5.730013999999999941e-01,4.516602666666666482e+04
1.785500000000000000e+03,8.885827999999999349e+01,5.743446000000000939e-01,4.567874999999999272e+04
1.795500000000000000e+03,8.885800000000000409e+01,5.763210999999999196e-01,4.619437000000000262e+04
1.805500000000000000e+03,8.886285000000000878e+01,5.732602999999999449e-01,4.671290666666666220e+04
1.815500000000000000e+03,8.888542000000002474e+01,5.714650999999999481e-01,4.723435666666666657e+04
1.825500000000000000e+03,8.888957999999999515e+01,5.795379999999999976e-01,4.775872333333332790e+04
1.835500000000000000e+03,8.888771999999998741e+01,5.733192000000000288e-01,4.828601666666666279e+04
1.845500000000000000e+03,8.889356000000000790e+01,5.839267999999999681e-01,4.881620333333333110e+04
1.855500000000000000e+03,8.888813999999999282e+01,5.768810999999999245e-01,4.934929666666666162e+04
1.865500000000000000e+03,8.889842000000001576e+01,5.779780000000001028e-01,4.988529333333333489e+04
1.875500000000000000e+03,8.889400999999999442e+01,5.771194000000000601e-01,5.042419333333333634e+04
1.885500000000000000e+03,8.891401000000000465e+01,5.792612000000000316e-01,5.096599666666665871e+04
1.895500000000000000e+03,8.893300000000000693e+01,5.801123999999999725e-01,5.151067666666665900e+04
1.905500000000000000e+03,8.893398999999998011e+01,5.793133000000001420e-01,5.205823666666667123e+04
1.915500000000000000e+03,8.892913000000001489e+01,5.780912999999999746e-01,5.260867666666667355e+04
1.925500000000000000e+03,8.892042000000000712e+01,5.813235999999999404e-01,5.316199333333333198e+04
1.935500000000000000e+03,8.891871999999999332e+01,5.773289000000000337e-01,5.371819666666667035e+04
1.945500000000000000e+03,8.891786000000001877e+01,5.795287000000000077e-01,5.427730333333332237e+04
1.955500000000000000e+03,8.892100999999999544e+01,5.808731999999999784e-01,5.483933333333332848e+04
1.965500000000000000e+03,8.891629000000000360e+01,5.811229999999999452e-01,5.540427999999999156e+04
1.975500000000000000e+03,8.892528999999998973e+01,5.855373999999999857e-01,5.597212999999999010e+04
1.985500000000000000e+03,8.892615000000000691e+01,5.873559999999999892e-01,5.654288666666667268e+04
1.995500000000000000e+03,8.893372999999999706e+01,5.833350999999999953e-01,5.711657000000000698e+04
2.005500000000000000e+03,8.894557000000000357e+01,5.847000999999999449e-01,5.769315000000000146e+04
2.015500000000000000e+03,8.895213999999998578e+01,5.850177999999999212e-01,5.827264666666665289e+04
2.025500000000000000e+03,8.895985000000000298e+01,5.839182999999998902e-01,5.885504666666666890e+04
2.035500000000000000e+03,8.895313999999999055e+01,5.827155000000000529e-01,5.944035666666666657e+04
2.045500000000000000e+03,8.894687999999999306e+01,5.818053000000000807e-01,6.002859999999999854e+04
2.055500000000000000e+03,8.895185999999999638e+01,5.808508999999999478e-01,6.061975333333333401e+04
2.065500000000000000e+03,8.894541999999999859e+01,5.803371000000000501e-01,6.121384333333333780e+04
2.075500000000000000e+03,8.893827999999999179e+01,5.803600000000000980e-01,6.181087666666667064e+04
2.085500000000000000e+03,8.894172999999999263e+01,5.794254000000000904e-01,6.241080000000000291e+04
2.095500000000000000e+03,8.893856999999999857e+01,5.800381000000000009e-01,6.301364333333333343e+04
2.105500000000000000e+03,8.894370000000000687e+01,5.786151000000000488e-01,6.361939666666666744e+04
2.115500000000000000e+03,8.895001000000000602e+01,5.782113000000000946e-01,6.422806333333333168e+04
2.125500000000000000e+03,8.894501999999999953e+01,5.773523000000000405e-01,6.483965333333333547e+04
2.135500000000000000e+03,8.894656999999999414e+01,5.764976000000000544e-01,6.545415000000000146e+04
2.145500000000000000e+03,8.894941000000000031e+01,5.755022000000000748e-01,6.607157000000002154e+04
2.155500000000000000e+03,8.894700999999999169e+01,5.757690999999999226e-01,6.669188999999999942e+04
2.165500000000000000e+03,8.894701000000000590e+01,5.745193000000000660e-01,6.731512333333333663e+04
2.175500000000000000e+03,8.894371999999999900e+01,5.720173000000000618e-01,6.794127000000000407e+04
2.185500000000000000e+03,8.894870999999999128e+01,5.683505999999999281e-01,6.857032333333333372e+04
2.195500000000000000e+03,8.895927999999999258e+01,5.688951999999999343e-01,6.920233333333334303e+04
2.205500000000000000e+03,8.896213999999999089e+01,5.703816999999999915e-01,6.983722666666665464e+04
2.215500000000000000e+03,8.896385000000000787e+01,5.683493000000000572e-01,7.047506333333332441e+04
2.225500000000000000e+03,8.896484999999999843e+01,5.645599999999999508e-01,7.111583666666665522e+04
2.235500000000000000e+03,8.896628000000001180e+01,5.638969000000000342e-01,7.175952333333334536e+04
2.245500000000000000e+03,8.896527000000000385e+01,5.614977999999999358e-01,7.240611666666666861e+04
2.255500000000000000e+03,8.896385999999998262e+01,5.631190000000001472e-01,7.305563666666665813e+04
2.265500000000000000e+03,8.897013999999998646e+01,5.586911000000001071e-01,7.370806666666668025e+04
2.275500000000000000e+03,8.896873000000000786e+01,5.598484999999999712e-01,7.436341000000000349e+04
2.285500000000000000e+03,8.896970999999999208e+01,5.559528000000000247e-01,7.502169333333332906e+04
2.295500000000000000e+03,8.897887000000000057e+01,5.541291000000000411e-01,7.568289333333334071e+04
2.305500000000000000e+03,8.897970999999999719e+01,5.572251000000001397e-01,7.634700666666666802e+04
2.315500000000000000e+03,8.898186000000001172e+01,5.531259000000000592e-01,7.701405333333332965e+04
2.325500000000000000e+03,8.898570999999999742e+01,5.506011999999999018e-01,7.768402999999999884e+04
2.335500000000000000e+03,8.899558000000000391e+01,5.477218999999999838e-01,7.835692999999999302e+04
2.345500000000000000e+03,8.901255999999999347e+01,5.464574000000000931e-01,7.903276000000000931e+04
2.355500000000000000e+03,8.900127999999999417e+01,5.539328000000000030e-01,7.971151999999998952e+04
2.365500000000000000e+03,8.901327000000000567e+01,5.527241999999998878e-01,8.039319999999999709e+04
2.375500000000000000e+03,8.900685000000001423e+01,5.541164999999999008e-01,8.107785333333334711e+04
2.385500000000000000e+03,8.901428999999998837e+01,5.515572000000000807e-01,8.176542999999999302e+04
2.395500000000000000e+03,8.901642999999999972e+01,5.508653999999999495e-01,8.245591000000000349e+04
2.405500000000000000e+03,8.902158000000000015e+01,5.492174000000000778e-01,8.314932999999998719e+04
2.415500000000000000e+03,8.900957999999999970e+01,5.508290999999999604e-01,8.384567333333333954e+04
2.425500000000000000e+03,8.902656000000000347e+01,5.491373999999999977e-01,8.454494999999998254e+04
2.435500000000000000e+03,8.902342000000000155e+01,5.486066000000000553e-01,8.524717333333333954e+04
2.445500000000000000e+03,8.902243999999998891e+01,5.480186999999999697e-01,8.595230999999999767e+04
2.455500000000000000e+03,8.902500999999999465e+01,5.473995000000000388e-01,8.666037000000000990e+04
2.465500000000000000e+03,8.902500000000000568e+01,5.457788000000001194e-01,8.737136333333332732e+04
2.475500000000000000e+03,8.903672000000000253e+01,5.440779000000000032e-01,8.808525000000000000e+04
2.485500000000000000e+03,8.903628999999999394e+01,5.424029000000000211e-01,8.880206333333332441e+04
2.495500000000000000e+03,8.903714999999998270e+01,5.463877000000000317e-01,8.952180666666667094e+04
2.505500000000000000e+03,8.903585999999998535e+01,5.492335999999998775e-01,9.024447000000000116e+04
2.515500000000000000e+03,8.902315000000000111e+01,5.488136000000000125e-01,9.097005333333332965e+04
2.525500000000000000e+03,8.903643000000000995e+01,5.495343000000000311e-01,9.169856666666668025e+04
2.535500000000000000e+03,8.903199999999999648e+01,5.490730000000000333e-01,9.242998666666666395e+04
2.545500000000000000e+03,8.904157000000000721e+01,5.480142000000001179e-01,9.316433666666665522e+04
2.555500000000000000e+03,8.902984000000000719e+01,5.478231000000000073e-01,9.390162000000002445e+04
2.565500000000000000e+03,8.904956999999998857e+01,5.472596000000000682e-01,9.464180000000000291e+04
2.575500000000000000e+03,8.902856999999998777e+01,5.470108000000000192e-01,9.538491666666665697e+04
2.585500000000000000e+03,8.903828000000000031e+01,5.461856999999998852e-01,9.613097333333332790e+04
2.595500000000000000e+03,8.903454999999999586e+01,5.459939999999999793e-01,9.687994000000000233e+04
2.605500000000000000e+03,8.904071999999999321e+01,5.457601999999999176e-01,9.763182333333333372e+04
2.615500000000000000e+03,8.904472000000001231e+01,5.450688000000000200e-01,9.838664333333334071e+04
2.625500000000000000e+03,8.904699999999999704e+01,5.444454000000000793e-01,9.914437333333333663e+04
2.635500000000000000e+03,8.904542000000000712e+01,5.438724999999999810e-01,9.990502999999999884e+04
2.645500000000000000e+03,8.905029000000000394e+01,5.433190999999999438e-01,1.006686833333333198e+05
2.655500000000000000e+03,8.903528000000000020e+01,5.431392999999999915e-01,1.014351333333333314e+05
2.665500000000000000e+03,8.903785999999999490e+01,5.429519000000000428e-01,1.022045000000000000e+05
2.675500000000000000e+03,8.903571999999999775e+01,5.422904999999998976e-01,1.029771333333333314e+05
2.685500000000000000e+03,8.903999999999999204e+01,5.418923999999999408e-01,1.037521999999999971e+05
2.695500000000000000e+03,8.904800000000000182e+01,5.412440999999998947e-01,1.045303666666666686e+05
2.705500000000000000e+03,8.904928000000001020e+01,5.407341999999999427e-01,1.053115333333333547e+05
2.715500000000000000e+03,8.903658000000000072e+01,5.404472999999999638e-01,1.060954666666666453e+05
2.725500000000000000e+03,8.905100999999999090e+01,5.399692000000000380e-01,1.068824666666666744e+05
2.735500000000000000e+03,8.905213999999999430e+01,5.392762999999999307e-01,1.076723333333333285e+05
2.745500000000000000e+03,8.904900000000000659e+01,5.388834000000000124e-01,1.084651000000000058e+05
2.755500000000000000e+03,8.905699000000001320e+01,5.383913999999999644e-01,1.092608000000000029e+05
2.765500000000000000e+03,8.904372000000000753e+01,5.382390999999999703e-01,1.100594333333333198e+05
2.775500000000000000e+03,8.904542000000000712e+01,5.387568000000000357e-01,1.108610666666666802e+05
2.785500000000000000e+03,8.904957000000000278e+01,5.380540000000000322e-01,1.116654333333333489e+05
2.795500000000000000e+03,8.905613999999999919e+01,5.396370000000000333e-01,1.124728333333333285e+05
2.805500000000000000e+03,8.905699999999998795e+01,5.371121000000000922e-01,1.132831999999999971e+05
2.815500000000000000e+03,8.905929000000000428e+01,5.367537000000000003e-01,1.140963000000000029e+05
2.825500000000000000e+03,8.905271999999999366e+01,5.384915999999999592e-01,1.149126000000000058e+05
2.835500000000000000e+03,8.905415000000000703e+01,5.368789999999999951e-01,1.157317333333333227e+05
2.845500000000000000e+03,8.906527999999998713e+01,5.363479000000000996e-01,1.165537666666666773e+05
2.855500000000000000e+03,8.905058000000001073e+01,5.408218999999999665e-01,1.173788333333333285e+05
2.865500000000000000e+03,8.904900000000000659e+01,5.413932999999999662e-01,1.182066999999999971e+05
2.875500000000000000e+03,8.904028000000000986e+01,5.432248000000000632e-01,1.190376000000000058e+05
2.885500000000000000e+03,8.904058000000000561e+01,5.430314000000000529e-01,1.198713000000000029e+05
2.895500000000000000e+03,8.904283999999999821e+01,5.428743999999999792e-01,1.207080000000000000e+05
2.905500000000000000e+03,8.903727999999999554e+01,5.426126000000000005e-01,1.215475999999999767e+05
2.915500000000000000e+03,8.904670999999999026e+01,5.419745999999999730e-01,1.223903666666666686e+05
2.925500000000000000e+03,8.904571000000001391e+01,5.416803999999999508e-01,1.232356666666666570e+05
2.935500000000000000e+03,8.904684999999999206e+01,5.414972000000000119e-01,1.240840000000000291e+05
2.945500000000000000e+03,8.904015000000001123e+01,5.412348999999999632e-01,1.249354333333333198e+05
2.955500000000000000e+03,8.903969000000000733e+01,5.408882000000000412e-01,1.257896000000000204e+05
2.965500000000000000e+03,8.903672000000001674e+01,5.404161000000000659e-01,1.266468666666666541e+05
2.975500000000000000e+03,8.903685000000000116e+01,5.399913999999998993e-01,1.275068999999999942e+05
2.985500000000000000e+03,8.903470999999998980e+01,5.401195000000000856e-01,1.283701333333333314e+05
2.995500000000000000e+03,8.903457000000000221e+01,5.392882999999999427e-01,1.292360333333333547e+05
3.005500000000000000e+03,8.903285999999999945e+01,5.390868999999999245e-01,1.301050000000000000e+05
3.015500000000000000e+03,8.903112000000001558e+01,5.386805999999999539e-01,1.309768000000000029e+05
3.025500000000000000e+03,8.902898999999999319e+01,5.385273000000000421e-01,1.318514666666666744e+05
3.035500000000000000e+03,8.902827000000000623e+01,5.377627000000000379e-01,1.327291999999999825e+05
3.045500000000000000e+03,8.903028000000000475e+01,5.381492999999999416e-01,1.336097333333333372e+05
3.055500000000000000e+03,8.902687000000000239e+01,5.371498999999999580e-01,1.344933999999999942e+05
3.065500000000000000e+03,8.902842000000001121e+01,5.364915000000000100e-01,1.353797999999999884e+05
3.075500000000000000e+03,8.902357000000000653e+01,5.363580000000000014e-01,1.362691666666666570e+05
3.085500000000000000e+03,8.902529000000001247e+01,5.358511999999999720e-01,1.371613999999999651e+05
3.095500000000000000e+03,8.902356999999999232e+01,5.344417000000000195e-01,1.380567999999999884e+05
3.105500000000000000e+03,8.902315000000000111e+01,5.340906999999999183e-01,1.389549666666666453e+05
3.115500000000000000e+03,8.902429000000000769e+01,5.336054999999999549e-01,1.398560333333333256e+05
3.125500000000000000e+03,8.902286000000000854e+01,5.346721000000000945e-01,1.407600000000000291e+05
3.135500000000000000e+03,8.902414000000000271e+01,5.320566999999999380e-01,1.416670333333333547e+05
3.145500000000000000e+03,8.902814000000000760e+01,5.329870000000000996e-01,1.425769666666666453e+05
3.155500000000000000e+03,8.902587000000001183e+01,5.333989000000000091e-01,1.434898666666666686e+05
3.165500000000000000e+03,8.902815000000001078e+01,5.320573000000000663e-01,1.444055333333333547e+05
3.175500000000000000e+03,8.902970999999999435e+01,5.330831000000000319e-01,1.453243000000000175e+05
3.185500000000000000e+03,8.903700000000000614e+01,5.323773000000000533e-01,1.462458666666666395e+05
3.195500000000000000e+03,8.903399000000000285e+01,5.320861000000000063e-01,1.471703999999999942e+05
3.205500000000000000e+03,8.902743000000000961e+01,5.320528999999999398e-01,1.480978999999999942e+05
3.215500000000000000e+03,8.902585999999999444e+01,5.310913999999999913e-01,1.490282999999999884e+05
3.225500000000000000e+03,8.902656000000000347e+01,5.305658999999999237e-01,1.499617333333333372e+05
3.235500000000000000e+03,8.902487000000000705e+01,5.282618000000000036e-01,1.508978666666666395e+05
3.245500000000000000e+03,8.901971000000000345e+01,5.241472000000000353e-01,1.518372333333333372e+05
3.255500000000000000e+03,8.901970000000000027e+01,5.244111000000000189e-01,1.527791333333333314e+05
3.265500000000000000e+03,8.901712999999999454e+01,5.214537999999999673e-01,1.537242999999999884e+05
3.275500000000000000e+03,8.901599999999999113e+01,5.187364000000000974e-01,1.546722333333333372e+05
3.285500000000000000e+03,8.901943000000002826e+01,5.280272999999999772e-01,1.556232000000000116e+05
3.295500000000000000e+03,8.902398999999999774e+01,5.263668000000000236e-01,1.565770333333332965e+05
3.305500000000000000e+03,8.901628000000000895e+01,5.264572000000000696e-01,1.575338333333333139e+05
3.315500000000000000e+03,8.902185000000000059e+01,5.253934999999999578e-01,1.584935000000000000e+05
3.325500000000000000e+03,8.902270999999998935e+01,5.260080999999999785e-01,1.594562333333333372e+05
3.335500000000000000e+03,8.901914000000000726e+01,5.269437999999999622e-01,1.604217333333333372e+05
3.345500000000000000e+03,8.902671000000000845e+01,5.256931999999999716e-01,1.613902666666666628e+05
3.355500000000000000e+03,8.902627999999999986e+01,5.265655000000000197e-01,1.623617666666666628e+05
3.365500000000000000e+03,8.902299999999999613e+01,5.254433000000000575e-01,1.633361333333333605e+05
3.375500000000000000e+03,8.902156999999999698e+01,5.250924000000000147e-01,1.643134999999999709e+05
3.385500000000000000e+03,8.903172000000000708e+01,5.236173999999998996e-01,1.652937333333333372e+05
3.395500000000000000e+03,8.903029000000000792e+01,5.238422000000000356e-01,1.662769333333333198e+05
3.405500000000000000e+03,8.902671000000000845e+01,5.217753999999998893e-01,1.672632000000000116e+05
3.415500000000000000e+03,8.902786000000000399e+01,5.208842999999999668e-01,1.682522999999999884e+05
3.425500000000000000e+03,8.903285999999998523e+01,5.204544999999999311e-01,1.692443999999999942e+05
3.435500000000000000e+03,8.903513000000000943e+01,5.209890999999999828e-01,1.702393333333333430e+05
3.445500000000000000e+03,8.903657000000001176e+01,5.193385999999999836e-01,1.712373999999999942e+05
3.455500000000000000e+03,8.903228000000000009e+01,5.206773000000000096e-01,1.722382666666666628e+05
3.465500000000000000e+03,8.903343000000000984e+01,5.192309999999998871e-01,1.732421333333333605e+05
3.475500000000000000e+03,8.903641000000000361e+01,5.190821999999999381e-01,1.742490000000000000e+05
3.485500000000000000e+03,8.904058000000000561e+01,5.158636999999999251e-01,1.752587333333333372e+05
3.495500000000000000e+03,8.903243000000000507e+01,5.163041000000000436e-01,1.762714666666666453e+05
3.505500000000000000e+03,8.903500999999999976e+01,5.169017999999999669e-01,1.772870666666666511e+05
3.515500000000000000e+03,8.903227999999998588e+01,5.149894999999999889e-01,1.783056666666666861e+05
3.525500000000000000e+03,8.903400000000000603e+01,5.147374000000000116e-01,1.793271333333333314e+05
3.535500000000000000e+03,8.904098999999999364e+01,5.138814000000000437e-01,1.803516333333333314e+05
3.545500000000000000e+03,8.904056999999998823e+01,5.136874000000000162e-01,1.813791333333333023e+05
3.555500000000000000e+03,8.903870999999999469e+01,5.132603000000000026e-01,1.824093999999999942e+05
3.565500000000000000e+03,8.903828999999998928e+01,5.130141000000001394e-01,1.834427666666666628e+05
3.575500000000000000e+03,8.904428000000000054e+01,5.124549000000000465e-01,1.844789666666666453e+05
3.585500000000000000e+03,8.904300000000000637e+01,5.122984000000000426e-01,1.855182666666666919e+05
3.595500000000000000e+03,8.904456000000000415e+01,5.120086000000000359e-01,1.865602999999999884e+05
3.605500000000000000e+03,8.904299000000000319e+01,5.119614999999998473e-01,1.876053666666666977e+05
3.615500000000000000e+03,8.904501000000000488e+01,5.115642999999999718e-01,1.886533666666666686e+05
3.625500000000000000e+03,8.904843000000001041e+01,5.110721999999999765e-01,1.897042999999999884e+05
3.635500000000000000e+03,8.905042000000000257e+01,5.106509999999999661e-01,1.907581333333333023e+05
3.645500000000000000e+03,8.904327999999999577e+01,5.104401000000000632e-01,1.918150333333333256e+05
3.655500000000000000e+03,8.904886000000001900e+01,5.103682999999999970e-01,1.928747000000000116e+05
3.665500000000000000e+03,8.904829000000000860e+01,5.101175999999999489e-01,1.939373666666666686e+05
3.675500000000000000e+03,8.904701000000001443e+01,5.098710000000000742e-01,1.950029666666666453e+05
3.685500000000000000e+03,8.905057999999999652e+01,5.097055000000000335e-01,1.960715333333333547e+05
3.695500000000000000e+03,8.906302000000000874e+01,5.092962000000000877e-01,1.971430333333333256e+05
3.705500000000000000e+03,8.903771999999999309e+01,5.093241000000000573e-01,1.982173999999999942e+05
3.715500000000000000e+03,8.904242999999999597e+01,5.089618999999999671e-01,1.992947666666666628e+05
3.725500000000000000e+03,8.903812999999999533e+01,5.088787999999999645e-01,2.003750666666666802e+05
3.735500000000000000e+03,8.903970999999999947e+01,5.086403000000000452e-01,2.014583333333333139e+05
3.745500000000000000e+03,8.903387000000000739e+01,5.084469000000000349e-01,2.025443666666666395e+05
3.755500000000000000e+03,8.906656000000000972e+01,5.081014000000000363e-01,2.036334333333332906e+05
3.765500000000000000e+03,8.905986000000000047e+01,5.076796999999999560e-01,2.047254333333333489e+05
3.775500000000000000e+03,8.905640999999999963e+01,5.077343000000000828e-01,2.058203666666666686e+05
3.785500000000000000e+03,8.908027999999998769e+01,5.072733000000000381e-01,2.069181666666666861e+05
3.795500000000000000e+03,8.902255999999999858e+01,5.073977000000000626e-01,2.080190000000000291e+05
3.805500000000000000e+03,8.909656999999999982e+01,5.069312000000000262e-01,2.091227000000000116e+05
3.815500000000000000e+03,8.904872000000000298e+01,5.068970999999999894e-01,2.102292666666666919e+05
3.825500000000000000e+03,8.908314999999998918e+01,5.059896999999999867e-01,2.113387333333333372e+05
3.835500000000000000e+03,8.910385999999999740e+01,5.057891999999999388e-01,2.124512000000000116e+05
3.845500000000000000e+03,8.913629000000000246e+01,5.046667000000000236e-01,2.135663333333333430e+05
3.855500000000000000e+03,8.916085999999999956e+01,5.029791999999999597e-01,2.146846333333333605e+05
3.865500000000000000e+03,8.915628999999999849e+01,5.035091999999999901e-01,2.158058666666666977e+05
3.875500000000000000e+03,8.914742999999999995e+01,5.025995999999999242e-01,2.169298333333333430e+05
3.885500000000000000e+03,8.915643000000000029e+01,5.028859999999999442e-01,2.180569333333333489e+05
3.895500000000000000e+03,8.915270999999999901e+01,5.007915999999998924e-01,2.191868999999999942e+05
3.905500000000000000e+03,8.914457999999999060e+01,5.013787000000000660e-01,2.203198333333333430e+05
3.915500000000000000e+03,8.914085999999998933e+01,5.055886000000000546e-01,2.214557000000000116e+05
3.925500000000000000e+03,8.911670999999999765e+01,5.051823999999999204e-01,2.225944333333333489e+05
3.935500000000000000e+03,8.908500999999999692e+01,5.028970999999999858e-01,2.237362000000000116e+05
3.945500000000000000e+03,8.911741999999999564e+01,4.986995999999999651e-01,2.248808333333333430e+05
3.955500000000000000e+03,8.909828000000000259e+01,5.042907000000000917e-01,2.260285333333333547e+05
3.965500000000000000e+03,8.908670999999999651e+01,5.026574000000000320e-01,2.271790000000000000e+05
3.975500000000000000e+03,8.912743000000000393e+01,4.998075000000000156e-01,2.283325666666667094e+05
3.985500000000000000e+03,8.913442999999999472e+01,4.996756999999999449e-01,2.294889666666666453e+05
3.995500000000000000e+03,8.913531000000000404e+01,4.987268000000000256e-01,2.306484666666667035e+05
4.005500000000000000e+03,8.915127999999999986e+01,4.967024000000000439e-01,2.318107666666666628e+05
4.015500000000000000e+03,8.915999000000000763e+01,4.967891999999999864e-01,2.329760000000000000e+05
4.025500000000000000e+03,8.916342000000000212e+01,4.971240000000000103e-01,2.341442666666666628e+05
4.035500000000000000e+03,8.915142000000000166e+01,4.980209000000000441e-01,2.353153333333333139e+05
4.045500000000000000e+03,8.917498000000000502e+01,4.976405000000000411e-01,2.364895666666666511e+05
4.055500000000000000e+03,8.916843000000000075e+01,4.975938000000000305e-01,2.376666333333333605e+05
4.065500000000000000e+03,8.918341999999998393e+01,4.974589999999999290e-01,2.388467666666666628e+05
4.075500000000000000e+03,8.918399000000000854e+01,4.973849999999999660e-01,2.400295333333333547e+05
4.085500000000000000e+03,8.917785999999999547e+01,4.972204000000000623e-01,2.412155000000000000e+05
4.095500000000000000e+03,8.919071999999999889e+01,4.970389000000000057e-01,2.424042666666666919e+05
4.105500000000000000e+03,8.918585000000000207e+01,4.969791000000000070e-01,2.435962000000000116e+05
4.115500000000000000e+03,8.920158000000000698e+01,4.965277999999999636e-01,2.447908000000000466e+05
4.125500000000000000e+03,8.918699999999999761e+01,4.965271999999999464e-01,2.459885333333333547e+05
4.135500000000000000e+03,8.918742000000000303e+01,4.962642000000000442e-01,2.471890000000000000e+05
4.145500000000000000e+03,8.918656999999998902e+01,4.960775000000000046e-01,2.483927000000000407e+05
4.155500000000000000e+03,8.917127000000000692e+01,4.956099999999999950e-01,2.495991000000000058e+05
4.165500000000000000e+03,8.920257999999999754e+01,4.951305000000000289e-01,2.508086999999999534e+05
4.175500000000000000e+03,8.917886999999998920e+01,4.949010999999999827e-01,2.520209333333333489e+05
4.185500000000000000e+03,8.917570000000000618e+01,4.942371999999999876e-01,2.532362333333333081e+05
4.195500000000000000e+03,8.921212999999998772e+01,4.936482999999999843e-01,2.544543999999999942e+05
4.205500000000000000e+03,8.921541999999999462e+01,4.938897999999999344e-01,2.556755666666666511e+05
4.215500000000000000e+03,8.920985999999999194e+01,4.956826000000000287e-01,2.568996000000000058e+05
4.225500000000000000e+03,8.919527000000000783e+01,4.939900999999999875e-01,2.581267666666666628e+05
4.235500000000000000e+03,8.920501000000000147e+01,4.935483999999999982e-01,2.593567333333333372e+05
4.245500000000000000e+03,8.920342999999999734e+01,4.933937000000000461e-01,2.605896666666666570e+05
4.255500000000000000e+03,8.919214999999999804e+01,4.931181999999999510e-01,2.618255000000000000e+05
4.265500000000000000e+03,8.914700999999999453e+01,4.929822999999999844e-01,2.630642666666666628e+05
4.275500000000000000e+03,8.914400000000000546e+01,4.927303000000000099e-01,2.643060333333333838e+05
4.285500000000000000e+03,8.915671999999999287e+01,4.923586000000000351e-01,2.655506666666666861e+05
4.295500000000000000e+03,8.917085000000000150e+01,4.921715999999999869e-01,2.667982333333332790e+05
4.305500000000000000e+03,8.914500999999998498e+01,4.920881999999999756e-01,2.680487999999999884e+05
4.315500000000000000e+03,8.916972000000001231e+01,4.918687000000000475e-01,2.693022999999999884e+05
4.325500000000000000e+03,8.917900000000000205e+01,4.917774000000000312e-01,2.705587000000000116e+05
4.335500000000000000e+03,8.916728000000000520e+01,4.915068999999999688e-01,2.718180666666667094e+05
4.345500000000000000e+03,8.919243000000000166e+01,4.914023999999999615e-01,2.730804666666666744e+05
4.355500000000000000e+03,8.917341000000000406e+01,4.911061999999999372e-01,2.743456666666666279e+05
4.365500000000000000e+03,8.919070999999999572e+01,4.910291000000001072e-01,2.756139333333332906e+05
4.375500000000000000e+03,8.916571000000000424e+01,4.906677000000000399e-01,2.768850333333333256e+05
4.385500000000000000e+03,8.917829000000000406e+01,4.906525999999999388e-01,2.781591333333333023e+05
4.395500000000000000e+03,8.917028999999999428e+01,4.905514000000000263e-01,2.794360666666667094e+05
4.405500000000000000e+03,8.919029000000000451e+01,4.900764000000000786e-01,2.807159000000000233e+05
4.415500000000000000e+03,8.917812999999999590e+01,4.898442000000000074e-01,2.819987666666666628e+05
4.425500000000000000e+03,8.919586000000001036e+01,4.897899000000000558e-01,2.832846333333333605e+05
4.435500000000000000e+03,8.918715000000000259e+01,4.894398999999999833e-01,2.845734000000000233e+05
4.445500000000000000e+03,8.918512000000001194e+01,4.892769999999999619e-01,2.858650999999999767e+05
4.455500000000000000e+03,8.918372000000000810e+01,4.891495000000000148e-01,2.871597999999999884e+05
4.465500000000000000e+03,8.918385000000000673e+01,4.890550999999999648e-01,2.884573333333333721e+05
4.475500000000000000e+03,8.917271999999999821e+01,4.887124999999999386e-01,2.897578666666666395e+05
4.485500000000000000e+03,8.917870000000000630e+01,4.883682000000000301e-01,2.910611666666666279e+05
4.495500000000000000e+03,8.917071000000001391e+01,4.883338000000000401e-01,2.923676333333334187e+05
4.505500000000000000e+03,8.917413000000000523e+01,4.879281999999999231e-01,2.936770666666666511e+05
4.515500000000000000e+03,8.918843000000001098e+01,4.876605999999999996e-01,2.949892333333333372e+05
4.525500000000000000e+03,8.917785000000000650e+01,4.874495000000000355e-01,2.963043000000000466e+05
4.535500000000000000e+03,8.918357999999999208e+01,4.874886999999999970e-01,2.976225333333333256e+05
4.545500000000000000e+03,8.918299000000000376e+01,4.871729000000000198e-01,2.989436333333333605e+05
4.555500000000000000e+03,8.918286000000000513e+01,4.869763999999999204e-01,3.002675333333333256e+05
4.565500000000000000e+03,8.917627000000000237e+01,4.869647999999999755e-01,3.015943666666666977e+05
4.575500000000000000e+03,8.918043000000001541e+01,4.866365000000000274e-01,3.029242999999999884e+05
4.585500000000000000e+03,8.919073000000000206e+01,4.865410000000000013e-01,3.042571333333333023e+05
4.595500000000000000e+03,8.918355000000001098e+01,4.863633999999999458e-01,3.055927999999999302e+05
4.605500000000000000e+03,8.916458000000000084e+01,4.862754999999999717e-01,3.069313666666666395e+05
4.615500000000000000e+03,8.913784999999998604e+01,4.860890000000000488e-01,3.082729666666666744e+05
4.625500000000000000e+03,8.915972999999999615e+01,4.858169999999999433e-01,3.096174000000000233e+05
4.635500000000000000e+03,8.916328000000001452e+01,4.857840000000000491e-01,3.109649000000000233e+05
4.645500000000000000e+03,8.913773000000000479e+01,4.856721000000000510e-01,3.123153333333333139e+05
4.655500000000000000e+03,8.916898999999999376e+01,4.855360000000000231e-01,3.136685000000000000e+05
4.665500000000000000e+03,8.912129000000000190e+01,4.858284000000000491e-01,3.150247666666667210e+05
4.675500000000000000e+03,8.915726999999999691e+01,4.851604999999999945e-01,3.163839666666666744e+05
4.685500000000000000e+03,8.911400999999999328e+01,4.851655999999999191e-01,3.177460333333333256e+05
4.695500000000000000e+03,8.908056999999999448e+01,4.849158000000000079e-01,3.191110333333333838e+05
4.705500000000000000e+03,8.906870000000000687e+01,4.848777000000000226e-01,3.204790666666666511e+05
4.715500000000000000e+03,8.914186000000000831e+01,4.847894000000000370e-01,3.218499666666666744e+05
4.725500000000000000e+03,8.910829999999999984e+01,4.845453000000000676e-01,3.232238666666666977e+05
4.735500000000000000e+03,8.910341999999999985e+01,4.844582000000000055e-01,3.246005999999999767e+05
4.745500000000000000e+03,8.910484999999998479e+01,4.846287000000000234e-01,3.259803666666666395e+05
4.755500000000000000e+03,8.907899999999999352e+01,4.843897000000000341e-01,3.273629666666666744e+05
4.765500000000000000e+03,8.908641000000001497e+01,4.844257999999999065e-01,3.287487333333333372e+05
4.775500000000000000e+03,8.911485999999999308e+01,4.842587999999999893e-01,3.301370999999999767e+05
4.785500000000000000e+03,8.909172999999999831e+01,4.840349999999999930e-01,3.315285666666666511e+05
4.795500000000000000e+03,8.908899000000000967e+01,4.839058999999999999e-01,3.329230666666666511e+05
4.805500000000000000e+03,8.909443999999999164e+01,4.838254000000000166e-01,3.343204333333333489e+05
4.815500000000000000e+03,8.908657999999999788e+01,4.837757000000000862e-01,3.357206666666666861e+05
4.825500000000000000e+03,8.907169999999999277e+01,4.840215999999999963e-01,3.371238666666666977e+05
4.835500000000000000e+03,8.906487000000001331e+01,4.834983000000000475e-01,3.385299666666666744e+05
4.845500000000000000e+03,8.906927999999997780e+01,4.834472999999999132e-01,3.399390999999999767e+05
4.855500000000000000e+03,8.906629000000000929e+01,4.832333000000000323e-01,3.413510666666667094e+05
4.865500000000000000e+03,8.906228000000000122e+01,4.832265000000000588e-01,3.427661333333333023e+05
4.875500000000000000e+03,8.906328999999999496e+01,4.830160000000000009e-01,3.441839666666666744e+05
4.885500000000000000e+03,8.906628000000000611e+01,4.829216000000000619e-01,3.456046666666666279e+05
4.895500000000000000e+03,8.907012999999999181e+01,4.828113999999999462e-01,3.470285000000000000e+05
4.905500000000000000e+03,8.907829000000000974e+01,4.827458000000000027e-01,3.484552000000000698e+05
4.915500000000000000e+03,8.906586000000000070e+01,4.826064999999999938e-01,3.498848333333333139e+05
4.925500000000000000e+03,8.906843999999998118e+01,4.829207000000000360e-01,3.513174000000000233e+05
4.935500000000000000e+03,8.907129999999997949e+01,4.842657000000000211e-01,3.527528999999999651e+05
4.945500000000000000e+03,8.906714999999999804e+01,4.842699000000000309e-01,3.541913333333333139e+05
4.955500000000000000e+03,8.906672999999997842e+01,4.846319000000000043e-01,3.556326666666666279e+05
4.965500000000000000e+03,8.907614000000000942e+01,4.836497000000000712e-01,3.570770000000000000e+05
4.975500000000000000e+03,8.906484000000000378e+01,4.830849999999999866e-01,3.585242666666667210e+05
4.985500000000000000e+03,8.905942000000000291e+01,4.840474999999999639e-01,3.599744333333333489e+05
4.995500000000000000e+03,8.906314999999999316e+01,4.853104999999999225e-01,3.614275333333333256e+05
