5.500000000000000000e+00,6.190327999999999520e+01,5.752791799999999967e+01,2.904799800000000154e+00
1.550000000000000000e+01,6.359900999999999982e+01,5.197896999999999323e+00,1.735648899999999983e+01
2.550000000000000000e+01,6.627729999999999677e+01,2.880574999999999886e+00,4.502455333333332277e+01
3.550000000000000000e+01,7.543770000000000664e+01,1.754969900000000083e+00,8.593618333333333226e+01
4.550000000000000000e+01,7.453443000000000040e+01,1.257541900000000101e+00,1.396952333333333058e+02
5.550000000000000000e+01,7.934956999999999994e+01,1.168952999999999909e+00,2.063100666666666712e+02
6.550000000000000000e+01,7.927227999999998076e+01,1.021460699999999999e+00,2.860810666666667430e+02
7.550000000000000000e+01,7.964342000000000610e+01,8.373696999999999946e-01,3.789461333333333073e+02
8.550000000000000000e+01,8.221499999999998920e+01,8.670757000000000048e-01,4.847814000000000192e+02
9.550000000000000000e+01,8.309085999999999217e+01,6.839482000000000061e-01,6.034254333333332170e+02
1.055000000000000000e+02,8.452786999999999296e+01,6.413753999999999289e-01,7.348087333333334072e+02
1.155000000000000000e+02,8.549972999999998535e+01,6.128401999999999461e-01,8.791053333333333057e+02
1.255000000000000000e+02,8.650100999999999374e+01,5.642185999999999035e-01,1.036736133333333328e+03
1.355000000000000000e+02,8.641087999999999170e+01,5.279730000000000256e-01,1.207875666666666802e+03
1.455000000000000000e+02,8.729115000000001601e+01,4.839488999999999597e-01,1.392563333333333503e+03
1.555000000000000000e+02,8.724028999999998746e+01,4.826342999999999606e-01,1.590771333333333587e+03
1.655000000000000000e+02,8.501572000000000173e+01,4.974718000000000195e-01,1.802495000000000118e+03
1.755000000000000000e+02,8.430614999999998815e+01,5.078871000000000357e-01,2.027688666666666904e+03
1.855000000000000000e+02,8.477013999999999783e+01,4.987653000000000780e-01,2.266337333333333845e+03
1.955000000000000000e+02,8.640801999999999339e+01,4.851453000000000015e-01,2.518440999999999804e+03
2.055000000000000000e+02,8.623243999999999687e+01,4.768218999999999097e-01,2.783996333333333496e+03
2.155000000000000000e+02,8.579242000000000701e+01,4.821178999999999881e-01,3.062990666666667039e+03
2.255000000000000000e+02,8.615898999999998864e+01,4.835977999999999666e-01,3.355390666666666220e+03
2.355000000000000000e+02,8.652712999999999965e+01,4.854863999999999291e-01,3.661211000000000240e+03
2.455000000000000000e+02,8.698956999999998629e+01,4.637539999999999440e-01,3.980558333333333394e+03
2.555000000000000000e+02,8.675055000000000405e+01,4.757798000000000860e-01,4.313392000000000735e+03
2.655000000000000000e+02,8.698814000000001556e+01,4.788689000000000418e-01,4.659708999999999833e+03
2.755000000000000000e+02,8.687058000000000391e+01,4.433434999999999460e-01,5.019496666666666897e+03
2.855000000000000000e+02,8.702527000000000612e+01,4.442632000000000803e-01,5.392784666666666453e+03
2.955000000000000000e+02,8.736742999999998460e+01,4.366451999999999556e-01,5.779621666666666897e+03
3.055000000000000000e+02,8.751800000000000068e+01,4.453488999999999365e-01,6.179954999999999927e+03
3.155000000000000000e+02,8.701655999999999835e+01,4.424254999999999716e-01,6.593794666666666672e+03
3.255000000000000000e+02,8.742158000000000584e+01,4.556470000000000242e-01,7.021249666666665689e+03
3.355000000000000000e+02,8.770914000000000499e+01,4.593382000000000298e-01,7.462510333333333620e+03
3.455000000000000000e+02,8.749699999999999989e+01,4.556676999999999533e-01,7.917378666666666504e+03
3.555000000000000000e+02,8.770141000000000986e+01,4.547939000000000287e-01,8.385723666666668578e+03
3.655000000000000000e+02,8.753070999999998492e+01,4.543307999999999791e-01,8.867557999999999083e+03
3.755000000000000000e+02,8.801928000000000907e+01,4.580290999999999668e-01,9.362867666666668811e+03
3.855000000000000000e+02,8.786841999999998620e+01,4.565128999999999992e-01,9.871656666666667661e+03
3.955000000000000000e+02,8.837842999999999449e+01,4.639186999999999617e-01,1.039393000000000029e+04
4.055000000000000000e+02,8.825000000000000000e+01,4.596213000000000659e-01,1.092972333333333154e+04
4.155000000000000000e+02,8.858043999999998164e+01,4.646511999999999309e-01,1.147910999999999876e+04
4.255000000000000000e+02,8.862145000000001005e+01,4.633243000000000222e-01,1.204196333333333496e+04
4.355000000000000000e+02,8.870756999999998982e+01,4.632712999999999970e-01,1.261831333333333350e+04
4.455000000000000000e+02,8.883270999999999162e+01,4.653807999999999834e-01,1.320813666666666722e+04
4.555000000000000000e+02,8.874600999999999829e+01,4.646732000000000085e-01,1.381140333333333547e+04
4.655000000000000000e+02,8.867370999999999981e+01,4.601472000000000340e-01,1.442808666666666613e+04
4.755000000000000000e+02,8.892643999999999949e+01,4.640177999999999803e-01,1.505815333333333183e+04
4.855000000000000000e+02,8.911186000000000718e+01,4.656597000000000652e-01,1.570163999999999942e+04
4.955000000000000000e+02,8.893497999999999593e+01,4.663856000000000113e-01,1.635860666666666839e+04
5.055000000000000000e+02,8.903799000000000774e+01,4.670177999999999829e-01,1.702905666666666730e+04
5.155000000000000000e+02,8.909342999999999790e+01,4.667339999999999267e-01,1.771302333333333081e+04
5.255000000000000000e+02,8.902142999999999518e+01,4.664449000000000511e-01,1.841049666666666599e+04
5.355000000000000000e+02,8.911370999999999754e+01,4.662049999999999805e-01,1.912142666666666628e+04
5.455000000000000000e+02,8.911069999999998004e+01,4.632859999999999756e-01,1.984581333333333168e+04
5.555000000000000000e+02,8.914730000000000132e+01,4.625560999999999146e-01,2.058366333333333750e+04
5.655000000000000000e+02,8.915627999999999531e+01,4.631132000000000026e-01,2.133496333333332950e+04
5.755000000000000000e+02,8.915457999999998151e+01,4.619245999999999630e-01,2.209969999999999709e+04
5.855000000000000000e+02,8.911314000000000135e+01,4.626546000000000269e-01,2.287790999999999985e+04
5.955000000000000000e+02,8.908070000000000732e+01,4.631007000000000318e-01,2.366959333333333416e+04
6.055000000000000000e+02,8.911700000000000443e+01,4.623585999999999530e-01,2.447474333333333561e+04
6.155000000000000000e+02,8.915555999999999415e+01,4.605500999999999623e-01,2.529336666666666497e+04
6.255000000000000000e+02,8.916442999999999586e+01,4.614480000000000248e-01,2.612546666666666715e+04
6.355000000000000000e+02,8.915242999999999540e+01,4.591472999999999804e-01,2.697103333333333285e+04
6.455000000000000000e+02,8.915043000000000006e+01,4.598245000000000249e-01,2.783012000000000262e+04
6.555000000000000000e+02,8.915085000000000548e+01,4.593568999999998459e-01,2.870267333333333227e+04
6.655000000000000000e+02,8.912799000000001115e+01,4.598640999999999979e-01,2.958873333333332994e+04
6.755000000000000000e+02,8.913414000000001636e+01,4.577660000000000062e-01,3.048832333333333372e+04
6.855000000000000000e+02,8.910998999999999626e+01,4.579061000000000381e-01,3.140147666666666555e+04
6.955000000000000000e+02,8.913586999999999705e+01,4.566201999999999761e-01,3.232810999999999694e+04
7.055000000000000000e+02,8.913070999999999344e+01,4.587789999999999924e-01,3.326823666666667123e+04
7.155000000000000000e+02,8.912829999999999586e+01,4.588770999999999267e-01,3.422183666666666977e+04
7.255000000000000000e+02,8.910815000000000907e+01,4.566814000000000151e-01,3.518891000000000349e+04
7.355000000000000000e+02,8.910743999999999687e+01,4.564099999999998714e-01,3.616943666666666104e+04
7.455000000000000000e+02,8.910101000000000226e+01,4.576883999999999952e-01,3.716348333333332994e+04
7.555000000000000000e+02,8.913028999999998803e+01,4.572555000000000369e-01,3.817134000000000378e+04
7.655000000000000000e+02,8.912501000000001738e+01,4.568968999999999947e-01,3.919291333333333023e+04
7.755000000000000000e+02,8.916243999999998948e+01,4.561663000000000245e-01,4.022799000000000524e+04
7.855000000000000000e+02,8.912100000000000932e+01,4.567386999999999975e-01,4.127653333333334012e+04
7.955000000000000000e+02,8.912086999999999648e+01,4.579488000000000447e-01,4.233856999999999971e+04
8.055000000000000000e+02,8.910800000000000409e+01,4.579294999999999893e-01,4.341406999999999971e+04
8.155000000000000000e+02,8.910328999999998700e+01,4.579560999999999771e-01,4.450304000000000815e+04
8.255000000000000000e+02,8.910284000000000049e+01,4.578314999999998913e-01,4.560548333333333721e+04
8.355000000000000000e+02,8.910486000000000217e+01,4.571813999999999600e-01,4.672139333333333343e+04
8.455000000000000000e+02,8.911027999999998883e+01,4.573076999999999837e-01,4.785076666666666279e+04
8.555000000000000000e+02,8.910855999999999710e+01,4.576862999999999349e-01,4.899364666666666744e+04
8.655000000000000000e+02,8.910744000000001108e+01,4.575014000000000580e-01,5.014998000000000320e+04
8.755000000000000000e+02,8.910515000000000896e+01,4.580072999999999506e-01,5.131980000000000291e+04
8.855000000000000000e+02,8.910014999999999930e+01,4.575866999999999574e-01,5.250311000000000786e+04
8.955000000000000000e+02,8.909100000000000819e+01,4.569096000000000268e-01,5.369991000000001077e+04
9.055000000000000000e+02,8.911657999999999902e+01,4.565683999999999854e-01,5.491019666666667035e+04
9.155000000000000000e+02,8.909102000000000032e+01,4.565510999999999875e-01,5.613394666666667035e+04
9.255000000000000000e+02,8.911386999999999148e+01,4.565729000000000037e-01,5.737119333333334362e+04
9.355000000000000000e+02,8.909515000000000384e+01,4.563418000000000196e-01,5.862188999999999942e+04
9.455000000000000000e+02,8.909514000000000067e+01,4.555854000000000847e-01,5.988603666666665958e+04
9.555000000000000000e+02,8.907742999999999256e+01,4.552085000000000159e-01,6.116358666666668432e+04
9.655000000000000000e+02,8.905186000000000490e+01,4.542531000000000208e-01,6.245456333333333896e+04
9.755000000000000000e+02,8.905329000000001827e+01,4.540576000000000612e-01,6.375905333333332965e+04
9.855000000000000000e+02,8.906201000000001500e+01,4.547410000000000063e-01,6.507698666666667123e+04
9.955000000000000000e+02,8.905829000000001372e+01,4.535010999999999903e-01,6.640839999999999418e+04
1.005500000000000000e+03,8.905100999999999090e+01,4.536435999999999247e-01,6.775327999999999884e+04
1.015500000000000000e+03,8.903172000000000708e+01,4.534162000000000470e-01,6.911165333333335002e+04
1.025500000000000000e+03,8.906329000000000917e+01,4.524299999999999988e-01,7.048350666666668258e+04
1.035500000000000000e+03,8.907000000000000739e+01,4.528241000000000627e-01,7.186884333333333780e+04
1.045500000000000000e+03,8.904100999999998578e+01,4.524616000000000748e-01,7.326763000000000466e+04
1.055500000000000000e+03,8.907801000000000613e+01,4.516114999999999435e-01,7.467990666666666220e+04
1.065500000000000000e+03,8.906256999999999380e+01,4.522867000000000415e-01,7.610566666666667152e+04
1.075500000000000000e+03,8.905957000000000789e+01,4.524429999999999841e-01,7.754489999999999418e+04
1.085500000000000000e+03,8.901785999999998467e+01,4.523347999999999258e-01,7.899760333333331801e+04
1.095500000000000000e+03,8.904514000000001772e+01,4.518293999999999921e-01,8.046376666666666279e+04
1.105500000000000000e+03,8.904855999999999483e+01,4.518009000000000053e-01,8.194341000000000349e+04
1.115500000000000000e+03,8.903185999999999467e+01,4.519930000000000336e-01,8.343654000000000815e+04
1.125500000000000000e+03,8.902042000000000144e+01,4.518513000000000668e-01,8.494315666666667676e+04
1.135500000000000000e+03,8.903213999999999828e+01,4.520346000000000086e-01,8.646326999999998952e+04
1.145500000000000000e+03,8.903328999999999382e+01,4.516151999999999944e-01,8.799688000000001921e+04
1.155500000000000000e+03,8.902613999999999805e+01,4.518611000000000155e-01,8.954398333333333721e+04
1.165500000000000000e+03,8.902999000000001217e+01,4.515452000000000909e-01,9.110459666666667908e+04
1.175500000000000000e+03,8.903670999999999935e+01,4.518208000000000224e-01,9.267870666666669422e+04
1.185500000000000000e+03,8.903900999999999044e+01,4.513005999999999962e-01,9.426629000000000815e+04
1.195500000000000000e+03,8.902213999999999317e+01,4.512014999999999776e-01,9.586738000000000466e+04
1.205500000000000000e+03,8.902955999999998937e+01,4.514406000000000252e-01,9.748200000000000000e+04
1.215500000000000000e+03,8.903587000000001694e+01,4.514332999999999818e-01,9.911029000000000815e+04
1.225500000000000000e+03,8.903272999999998660e+01,4.510737999999999692e-01,1.007525166666666628e+05
1.235500000000000000e+03,8.903069999999999595e+01,4.509027999999999925e-01,1.024085999999999913e+05
1.245500000000000000e+03,8.903340999999998928e+01,4.510995000000000421e-01,1.040780666666666657e+05
1.255500000000000000e+03,8.903601999999997929e+01,4.508001000000000369e-01,1.057610333333333256e+05
1.265500000000000000e+03,8.903516000000000474e+01,4.509299999999999420e-01,1.074575666666666802e+05
1.275500000000000000e+03,8.903898999999999830e+01,4.502646999999999622e-01,1.091675000000000000e+05
1.285500000000000000e+03,8.903443000000001462e+01,4.503539999999999210e-01,1.108908999999999942e+05
1.295500000000000000e+03,8.904599999999999227e+01,4.506400000000000405e-01,1.126278666666666686e+05
1.305500000000000000e+03,8.904129000000000360e+01,4.509591000000000571e-01,1.143781999999999971e+05
1.315500000000000000e+03,8.904641999999998347e+01,4.502127999999999686e-01,1.161421333333333314e+05
1.325500000000000000e+03,8.904201000000000477e+01,4.505504000000000175e-01,1.179193999999999942e+05
1.335500000000000000e+03,8.904801000000000499e+01,4.501111000000000972e-01,1.197103000000000029e+05
1.345500000000000000e+03,8.904528000000000532e+01,4.500503000000000142e-01,1.215145666666666802e+05
1.355500000000000000e+03,8.904470999999998071e+01,4.501730000000000453e-01,1.233323333333333285e+05
1.365500000000000000e+03,8.903213999999999828e+01,4.501869999999999483e-01,1.251635333333333256e+05
1.375500000000000000e+03,8.904213999999998919e+01,4.501651999999999876e-01,1.270083000000000029e+05
1.385500000000000000e+03,8.903741999999999734e+01,4.496886999999999968e-01,1.288664666666666744e+05
1.395500000000000000e+03,8.904156999999999300e+01,4.491478000000000970e-01,1.307380333333333256e+05
1.405500000000000000e+03,8.904170000000000584e+01,4.492896000000000112e-01,1.326232333333333372e+05
1.415500000000000000e+03,8.904429999999999268e+01,4.490133999999999515e-01,1.345218666666666686e+05
1.425500000000000000e+03,8.903430000000000177e+01,4.486277000000000181e-01,1.364339999999999709e+05
1.435500000000000000e+03,8.904215000000000657e+01,4.487623000000000029e-01,1.383595666666666511e+05
1.445500000000000000e+03,8.904085000000000605e+01,4.488459999999999672e-01,1.402986666666666570e+05
1.455500000000000000e+03,8.902485000000000070e+01,4.486724999999999741e-01,1.422513666666666686e+05
1.465500000000000000e+03,8.903729000000001292e+01,4.489097000000000226e-01,1.442174333333333198e+05
1.475500000000000000e+03,8.903142000000001133e+01,4.481277000000000177e-01,1.461969333333333198e+05
1.485500000000000000e+03,8.903372000000000241e+01,4.482502999999999349e-01,1.481899333333333198e+05
1.495500000000000000e+03,8.904272000000000276e+01,4.485875999999999197e-01,1.501966000000000349e+05
1.505500000000000000e+03,8.904086000000000922e+01,4.482397000000000742e-01,1.522166666666666570e+05
1.515500000000000000e+03,8.903285999999999945e+01,4.476094999999999935e-01,1.542502333333333372e+05
1.525500000000000000e+03,8.903942000000000689e+01,4.483517000000000197e-01,1.562972666666666628e+05
1.535500000000000000e+03,8.903443000000000040e+01,4.476849999999998886e-01,1.583577333333333372e+05
1.545500000000000000e+03,8.903743000000000052e+01,4.478465999999999836e-01,1.604318333333333139e+05
1.555500000000000000e+03,8.903299000000001229e+01,4.476702999999999655e-01,1.625192666666666628e+05
1.565500000000000000e+03,8.903514000000001261e+01,4.475312999999999652e-01,1.646202666666666628e+05
1.575500000000000000e+03,8.903900000000000148e+01,4.477597000000000382e-01,1.667347000000000116e+05
1.585500000000000000e+03,8.904028999999999883e+01,4.475302999999999365e-01,1.688625000000000000e+05
1.595500000000000000e+03,8.903513000000000943e+01,4.475647000000000375e-01,1.710038666666666395e+05
1.605500000000000000e+03,8.903457000000000221e+01,4.474477000000000038e-01,1.731587000000000116e+05
1.615500000000000000e+03,8.903685000000001537e+01,4.472606000000000082e-01,1.753269333333333489e+05
1.625500000000000000e+03,8.903141999999999712e+01,4.473472000000000004e-01,1.775086999999999825e+05
1.635500000000000000e+03,8.903211999999999193e+01,4.472439000000000275e-01,1.797038999999999942e+05
1.645500000000000000e+03,8.903256000000000370e+01,4.472047000000000105e-01,1.819125999999999767e+05
1.655500000000000000e+03,8.904043000000000063e+01,4.470779000000000281e-01,1.841347333333333372e+05
1.665500000000000000e+03,8.903585999999999956e+01,4.470518999999999465e-01,1.863705333333333256e+05
1.675500000000000000e+03,8.903571999999999775e+01,4.469333999999999807e-01,1.886205333333333256e+05
1.685500000000000000e+03,8.904999000000000819e+01,4.470357999999999277e-01,1.908842666666666628e+05
1.695500000000000000e+03,8.904256999999999778e+01,4.468759000000000481e-01,1.931614333333333489e+05
1.705500000000000000e+03,8.904556999999999789e+01,4.467987000000001041e-01,1.954522000000000116e+05
1.715500000000000000e+03,8.903614999999999213e+01,4.470211999999998964e-01,1.977562999999999884e+05
1.725500000000000000e+03,8.903484999999997740e+01,4.468323000000000711e-01,2.000739333333333489e+05
1.735500000000000000e+03,8.902371999999999730e+01,4.465095000000000591e-01,2.024050666666667094e+05
1.745500000000000000e+03,8.902528000000000930e+01,4.462916000000000105e-01,2.047496666666666861e+05
1.755500000000000000e+03,8.903000000000000114e+01,4.463342000000000143e-01,2.071077999999999884e+05
1.765500000000000000e+03,8.903314999999999202e+01,4.461975000000000802e-01,2.094794333333333198e+05
1.775500000000000000e+03,8.902570000000000050e+01,4.459308999999999079e-01,2.118645333333333547e+05
1.785500000000000000e+03,8.902772000000000219e+01,4.462995999999999630e-01,2.142631333333333023e+05
1.795500000000000000e+03,8.901599999999999113e+01,4.456633000000000955e-01,2.166753333333333139e+05
1.805500000000000000e+03,8.903029000000000792e+01,4.458309999999999773e-01,2.191008333333333430e+05
1.815500000000000000e+03,8.902401000000000408e+01,4.458941000000000154e-01,2.215398999999999942e+05
1.825500000000000000e+03,8.902471999999998786e+01,4.457585000000000020e-01,2.239925000000000000e+05
1.835500000000000000e+03,8.901213999999998805e+01,4.451954999999999663e-01,2.264586000000000058e+05
1.845500000000000000e+03,8.902656999999997822e+01,4.455566999999999167e-01,2.289382000000000116e+05
1.855500000000000000e+03,8.902158000000000015e+01,4.453675999999999746e-01,2.314311666666666861e+05
1.865500000000000000e+03,8.901613000000000397e+01,4.449589000000000460e-01,2.339377333333333372e+05
1.875500000000000000e+03,8.901886000000000365e+01,4.451397000000000825e-01,2.364577000000000407e+05
1.885500000000000000e+03,8.902342000000001576e+01,4.452531000000000683e-01,2.389912000000000407e+05
1.895500000000000000e+03,8.901757000000000630e+01,4.449514999999999998e-01,2.415382666666666919e+05
1.905500000000000000e+03,8.901784999999999570e+01,4.444154000000001270e-01,2.440985333333333547e+05
1.915500000000000000e+03,8.902329000000000292e+01,4.443563000000000374e-01,2.466723666666666977e+05
1.925500000000000000e+03,8.901342000000001065e+01,4.444480000000000652e-01,2.492595666666666511e+05
1.935500000000000000e+03,8.902214000000000738e+01,4.444723000000000424e-01,2.518602333333333372e+05
1.945500000000000000e+03,8.903014000000000294e+01,4.450798999999999728e-01,2.544744666666666453e+05
1.955500000000000000e+03,8.902013999999999783e+01,4.440290000000000070e-01,2.571022666666666628e+05
1.965500000000000000e+03,8.901615000000001032e+01,4.440965000000000051e-01,2.597435666666666511e+05
1.975500000000000000e+03,8.901757000000000630e+01,4.441401999999999850e-01,2.623982333333333372e+05
1.985500000000000000e+03,8.900727000000000544e+01,4.438768999999999632e-01,2.650662999999999302e+05
1.995500000000000000e+03,8.900943000000000893e+01,4.441710999999999854e-01,2.677481333333333023e+05
2.005500000000000000e+03,8.901171999999999684e+01,4.439672000000000063e-01,2.704432666666667210e+05
2.015500000000000000e+03,8.900356999999999630e+01,4.440006000000000230e-01,2.731517666666667210e+05
2.025500000000000000e+03,8.900555999999998846e+01,4.436011999999999733e-01,2.758740333333333256e+05
2.035500000000000000e+03,8.900272999999999968e+01,4.434326000000000656e-01,2.786095666666667094e+05
2.045500000000000000e+03,8.900600000000001444e+01,4.435749999999999416e-01,2.813586999999999534e+05
2.055500000000000000e+03,8.900328999999999269e+01,4.434530999999999890e-01,2.841212999999999884e+05
2.065500000000000000e+03,8.900486999999999682e+01,4.434845999999999511e-01,2.868973666666666977e+05
2.075500000000000000e+03,8.899471000000001197e+01,4.432745000000000712e-01,2.896871000000000349e+05
2.085500000000000000e+03,8.899726999999998611e+01,4.435144000000000308e-01,2.924902000000000698e+05
2.095500000000000000e+03,8.900129000000001156e+01,4.434651000000000565e-01,2.953067999999999884e+05
2.105500000000000000e+03,8.899442999999999415e+01,4.435882000000000436e-01,2.981368666666666977e+05
2.115500000000000000e+03,8.899643000000000370e+01,4.433443000000000245e-01,3.009802999999999302e+05
2.125500000000000000e+03,8.899927999999999884e+01,4.434033000000000557e-01,3.038373333333333139e+05
2.135500000000000000e+03,8.898941999999999553e+01,4.434491000000000405e-01,3.067078666666666395e+05
2.145500000000000000e+03,8.900042000000000542e+01,4.433020999999999212e-01,3.095918666666666977e+05
2.155500000000000000e+03,8.899416000000000793e+01,4.432048000000000654e-01,3.124893000000000466e+05
2.165500000000000000e+03,8.899230000000000018e+01,4.428944000000000214e-01,3.154002000000000116e+05
2.175500000000000000e+03,8.900057000000001040e+01,4.430534999999999890e-01,3.183247333333332790e+05
2.185500000000000000e+03,8.900427999999999429e+01,4.426704000000000194e-01,3.212626333333333023e+05
2.195500000000000000e+03,8.900442000000001030e+01,4.429326000000000652e-01,3.242140333333333256e+05
2.205500000000000000e+03,8.900298999999999694e+01,4.427719999999999989e-01,3.271788666666666977e+05
2.215500000000000000e+03,8.901041999999999632e+01,4.430011999999999839e-01,3.301574333333332906e+05
2.225500000000000000e+03,8.900184999999999036e+01,4.428155000000000285e-01,3.331492333333333372e+05
2.235500000000000000e+03,8.901444000000000756e+01,4.428043999999999869e-01,3.361547666666667210e+05
2.245500000000000000e+03,8.902485000000000070e+01,4.432442999999999245e-01,3.391735000000000000e+05
2.255500000000000000e+03,8.900687000000000637e+01,4.423277999999999932e-01,3.422059333333333489e+05
2.265500000000000000e+03,8.902957000000000676e+01,4.431683999999999624e-01,3.452517999999999884e+05
2.275500000000000000e+03,8.901313999999999282e+01,4.427046000000000037e-01,3.483111333333333023e+05
2.285500000000000000e+03,8.902315000000000111e+01,4.429036000000000084e-01,3.513838666666666977e+05
2.295500000000000000e+03,8.902258000000001914e+01,4.427651000000000225e-01,3.544702333333333372e+05
2.305500000000000000e+03,8.901556999999999675e+01,4.427302000000000182e-01,3.575699666666666744e+05
2.315500000000000000e+03,8.901214000000000226e+01,4.427457999999999672e-01,3.606832666666666628e+05
2.325500000000000000e+03,8.901942999999999984e+01,4.425710999999999951e-01,3.638100666666667094e+05
2.335500000000000000e+03,8.902501000000000886e+01,4.427558000000000327e-01,3.669503333333333721e+05
2.345500000000000000e+03,8.901256999999999664e+01,4.426032999999999218e-01,3.701039666666666744e+05
2.355500000000000000e+03,8.900584999999999525e+01,4.424103999999999814e-01,3.732712000000000698e+05
2.365500000000000000e+03,8.901628999999999792e+01,4.424860999999999933e-01,3.764518000000000466e+05
2.375500000000000000e+03,8.900728999999999758e+01,4.422187999999999120e-01,3.796460666666667094e+05
2.385500000000000000e+03,8.903171999999999287e+01,4.428840999999999473e-01,3.828537666666666628e+05
2.395500000000000000e+03,8.902716000000000918e+01,4.428619000000000305e-01,3.860748333333333721e+05
2.405500000000000000e+03,8.903672000000000253e+01,4.430668999999999857e-01,3.893095666666666511e+05
2.415500000000000000e+03,8.902857000000000198e+01,4.427098999999999895e-01,3.925576333333333023e+05
2.425500000000000000e+03,8.901014000000000692e+01,4.422495999999999650e-01,3.958192333333332790e+05
2.435500000000000000e+03,8.902555999999999869e+01,4.424005000000000298e-01,3.990942666666667210e+05
2.445500000000000000e+03,8.903169999999998652e+01,4.424864999999999493e-01,4.023827999999999884e+05
2.455500000000000000e+03,8.901815999999999462e+01,4.421986999999999446e-01,4.056849333333333489e+05
2.465500000000000000e+03,8.901516000000000872e+01,4.420962000000000502e-01,4.090002333333333372e+05
2.475500000000000000e+03,8.902613999999999805e+01,4.421794000000000002e-01,4.123293333333333721e+05
2.485500000000000000e+03,8.902057999999999538e+01,4.421111999999999820e-01,4.156717333333333372e+05
2.495500000000000000e+03,8.901802000000000703e+01,4.420275000000000176e-01,4.190277333333332790e+05
2.505500000000000000e+03,8.902785000000000082e+01,4.419532000000000460e-01,4.223971333333333023e+05
2.515500000000000000e+03,8.902714000000000283e+01,4.420042999999999611e-01,4.257800000000000000e+05
2.525500000000000000e+03,8.903186999999999784e+01,4.422254000000000462e-01,4.291764000000000233e+05
2.535500000000000000e+03,8.903056999999998311e+01,4.420019000000000031e-01,4.325862333333332790e+05
2.545500000000000000e+03,8.903014999999999191e+01,4.418573000000000084e-01,4.360095333333333838e+05
2.555500000000000000e+03,8.902599999999999625e+01,4.421177000000000024e-01,4.394464333333334071e+05
2.565500000000000000e+03,8.902557000000000187e+01,4.418752000000000235e-01,4.428966666666666861e+05
2.575500000000000000e+03,8.902615000000000123e+01,4.420218999999999676e-01,4.463603666666665813e+05
2.585500000000000000e+03,8.902957000000000676e+01,4.420703999999999745e-01,4.498375666666665929e+05
2.595500000000000000e+03,8.902286000000000854e+01,4.420976000000000350e-01,4.533282999999999884e+05
2.605500000000000000e+03,8.902599000000000729e+01,4.421090999999999771e-01,4.568325000000000000e+05
2.615500000000000000e+03,8.903427999999999543e+01,4.420967000000000091e-01,4.603505333333333256e+05
2.625500000000000000e+03,8.902072999999998615e+01,4.417183000000000637e-01,4.638825000000000000e+05
2.635500000000000000e+03,8.903555999999998960e+01,4.423098000000000307e-01,4.674278666666666977e+05
2.645500000000000000e+03,8.903158000000000527e+01,4.422177999999999942e-01,4.709867666666667210e+05
2.655500000000000000e+03,8.902770999999998480e+01,4.420777999999999652e-01,4.745592000000000116e+05
2.665500000000000000e+03,8.903042000000000655e+01,4.421578999999999371e-01,4.781449999999998836e+05
2.675500000000000000e+03,8.903099000000000274e+01,4.422347000000000361e-01,4.817442333333332790e+05
2.685500000000000000e+03,8.902756000000000824e+01,4.421484999999999443e-01,4.853571333333333023e+05
2.695500000000000000e+03,8.901972000000000662e+01,4.416756999999999489e-01,4.889833666666666977e+05
2.705500000000000000e+03,8.902514000000000749e+01,4.418502000000000263e-01,4.926231000000000931e+05
2.715500000000000000e+03,8.902927999999999997e+01,4.419643999999999795e-01,4.962763333333333139e+05
2.725500000000000000e+03,8.902843000000000018e+01,4.419620000000000215e-01,4.999430666666667094e+05
2.735500000000000000e+03,8.902712999999999965e+01,4.420450999999999686e-01,5.036232999999999302e+05
2.745500000000000000e+03,8.902873000000002435e+01,4.418521999999999172e-01,5.073168666666666977e+05
2.755500000000000000e+03,8.902684999999999604e+01,4.419652000000000025e-01,5.110240666666667094e+05
2.765500000000000000e+03,8.902627999999999986e+01,4.419424999999999604e-01,5.147446666666666861e+05
2.775500000000000000e+03,8.901642000000001076e+01,4.415966000000000058e-01,5.184788999999999069e+05
2.785500000000000000e+03,8.902484999999998649e+01,4.418665000000000509e-01,5.222268333333333139e+05
2.795500000000000000e+03,8.902828000000000941e+01,4.420002000000000097e-01,5.259879333333333489e+05
2.805500000000000000e+03,8.902700000000001523e+01,4.419416999999999929e-01,5.297626666666666279e+05
2.815500000000000000e+03,8.902414000000000271e+01,4.417635999999999785e-01,5.335507999999999302e+05
2.825500000000000000e+03,8.903042000000000655e+01,4.420125000000000304e-01,5.373525000000000000e+05
2.835500000000000000e+03,8.902842000000001121e+01,4.416812999999999434e-01,5.411675666666666511e+05
2.845500000000000000e+03,8.902685999999999922e+01,4.416133999999999338e-01,5.449963333333332557e+05
2.855500000000000000e+03,8.903115000000001089e+01,4.417971000000000537e-01,5.488384000000000233e+05
2.865500000000000000e+03,8.902929000000000315e+01,4.417264000000000190e-01,5.526940333333334420e+05
2.875500000000000000e+03,8.903099999999999170e+01,4.417638000000000398e-01,5.565631999999999534e+05
2.885500000000000000e+03,8.903443000000000040e+01,4.418168999999999569e-01,5.604457333333332790e+05
2.895500000000000000e+03,8.902813999999999339e+01,4.417389999999999928e-01,5.643418000000000466e+05
2.905500000000000000e+03,8.902729000000000781e+01,4.415338999999999237e-01,5.682514000000000233e+05
2.915500000000000000e+03,8.902857000000000198e+01,4.416802999999999702e-01,5.721742666666666046e+05
2.925500000000000000e+03,8.902930000000000632e+01,4.413174000000000818e-01,5.761109666666665580e+05
2.935500000000000000e+03,8.902487000000000705e+01,4.412908999999999304e-01,5.800608333333333721e+05
2.945500000000000000e+03,8.902715000000000600e+01,4.414532999999999374e-01,5.840242333333333954e+05
2.955500000000000000e+03,8.902299000000002138e+01,4.412440000000000251e-01,5.880013333333333721e+05
2.965500000000000000e+03,8.902271999999999252e+01,4.412680999999999965e-01,5.919917333333332790e+05
2.975500000000000000e+03,8.902586000000000865e+01,4.414820000000000411e-01,5.959955333333333256e+05
2.985500000000000000e+03,8.902729999999999677e+01,4.410160999999999665e-01,6.000130000000000000e+05
2.995500000000000000e+03,8.902158000000000015e+01,4.410613999999999923e-01,6.040438333333333721e+05
3.005500000000000000e+03,8.901928999999999803e+01,4.409148999999999985e-01,6.080881666666667443e+05
3.015500000000000000e+03,8.902071999999999719e+01,4.410993999999999748e-01,6.121460666666666511e+05
3.025500000000000000e+03,8.901400999999999897e+01,4.408985000000000265e-01,6.162173666666665813e+05
3.035500000000000000e+03,8.901299000000000206e+01,4.408490000000000464e-01,6.203029000000000233e+05
3.045500000000000000e+03,8.901412999999999442e+01,4.407710000000000794e-01,6.244016333333334187e+05
3.055500000000000000e+03,8.901628999999999792e+01,4.406100000000000572e-01,6.285141666666667443e+05
3.065500000000000000e+03,8.901358000000000459e+01,4.406585000000000640e-01,6.326400333333333256e+05
3.075500000000000000e+03,8.901228000000000407e+01,4.407465000000000410e-01,6.367796333333333023e+05
3.085500000000000000e+03,8.900541999999998666e+01,4.405326999999999993e-01,6.409323666666666977e+05
3.095500000000000000e+03,8.901158000000000925e+01,4.405746999999999858e-01,6.450989333333333489e+05
3.105500000000000000e+03,8.900184999999999036e+01,4.404493000000000436e-01,6.492787666666667210e+05
3.115500000000000000e+03,8.899099999999999966e+01,4.402581000000000411e-01,6.534724000000000233e+05
3.125500000000000000e+03,8.899272999999998035e+01,4.402312999999999366e-01,6.576793333333333721e+05
3.135500000000000000e+03,8.900084999999999980e+01,4.403884999999999605e-01,6.618998333333332557e+05
3.145500000000000000e+03,8.899214999999999520e+01,4.402000000000000357e-01,6.661338666666666977e+05
3.155500000000000000e+03,8.898871000000001175e+01,4.400277000000000216e-01,6.703813000000000466e+05
3.165500000000000000e+03,8.899057999999999424e+01,4.400643999999999667e-01,6.746421333333334187e+05
3.175500000000000000e+03,8.899013999999999669e+01,4.400660999999999601e-01,6.789165333333334420e+05
3.185500000000000000e+03,8.899640999999999735e+01,4.400737999999999595e-01,6.832044333333333489e+05
3.195500000000000000e+03,8.898713000000000761e+01,4.401019999999999932e-01,6.875057999999999302e+05
3.205500000000000000e+03,8.899870000000001369e+01,4.402328999999999826e-01,6.918205999999998603e+05
3.215500000000000000e+03,8.899130000000000962e+01,4.401175000000000503e-01,6.961489000000000233e+05
3.225500000000000000e+03,8.898727999999999838e+01,4.399867999999999557e-01,7.004906666666667443e+05
3.235500000000000000e+03,8.899944000000000699e+01,4.397957000000000116e-01,7.048458666666668141e+05
3.245500000000000000e+03,8.899728000000000350e+01,4.400982000000001060e-01,7.092146999999999534e+05
3.255500000000000000e+03,8.899271000000001663e+01,4.399873000000000256e-01,7.135968333333333721e+05
3.265500000000000000e+03,8.900386000000000308e+01,4.399225999999999415e-01,7.179926999999999534e+05
3.275500000000000000e+03,8.900856999999999175e+01,4.398418000000000605e-01,7.224017666666668374e+05
3.285500000000000000e+03,8.899699999999998568e+01,4.396247999999999823e-01,7.268244000000001397e+05
3.295500000000000000e+03,8.900772999999999513e+01,4.396082000000000045e-01,7.312605666666666511e+05
3.305500000000000000e+03,8.899371000000000720e+01,4.398814999999999809e-01,7.357101999999999534e+05
3.315500000000000000e+03,8.900485000000000468e+01,4.396911000000000014e-01,7.401733666666665813e+05
3.325500000000000000e+03,8.902116000000000895e+01,4.390585999999999656e-01,7.446499333333333489e+05
3.335500000000000000e+03,8.900685000000000002e+01,4.394063000000000274e-01,7.491399666666666744e+05
3.345500000000000000e+03,8.901028999999999769e+01,4.393376000000001058e-01,7.536435333333333256e+05
3.355500000000000000e+03,8.900242000000000075e+01,4.393775000000000874e-01,7.581605666666666511e+05
3.365500000000000000e+03,8.902700999999998999e+01,4.391101000000000587e-01,7.626910333333333256e+05
3.375500000000000000e+03,8.901055999999998392e+01,4.393243000000000009e-01,7.672348666666666977e+05
3.385500000000000000e+03,8.899671999999998206e+01,4.392753999999999825e-01,7.717925000000000000e+05
3.395500000000000000e+03,8.899672000000001049e+01,4.393877999999999950e-01,7.763633666666666977e+05
3.405500000000000000e+03,8.902386000000001332e+01,4.390157000000000087e-01,7.809477333333333954e+05
3.415500000000000000e+03,8.899956000000000245e+01,4.391610000000000236e-01,7.855459000000001397e+05
3.425500000000000000e+03,8.903443000000000040e+01,4.388118999999999770e-01,7.901576333333333023e+05
3.435500000000000000e+03,8.902429000000000769e+01,4.390473000000000292e-01,7.947829000000000233e+05
3.445500000000000000e+03,8.903014000000000294e+01,4.387535999999999659e-01,7.994216666666666279e+05
3.455500000000000000e+03,8.903000999999999010e+01,4.386420000000000319e-01,8.040738333333332557e+05
3.465500000000000000e+03,8.904414999999998770e+01,4.386651999999999774e-01,8.087395000000000000e+05
3.475500000000000000e+03,8.903856000000000392e+01,4.388137000000000287e-01,8.134187666666667210e+05
3.485500000000000000e+03,8.903355999999999426e+01,4.387441000000000813e-01,8.181113666666666977e+05
3.495500000000000000e+03,8.901485999999999876e+01,4.387024000000000479e-01,8.228177666666667210e+05
3.505500000000000000e+03,8.899957000000000562e+01,4.387694000000000871e-01,8.275375666666666511e+05
3.515500000000000000e+03,8.900142999999999915e+01,4.387206999999999080e-01,8.322709000000001397e+05
3.525500000000000000e+03,8.898986000000002150e+01,4.386375999999999609e-01,8.370176999999999534e+05
3.535500000000000000e+03,8.899386999999998693e+01,4.387458000000000746e-01,8.417777666666666046e+05
3.545500000000000000e+03,8.898584999999999923e+01,4.387261000000000633e-01,8.465516333333334187e+05
3.555500000000000000e+03,8.898170999999999253e+01,4.387085000000000012e-01,8.513388000000000466e+05
3.565500000000000000e+03,8.898585999999998819e+01,4.387664000000000009e-01,8.561394666666665580e+05
3.575500000000000000e+03,8.898569999999999425e+01,4.387605000000000532e-01,8.609539333333333489e+05
3.585500000000000000e+03,8.898313999999999169e+01,4.387946999999999820e-01,8.657822333333331626e+05
3.595500000000000000e+03,8.899243999999998778e+01,4.387132999999999727e-01,8.706241333333334187e+05
3.605500000000000000e+03,8.898714999999999975e+01,4.385211000000001080e-01,8.754795333333334420e+05
3.615500000000000000e+03,8.899257000000000062e+01,4.385706999999999800e-01,8.803485999999999767e+05
3.625500000000000000e+03,8.899043000000000347e+01,4.385987000000000080e-01,8.852308666666665813e+05
3.635500000000000000e+03,8.899854999999999450e+01,4.384936000000000389e-01,8.901266333333334187e+05
3.645500000000000000e+03,8.898399999999999466e+01,4.386021999999999421e-01,8.950359666666665580e+05
3.655500000000000000e+03,8.898098999999999137e+01,4.387141999999999986e-01,8.999589000000000233e+05
3.665500000000000000e+03,8.897884999999999422e+01,4.386045000000000083e-01,9.048950999999999767e+05
3.675500000000000000e+03,8.898500000000001364e+01,4.385500000000000509e-01,9.098450333333332092e+05
3.685500000000000000e+03,8.897812999999999306e+01,4.384832000000000174e-01,9.148082666666668374e+05
3.695500000000000000e+03,8.898585999999998819e+01,4.385001000000000038e-01,9.197850666666666511e+05
3.705500000000000000e+03,8.898256000000000654e+01,4.383758000000000377e-01,9.247755333333334420e+05
3.715500000000000000e+03,8.898055999999999699e+01,4.383362999999999010e-01,9.297794333333332324e+05
3.725500000000000000e+03,8.898927000000000476e+01,4.385185999999999806e-01,9.347966999999999534e+05
3.735500000000000000e+03,8.899372000000001037e+01,4.384438999999999420e-01,9.398275666666667676e+05
3.745500000000000000e+03,8.899427999999998917e+01,4.383825000000000638e-01,9.448718666666665813e+05
3.755500000000000000e+03,8.899970999999999322e+01,4.382238999999999995e-01,9.499297333333331626e+05
3.765500000000000000e+03,8.898656999999998618e+01,4.381097999999999937e-01,9.550008666666665813e+05
3.775500000000000000e+03,8.898913000000000295e+01,4.381603000000000026e-01,9.600856999999999534e+05
3.785500000000000000e+03,8.899572000000000571e+01,4.381857000000000113e-01,9.651840333333334420e+05
3.795500000000000000e+03,8.899871000000001686e+01,4.380642000000000702e-01,9.702958333333333721e+05
3.805500000000000000e+03,8.899599000000000615e+01,4.380962000000000467e-01,9.754209333333333489e+05
3.815500000000000000e+03,8.899656999999999130e+01,4.380033999999999317e-01,9.805594999999997672e+05
3.825500000000000000e+03,8.899843000000001325e+01,4.382014999999999105e-01,9.857116333333334187e+05
3.835500000000000000e+03,8.899657999999999447e+01,4.380817999999999657e-01,9.908771999999999534e+05
3.845500000000000000e+03,8.899013999999999669e+01,4.378262999999999461e-01,9.960561333333331859e+05
3.855500000000000000e+03,8.898285999999998808e+01,4.378553000000000028e-01,1.001248000000000000e+06
3.865500000000000000e+03,8.898828000000000316e+01,4.377036000000000260e-01,1.006454866666666814e+06
3.875500000000000000e+03,8.898828999999999212e+01,4.377508999999999983e-01,1.011674333333333372e+06
3.885500000000000000e+03,8.899914999999998599e+01,4.376461999999999852e-01,1.016906666666666744e+06
3.895500000000000000e+03,8.899985999999999819e+01,4.376643999999999535e-01,1.022153333333333372e+06
3.905500000000000000e+03,8.899484999999998536e+01,4.376287000000000371e-01,1.027413000000000000e+06
3.915500000000000000e+03,8.899858999999999298e+01,4.375917999999999752e-01,1.032686666666666628e+06
3.925500000000000000e+03,8.899186999999999159e+01,4.376216999999999469e-01,1.037973333333333256e+06
3.935500000000000000e+03,8.899184999999998524e+01,4.376012000000000235e-01,1.043274000000000000e+06
3.945500000000000000e+03,8.899084000000000572e+01,4.375462000000000518e-01,1.048588000000000000e+06
3.955500000000000000e+03,8.900942999999998051e+01,4.375283999999999840e-01,1.053915666666666744e+06
3.965500000000000000e+03,8.899728999999999246e+01,4.375997999999999832e-01,1.059256333333333489e+06
3.975500000000000000e+03,8.902272000000000673e+01,4.375064000000000175e-01,1.064610333333333256e+06
3.985500000000000000e+03,8.904657999999999163e+01,4.374787999999999455e-01,1.069978333333333256e+06
3.995500000000000000e+03,8.903427999999999543e+01,4.374430000000000263e-01,1.075359666666666511e+06
4.005500000000000000e+03,8.903542000000000201e+01,4.374755999999999645e-01,1.080754333333333256e+06
4.015500000000000000e+03,8.906014999999999304e+01,4.373498000000000663e-01,1.086164333333333489e+06
4.025500000000000000e+03,8.904142000000000223e+01,4.374263999999999930e-01,1.091585666666666744e+06
4.035500000000000000e+03,8.903072000000000230e+01,4.374329000000000134e-01,1.097022666666666744e+06
4.045500000000000000e+03,8.903542999999999097e+01,4.374177999999999678e-01,1.102472000000000000e+06
4.055500000000000000e+03,8.903427000000000646e+01,4.374603999999999715e-01,1.107935666666666511e+06
4.065500000000000000e+03,8.908656999999999471e+01,4.372578999999999771e-01,1.113412000000000000e+06
4.075500000000000000e+03,8.905600000000001160e+01,4.373201999999999923e-01,1.118901000000000000e+06
4.085500000000000000e+03,8.907874000000001047e+01,4.372892000000000445e-01,1.124404333333333489e+06
4.095500000000000000e+03,8.907715000000000316e+01,4.372343999999999120e-01,1.129921999999999767e+06
4.105500000000000000e+03,8.904499000000001274e+01,4.373748000000000080e-01,1.135452000000000233e+06
4.115500000000000000e+03,8.907030000000000314e+01,4.371937000000000184e-01,1.140996000000000000e+06
4.125500000000000000e+03,8.908599999999999852e+01,4.372048999999999519e-01,1.146554000000000000e+06
4.135500000000000000e+03,8.908471999999999014e+01,4.372125000000000594e-01,1.152124000000000000e+06
4.145500000000000000e+03,8.906542000000000314e+01,4.372747000000000162e-01,1.157708000000000000e+06
4.155500000000000000e+03,8.909556999999999505e+01,4.371344999999999814e-01,1.163306666666666511e+06
4.165500000000000000e+03,8.910157999999999845e+01,4.371619999999999950e-01,1.168917333333333256e+06
4.175500000000000000e+03,8.908400999999999215e+01,4.371866000000000918e-01,1.174540333333333489e+06
4.185500000000000000e+03,8.908186000000000604e+01,4.371875000000000067e-01,1.180179999999999767e+06
4.195500000000000000e+03,8.907254999999999256e+01,4.372574999999999656e-01,1.185831333333333489e+06
4.205500000000000000e+03,8.906543000000002053e+01,4.372776999999999914e-01,1.191496000000000000e+06
4.215500000000000000e+03,8.905629000000001838e+01,4.372932000000000485e-01,1.197175000000000000e+06
4.225500000000000000e+03,8.909826999999999941e+01,4.371352999999998934e-01,1.202866333333333489e+06
4.235500000000000000e+03,8.907685000000000741e+01,4.372264000000000150e-01,1.208571666666666744e+06
4.245500000000000000e+03,8.907927999999999713e+01,4.371990000000000043e-01,1.214290333333333256e+06
4.255500000000000000e+03,8.909671000000000163e+01,4.371198000000000583e-01,1.220023333333333489e+06
4.265500000000000000e+03,8.908171999999999002e+01,4.371687000000000767e-01,1.225769333333333489e+06
4.275500000000000000e+03,8.908330000000000837e+01,4.371260000000000145e-01,1.231528000000000000e+06
4.285500000000000000e+03,8.904757999999999640e+01,4.373196000000000305e-01,1.237302000000000233e+06
4.295500000000000000e+03,8.909543999999999642e+01,4.371859000000000717e-01,1.243087666666666744e+06
4.305500000000000000e+03,8.909914999999999452e+01,4.369914999999999772e-01,1.248887333333333489e+06
4.315500000000000000e+03,8.909655999999998244e+01,4.369690999999999437e-01,1.254700666666666511e+06
4.325500000000000000e+03,8.908512999999997817e+01,4.370298000000000238e-01,1.260527333333333489e+06
4.335500000000000000e+03,8.909257999999999811e+01,4.369251000000000107e-01,1.266368333333333489e+06
4.345500000000000000e+03,8.909828999999999155e+01,4.369437999999999933e-01,1.272221666666666744e+06
4.355500000000000000e+03,8.909471999999999525e+01,4.369773999999999603e-01,1.278089333333333489e+06
4.365500000000000000e+03,8.909241999999998995e+01,4.369948000000000166e-01,1.283969666666666511e+06
4.375500000000000000e+03,8.908543999999999130e+01,4.369804999999999384e-01,1.289864333333333489e+06
4.385500000000000000e+03,8.908214000000000965e+01,4.369690000000000518e-01,1.295772333333333489e+06
4.395500000000000000e+03,8.910028000000002635e+01,4.368212000000000761e-01,1.301693333333333489e+06
4.405500000000000000e+03,8.911256000000000199e+01,4.366868000000000416e-01,1.307628333333333489e+06
4.415500000000000000e+03,8.910742999999999370e+01,4.368634999999999602e-01,1.313576666666666511e+06
4.425500000000000000e+03,8.909927999999999315e+01,4.367253999999999858e-01,1.319537333333333489e+06
4.435500000000000000e+03,8.911043999999999699e+01,4.368537000000000114e-01,1.325513000000000000e+06
4.445500000000000000e+03,8.909614000000000544e+01,4.369414999999999827e-01,1.331502000000000000e+06
4.455500000000000000e+03,8.909513999999998646e+01,4.369023999999999686e-01,1.337503999999999767e+06
4.465500000000000000e+03,8.909286999999999068e+01,4.369307000000001162e-01,1.343519333333333489e+06
4.475500000000000000e+03,8.909641999999999484e+01,4.368482000000000198e-01,1.349549666666666511e+06
4.485500000000000000e+03,8.910384999999999422e+01,4.369420999999999999e-01,1.355590666666666511e+06
4.495500000000000000e+03,8.909542999999999324e+01,4.368849000000000204e-01,1.361645666666666744e+06
4.505500000000000000e+03,8.909842000000000439e+01,4.369894999999999752e-01,1.367715666666666744e+06
4.515500000000000000e+03,8.908442999999998335e+01,4.369671999999999445e-01,1.373798333333333256e+06
4.525500000000000000e+03,8.910682999999998799e+01,4.366913000000000045e-01,1.379894666666666744e+06
4.535500000000000000e+03,8.908829000000000065e+01,4.368207000000000062e-01,1.386004666666666511e+06
4.545500000000000000e+03,8.909498000000000673e+01,4.368777999999999828e-01,1.392127666666666511e+06
4.555500000000000000e+03,8.910015000000001351e+01,4.368512999999999979e-01,1.398264666666666511e+06
4.565500000000000000e+03,8.907916000000000167e+01,4.370265999999999873e-01,1.404414999999999767e+06
4.575500000000000000e+03,8.910357999999999379e+01,4.367765999999999593e-01,1.410579000000000233e+06
4.585500000000000000e+03,8.909399000000000513e+01,4.369474999999999332e-01,1.416756000000000000e+06
4.595500000000000000e+03,8.910143000000000768e+01,4.369231000000000087e-01,1.422946000000000000e+06
4.605500000000000000e+03,8.908601000000000170e+01,4.369433999999999818e-01,1.429150000000000000e+06
4.615500000000000000e+03,8.910000999999999749e+01,4.368858999999999382e-01,1.435368333333333256e+06
4.625500000000000000e+03,8.910299999999999443e+01,4.368864000000000081e-01,1.441599000000000000e+06
4.635500000000000000e+03,8.910398999999999603e+01,4.367866999999999722e-01,1.447844333333333489e+06
4.645500000000000000e+03,8.910942000000001428e+01,4.367107000000000072e-01,1.454103333333333256e+06
4.655500000000000000e+03,8.910398999999999603e+01,4.367232000000000336e-01,1.460373666666666744e+06
4.665500000000000000e+03,8.910742999999999370e+01,4.365952000000000166e-01,1.466659000000000000e+06
4.675500000000000000e+03,8.910285000000000366e+01,4.367288000000000281e-01,1.472956999999999767e+06
4.685500000000000000e+03,8.910913999999999646e+01,4.366100000000000536e-01,1.479269666666666744e+06
4.695500000000000000e+03,8.911056999999999562e+01,4.365580000000000571e-01,1.485595666666666511e+06
4.705500000000000000e+03,8.911069999999999425e+01,4.364235000000000753e-01,1.491934333333333489e+06
4.715500000000000000e+03,8.911071999999998638e+01,4.363849000000000200e-01,1.498286666666666511e+06
4.725500000000000000e+03,8.911042999999999381e+01,4.365269000000000510e-01,1.504652333333333489e+06
4.735500000000000000e+03,8.911325999999999681e+01,4.365417999999999799e-01,1.511032999999999767e+06
4.745500000000000000e+03,8.911100999999999317e+01,4.364839999999999831e-01,1.517425999999999767e+06
4.755500000000000000e+03,8.911171999999999116e+01,4.365132999999999930e-01,1.523831666666666511e+06
4.765500000000000000e+03,8.911042000000000485e+01,4.365117000000000580e-01,1.530251666666666744e+06
4.775500000000000000e+03,8.911413000000001716e+01,4.363381999999999539e-01,1.536685666666666511e+06
4.785500000000000000e+03,8.911256999999999096e+01,4.364309000000000660e-01,1.543132333333333489e+06
4.795500000000000000e+03,8.911157000000001460e+01,4.363984000000000196e-01,1.549593333333333256e+06
4.805500000000000000e+03,8.911415999999999826e+01,4.363922000000000634e-01,1.556065333333333489e+06
4.815500000000000000e+03,8.911199000000002002e+01,4.362940000000000151e-01,1.562553333333333256e+06
4.825500000000000000e+03,8.910900999999999783e+01,4.365043000000000117e-01,1.569054000000000233e+06
4.835500000000000000e+03,8.911198999999999160e+01,4.363596999999999615e-01,1.575568333333333489e+06
4.845500000000000000e+03,8.911199000000002002e+01,4.363961000000000645e-01,1.582096666666666744e+06
4.855500000000000000e+03,8.910786000000000229e+01,4.364836000000000271e-01,1.588637000000000233e+06
4.865500000000000000e+03,8.910943000000000325e+01,4.365497000000000405e-01,1.595191000000000000e+06
4.875500000000000000e+03,8.910829000000001088e+01,4.363946999999999687e-01,1.601759666666666744e+06
4.885500000000000000e+03,8.910801000000000727e+01,4.365166000000000324e-01,1.608341666666666511e+06
4.895500000000000000e+03,8.911001000000000261e+01,4.363824000000000036e-01,1.614936666666666511e+06
4.905500000000000000e+03,8.910672999999999888e+01,4.364693000000000600e-01,1.621545666666666511e+06
4.915500000000000000e+03,8.911129999999998574e+01,4.362125000000000030e-01,1.628167666666666511e+06
4.925500000000000000e+03,8.910742000000000473e+01,4.363132000000000121e-01,1.634803000000000000e+06
4.935500000000000000e+03,8.910828999999999667e+01,4.363819000000000448e-01,1.641452000000000000e+06
4.945500000000000000e+03,8.910900999999999783e+01,4.362879000000000618e-01,1.648114666666666511e+06
4.955500000000000000e+03,8.910699999999999932e+01,4.362758000000000469e-01,1.654791333333333256e+06
4.965500000000000000e+03,8.910787000000000546e+01,4.362376000000000031e-01,1.661480333333333256e+06
4.975500000000000000e+03,8.910900000000000887e+01,4.363064000000000386e-01,1.668183333333333489e+06
4.985500000000000000e+03,8.910729000000000610e+01,4.362610000000000099e-01,1.674899666666666511e+06
4.995500000000000000e+03,8.911186000000000718e+01,4.362225999999999604e-01,1.681629000000000000e+06
