5.500000000000000000e+00,6.186172000000000537e+01,1.120232000000000028e+02,6.283502633333333254e-01
1.550000000000000000e+01,6.519514999999999816e+01,1.365475000000000172e+01,3.539818333333332845e+00
2.550000000000000000e+01,6.787971999999999184e+01,8.446509000000000711e+00,8.921250000000000568e+00
3.550000000000000000e+01,6.901685000000000514e+01,6.139681000000000388e+00,1.675749333333333624e+01
4.550000000000000000e+01,7.237642000000001019e+01,3.802923999999999971e+00,2.704050333333333356e+01
5.550000000000000000e+01,7.337872000000001549e+01,3.208492000000000566e+00,3.977325333333333646e+01
6.550000000000000000e+01,7.238087000000000160e+01,2.597242999999999746e+00,5.511960666666666242e+01
7.550000000000000000e+01,7.494900000000001228e+01,2.428942999999999852e+00,7.310666333333333000e+01
8.550000000000000000e+01,7.532428999999999064e+01,2.315157999999999383e+00,9.363923333333333687e+01
9.550000000000000000e+01,7.664229000000000269e+01,2.083988999999999869e+00,1.166841333333333353e+02
1.055000000000000000e+02,7.701228000000000407e+01,1.968395999999999813e+00,1.421914666666666847e+02
1.155000000000000000e+02,7.861643000000000825e+01,1.821883000000000363e+00,1.701492333333333420e+02
1.255000000000000000e+02,7.900784999999999059e+01,1.966163999999999801e+00,2.005713666666666768e+02
1.355000000000000000e+02,7.990001000000000886e+01,1.809433000000000291e+00,2.335055000000000405e+02
1.455000000000000000e+02,8.037627999999999417e+01,1.640246000000000093e+00,2.689653000000000134e+02
1.555000000000000000e+02,8.054428000000000054e+01,1.639126999999999779e+00,3.069617333333333136e+02
1.655000000000000000e+02,8.036929999999998131e+01,1.413948999999999900e+00,3.475857666666666432e+02
1.755000000000000000e+02,8.142357000000001221e+01,1.510476000000000152e+00,3.908028000000000475e+02
1.855000000000000000e+02,8.089984999999998649e+01,1.500124000000000013e+00,4.365544333333333498e+02
1.955000000000000000e+02,8.075843999999999312e+01,1.417011000000000021e+00,4.848233000000000175e+02
2.055000000000000000e+02,8.091400000000000148e+01,1.351226000000000038e+00,5.356189666666665516e+02
2.155000000000000000e+02,8.095757999999999299e+01,1.316999999999999726e+00,5.889062999999999874e+02
2.255000000000000000e+02,8.206655999999999551e+01,1.282154999999999934e+00,6.446451333333333196e+02
2.355000000000000000e+02,8.129086999999999819e+01,1.214900000000000091e+00,7.028268333333334112e+02
2.455000000000000000e+02,8.156928000000000623e+01,1.226013000000000019e+00,7.634767666666666628e+02
2.555000000000000000e+02,8.204558000000000106e+01,1.176327000000000123e+00,8.266408333333332621e+02
2.655000000000000000e+02,8.234386000000000649e+01,1.187382000000000160e+00,8.923318666666666559e+02
2.755000000000000000e+02,8.322869999999998925e+01,1.052439300000000078e+00,9.605480333333332510e+02
2.855000000000000000e+02,8.324329000000000178e+01,1.100330999999999948e+00,1.031289299999999912e+03
2.955000000000000000e+02,8.321571999999999036e+01,1.112539999999999862e+00,1.104566000000000031e+03
3.055000000000000000e+02,8.380370999999999526e+01,1.125167599999999934e+00,1.180380666666666684e+03
3.155000000000000000e+02,8.368313999999999453e+01,1.029146899999999976e+00,1.258792333333333318e+03
3.255000000000000000e+02,8.362298999999998728e+01,9.942697000000000340e-01,1.339778999999999996e+03
3.355000000000000000e+02,8.360372999999999877e+01,9.938680999999999210e-01,1.423304000000000087e+03
3.455000000000000000e+02,8.320000000000000284e+01,9.481974000000000791e-01,1.509359333333333325e+03
3.555000000000000000e+02,8.356157000000000323e+01,9.473599999999999799e-01,1.598006333333333259e+03
3.655000000000000000e+02,8.395671000000000106e+01,9.303882999999999459e-01,1.689253333333333330e+03
3.755000000000000000e+02,8.375099000000000160e+01,9.546044999999999670e-01,1.783036999999999807e+03
3.855000000000000000e+02,8.354741999999998825e+01,9.378405999999998022e-01,1.879356999999999971e+03
3.955000000000000000e+02,8.367127999999999588e+01,8.966551999999999856e-01,1.978213999999999942e+03
4.055000000000000000e+02,8.357072000000000855e+01,9.379912000000001360e-01,2.079608666666666522e+03
4.155000000000000000e+02,8.394199999999999307e+01,9.480304000000000508e-01,2.183553666666666686e+03
4.255000000000000000e+02,8.403457000000000221e+01,9.253561000000001258e-01,2.290043333333333067e+03
4.355000000000000000e+02,8.405686000000000035e+01,9.024213999999999292e-01,2.399078333333333376e+03
4.455000000000000000e+02,8.415312000000000126e+01,8.954595000000000748e-01,2.510659999999999854e+03
4.555000000000000000e+02,8.458213999999998123e+01,9.013474000000000208e-01,2.624772333333333336e+03
4.655000000000000000e+02,8.469113000000000113e+01,8.647554000000001739e-01,2.741369999999999891e+03
4.755000000000000000e+02,8.474000999999999806e+01,8.544507000000001185e-01,2.860443666666666559e+03
4.855000000000000000e+02,8.473743999999999232e+01,8.744305000000001105e-01,2.982015333333333274e+03
4.955000000000000000e+02,8.495971000000000117e+01,8.413330999999999449e-01,3.106135333333333620e+03
5.055000000000000000e+02,8.516828000000000998e+01,8.275738000000000261e-01,3.232807999999999993e+03
5.155000000000000000e+02,8.520114000000000942e+01,8.022194000000000269e-01,3.362025333333333492e+03
5.255000000000000000e+02,8.537086000000000752e+01,7.986405000000000864e-01,3.493797666666666828e+03
5.355000000000000000e+02,8.555643999999999494e+01,7.976459000000000188e-01,3.628131333333333259e+03
5.455000000000000000e+02,8.549299999999998079e+01,7.777842000000000366e-01,3.765016999999999825e+03
5.555000000000000000e+02,8.552727000000000146e+01,7.756057000000000645e-01,3.904529666666666799e+03
5.655000000000000000e+02,8.549028000000001271e+01,7.704079999999999817e-01,4.046661000000000058e+03
5.755000000000000000e+02,8.589702000000001192e+01,7.512073000000001333e-01,4.191364666666667290e+03
5.855000000000000000e+02,8.604728000000001487e+01,7.644430999999999310e-01,4.338633666666666613e+03
5.955000000000000000e+02,8.604314000000000817e+01,7.781798999999999245e-01,4.488467666666666446e+03
6.055000000000000000e+02,8.622171000000000163e+01,7.453967999999999705e-01,4.640855000000000473e+03
6.155000000000000000e+02,8.628799999999998249e+01,7.786693999999999560e-01,4.795805999999999585e+03
6.255000000000000000e+02,8.630898999999999432e+01,7.410202000000000178e-01,4.953323333333332812e+03
6.355000000000000000e+02,8.642798000000000513e+01,7.060188999999998938e-01,5.113395999999998821e+03
6.455000000000000000e+02,8.648113999999998214e+01,7.316683000000000492e-01,5.276031999999999243e+03
6.555000000000000000e+02,8.669843000000000188e+01,7.210363999999999107e-01,5.441238999999999578e+03
6.655000000000000000e+02,8.671799999999998931e+01,7.175865000000001270e-01,5.609041999999999462e+03
6.755000000000000000e+02,8.646941999999999950e+01,7.366268000000000260e-01,5.779462666666667246e+03
6.855000000000000000e+02,8.667659000000000447e+01,7.222616000000000591e-01,5.952460333333333438e+03
6.955000000000000000e+02,8.688371999999999673e+01,7.336462999999999735e-01,6.128019000000000233e+03
7.055000000000000000e+02,8.692570000000000618e+01,7.183935999999999655e-01,6.306151666666666642e+03
7.155000000000000000e+02,8.696986999999998602e+01,7.338340000000000973e-01,6.486858333333332666e+03
7.255000000000000000e+02,8.707971999999999468e+01,7.372634000000000132e-01,6.670129666666665798e+03
7.355000000000000000e+02,8.721900000000000830e+01,7.503830000000000222e-01,6.855979666666667981e+03
7.455000000000000000e+02,8.689798999999999296e+01,7.182397999999999838e-01,7.044414333333334071e+03
7.555000000000000000e+02,8.690343000000000018e+01,7.150060000000000304e-01,7.235416666666666060e+03
7.655000000000000000e+02,8.710155999999997789e+01,7.131620000000000736e-01,7.428997333333334609e+03
7.755000000000000000e+02,8.715113999999999805e+01,7.171387000000000178e-01,7.625157666666667865e+03
7.855000000000000000e+02,8.729970000000000141e+01,7.158578999999999359e-01,7.823889333333334434e+03
7.955000000000000000e+02,8.725502000000000180e+01,7.206574999999999509e-01,8.025207000000000335e+03
8.055000000000000000e+02,8.719657000000000835e+01,7.077590999999999744e-01,8.229113000000001193e+03
8.155000000000000000e+02,8.713899999999998158e+01,7.088420999999999195e-01,8.435590666666666948e+03
8.255000000000000000e+02,8.710013999999999612e+01,7.016251000000000015e-01,8.644651999999998225e+03
8.355000000000000000e+02,8.718558000000001584e+01,7.020973999999999826e-01,8.856299999999999272e+03
8.455000000000000000e+02,8.719599999999999795e+01,7.103753999999999902e-01,9.070520333333333838e+03
8.555000000000000000e+02,8.739413000000001830e+01,6.961524999999999519e-01,9.287324333333333925e+03
8.655000000000000000e+02,8.750057999999999936e+01,6.860961999999999339e-01,9.506713999999999942e+03
8.755000000000000000e+02,8.770727999999999724e+01,6.821078000000000419e-01,9.728677666666666482e+03
8.855000000000000000e+02,8.757471999999999923e+01,6.868594999999999562e-01,9.953229666666666162e+03
8.955000000000000000e+02,8.766787000000002195e+01,6.702095999999999609e-01,1.018036999999999898e+04
9.055000000000000000e+02,8.779300999999998112e+01,6.853599999999999692e-01,1.041009000000000015e+04
9.155000000000000000e+02,8.783916000000000679e+01,6.802878000000001091e-01,1.064239666666666744e+04
9.255000000000000000e+02,8.785573000000000832e+01,6.767885000000000151e-01,1.087730333333333328e+04
9.355000000000000000e+02,8.783342999999999279e+01,6.721953000000000511e-01,1.111475666666666621e+04
9.455000000000000000e+02,8.788113999999998782e+01,6.675489999999999480e-01,1.135475000000000000e+04
9.555000000000000000e+02,8.781315000000000737e+01,6.560180999999999374e-01,1.159725000000000364e+04
9.655000000000000000e+02,8.793614999999999782e+01,6.657406999999999631e-01,1.184229666666666708e+04
9.755000000000000000e+02,8.796342999999998824e+01,6.518466000000000538e-01,1.208990999999999804e+04
9.855000000000000000e+02,8.793729000000000440e+01,6.535414999999999974e-01,1.234007333333333190e+04
9.955000000000000000e+02,8.785558000000000334e+01,6.544227000000000238e-01,1.259280333333333328e+04
1.005500000000000000e+03,8.798727999999998417e+01,6.556621000000000254e-01,1.284808666666666613e+04
1.015500000000000000e+03,8.795228000000000179e+01,6.562491000000000296e-01,1.310591333333333387e+04
1.025500000000000000e+03,8.798242999999999370e+01,6.582011999999999308e-01,1.336628999999999905e+04
1.035500000000000000e+03,8.802942999999999074e+01,6.553297000000000150e-01,1.362923666666666759e+04
1.045500000000000000e+03,8.805227999999999611e+01,6.579524999999999402e-01,1.389474666666666781e+04
1.055500000000000000e+03,8.806884999999999764e+01,6.538190000000000390e-01,1.416279666666666708e+04
1.065500000000000000e+03,8.805557000000000301e+01,6.507977999999999819e-01,1.443342000000000189e+04
1.075500000000000000e+03,8.808585999999999672e+01,6.547652000000000472e-01,1.470660333333333256e+04
1.085500000000000000e+03,8.807057999999999254e+01,6.482533999999999796e-01,1.498237333333333299e+04
1.095500000000000000e+03,8.810841999999999530e+01,6.541584000000000287e-01,1.526066999999999825e+04
1.105500000000000000e+03,8.812443999999999278e+01,6.527619000000000060e-01,1.554152666666666664e+04
1.115500000000000000e+03,8.810015999999998826e+01,6.523073999999999817e-01,1.582497666666666555e+04
1.125500000000000000e+03,8.811728999999999701e+01,6.481847000000000580e-01,1.611101000000000022e+04
1.135500000000000000e+03,8.815627000000000635e+01,6.479516000000000719e-01,1.639965999999999622e+04
1.145500000000000000e+03,8.817227999999998644e+01,6.456557000000000546e-01,1.669086666666666497e+04
1.155500000000000000e+03,8.820200999999998714e+01,6.465859999999998831e-01,1.698465000000000146e+04
1.165500000000000000e+03,8.818586000000000524e+01,6.404425999999999730e-01,1.728101666666666642e+04
1.175500000000000000e+03,8.817929999999998358e+01,6.420512000000000441e-01,1.757993666666666832e+04
1.185500000000000000e+03,8.820028999999999542e+01,6.422636999999999929e-01,1.788142000000000189e+04
1.195500000000000000e+03,8.817071999999998866e+01,6.384339999999999460e-01,1.818546666666666715e+04
1.205500000000000000e+03,8.822700000000000387e+01,6.371544000000000096e-01,1.849208666666666977e+04
1.215500000000000000e+03,8.824457999999999913e+01,6.407555999999999807e-01,1.880125333333333401e+04
1.225500000000000000e+03,8.828999000000000308e+01,6.335996000000000405e-01,1.911300333333333401e+04
1.235500000000000000e+03,8.827984000000000719e+01,6.400670999999999999e-01,1.942731999999999971e+04
1.245500000000000000e+03,8.831185000000000684e+01,6.366159000000000123e-01,1.974422000000000116e+04
1.255500000000000000e+03,8.830898999999999432e+01,6.402103000000000099e-01,2.006377000000000044e+04
1.265500000000000000e+03,8.835769999999999413e+01,6.352436999999999667e-01,2.038593999999999869e+04
1.275500000000000000e+03,8.836085999999998819e+01,6.371585000000000720e-01,2.071072333333333518e+04
1.285500000000000000e+03,8.837757000000001995e+01,6.397043000000000035e-01,2.103811666666666497e+04
1.295500000000000000e+03,8.838456000000000756e+01,6.338812000000000335e-01,2.136808333333333212e+04
1.305500000000000000e+03,8.841299000000000774e+01,6.343999000000001276e-01,2.170063333333333139e+04
1.315500000000000000e+03,8.836956999999999596e+01,6.304421000000000053e-01,2.203580000000000291e+04
1.325500000000000000e+03,8.840700000000001069e+01,6.263305000000000122e-01,2.237354333333333489e+04
1.335500000000000000e+03,8.840628999999999849e+01,6.248530999999999391e-01,2.271383666666666977e+04
1.345500000000000000e+03,8.840401000000001375e+01,6.176519999999999788e-01,2.305671666666666715e+04
1.355500000000000000e+03,8.841527999999999565e+01,6.194566000000000239e-01,2.340215999999999985e+04
1.365500000000000000e+03,8.847200000000000841e+01,6.151309999999999834e-01,2.375018000000000029e+04
1.375500000000000000e+03,8.842715000000001169e+01,6.143533999999999384e-01,2.410076333333333241e+04
1.385500000000000000e+03,8.845714000000000965e+01,6.139029999999998655e-01,2.445393666666666832e+04
1.395500000000000000e+03,8.847428000000000736e+01,6.109531999999999741e-01,2.480967000000000189e+04
1.405500000000000000e+03,8.852899999999999636e+01,6.076750000000000762e-01,2.516799666666666599e+04
1.415500000000000000e+03,8.850271999999998229e+01,6.058343000000000478e-01,2.552889666666666744e+04
1.425500000000000000e+03,8.853113999999999351e+01,6.034256999999999538e-01,2.589236333333333459e+04
1.435500000000000000e+03,8.845785000000000764e+01,6.038315000000000765e-01,2.625840000000000146e+04
1.445500000000000000e+03,8.849627999999999872e+01,6.019025000000000070e-01,2.662701666666666279e+04
1.455500000000000000e+03,8.851344000000000278e+01,6.015650000000000164e-01,2.699822999999999956e+04
1.465500000000000000e+03,8.854186999999998875e+01,6.016538000000000164e-01,2.737200000000000000e+04
1.475500000000000000e+03,8.850242000000000075e+01,6.013835000000000708e-01,2.774835333333333256e+04
1.485500000000000000e+03,8.847284999999999400e+01,6.047787999999999498e-01,2.812731999999999971e+04
1.495500000000000000e+03,8.848801000000000272e+01,6.019054999999999822e-01,2.850888999999999578e+04
1.505500000000000000e+03,8.847371000000001118e+01,6.058763000000000343e-01,2.889304000000000087e+04
1.515500000000000000e+03,8.850471000000000288e+01,6.040141999999999456e-01,2.927977000000000044e+04
1.525500000000000000e+03,8.849457000000001017e+01,6.097523999999999722e-01,2.966906999999999971e+04
1.535500000000000000e+03,8.850571999999998241e+01,6.050755000000000994e-01,3.006096999999999389e+04
1.545500000000000000e+03,8.854887999999999693e+01,6.166297999999998947e-01,3.045542666666666628e+04
1.555500000000000000e+03,8.850441999999999609e+01,6.107224999999999460e-01,3.085247999999999956e+04
1.565500000000000000e+03,8.851572000000000173e+01,6.142784000000000022e-01,3.125210666666667021e+04
1.575500000000000000e+03,8.852414000000000271e+01,6.131078000000000916e-01,3.165430666666666366e+04
1.585500000000000000e+03,8.853085999999998990e+01,6.090771000000001489e-01,3.205908666666666977e+04
1.595500000000000000e+03,8.853543000000000518e+01,6.061341999999999564e-01,3.246643333333333794e+04
1.605500000000000000e+03,8.856073000000000661e+01,6.034937000000000218e-01,3.287637000000000262e+04
1.615500000000000000e+03,8.854327999999999577e+01,6.036957000000000573e-01,3.328889666666666017e+04
1.625500000000000000e+03,8.854843000000001041e+01,6.024081999999999493e-01,3.370400999999999476e+04
1.635500000000000000e+03,8.854672000000000764e+01,5.995076000000000294e-01,3.412172000000000844e+04
1.645500000000000000e+03,8.854197999999999524e+01,5.950594000000000161e-01,3.454201666666667734e+04
1.655500000000000000e+03,8.854586999999999364e+01,5.913443000000000449e-01,3.496488333333333867e+04
1.665500000000000000e+03,8.856658000000000186e+01,5.922093999999999969e-01,3.539033000000000175e+04
1.675500000000000000e+03,8.853528000000000020e+01,5.917953999999999715e-01,3.581836999999999534e+04
1.685500000000000000e+03,8.855343000000000586e+01,5.924729999999999164e-01,3.624898333333333721e+04
1.695500000000000000e+03,8.856642999999999688e+01,5.931147999999999421e-01,3.668217333333332499e+04
1.705500000000000000e+03,8.857129000000000474e+01,5.921946000000000154e-01,3.711795333333333110e+04
1.715500000000000000e+03,8.856798999999999467e+01,5.926720000000000876e-01,3.755630999999999767e+04
1.725500000000000000e+03,8.857728999999999075e+01,5.900336999999999943e-01,3.799726666666667006e+04
1.735500000000000000e+03,8.858755999999999631e+01,5.886057000000000095e-01,3.844080999999999767e+04
1.745500000000000000e+03,8.859915000000000873e+01,5.896006999999998666e-01,3.888695333333333110e+04
1.755500000000000000e+03,8.860200000000000387e+01,5.870060999999998641e-01,3.933568666666666104e+04
1.765500000000000000e+03,8.859599000000000046e+01,5.828632999999998621e-01,3.978700333333333401e+04
1.775500000000000000e+03,8.864728000000000918e+01,5.813327999999999829e-01,4.024095333333332383e+04
1.785500000000000000e+03,8.866272999999999627e+01,5.813727999999999119e-01,4.069753999999999360e+04
1.795500000000000000e+03,8.867600000000000193e+01,5.741862999999998163e-01,4.115673999999999796e+04
1.805500000000000000e+03,8.869942999999999245e+01,5.803981000000000279e-01,4.161854999999999563e+04
1.815500000000000000e+03,8.875356999999999630e+01,5.776185999999998710e-01,4.208294666666667035e+04
1.825500000000000000e+03,8.872672000000000025e+01,5.756172999999999984e-01,4.254994000000000233e+04
1.835500000000000000e+03,8.873929000000001110e+01,5.759373999999999327e-01,4.301955666666666366e+04
1.845500000000000000e+03,8.876599000000000217e+01,5.727737999999999996e-01,4.349175333333333401e+04
1.855500000000000000e+03,8.876698999999999273e+01,5.723411999999999944e-01,4.396656000000000495e+04
1.865500000000000000e+03,8.877457999999998606e+01,5.774367999999999723e-01,4.444394333333333634e+04
1.875500000000000000e+03,8.878187999999998681e+01,5.743555000000000188e-01,4.492393666666666832e+04
1.885500000000000000e+03,8.880100999999999090e+01,5.772576999999999847e-01,4.540652333333333809e+04
1.895500000000000000e+03,8.880128999999999451e+01,5.772591999999999723e-01,4.589168000000000757e+04
1.905500000000000000e+03,8.881057000000001267e+01,5.742291999999999952e-01,4.637937999999999010e+04
1.915500000000000000e+03,8.879427000000001158e+01,5.785354000000000330e-01,4.686959000000001106e+04
1.925500000000000000e+03,8.879272000000000276e+01,5.774524999999999242e-01,4.736236666666666133e+04
1.935500000000000000e+03,8.877885999999999456e+01,5.770655000000000090e-01,4.785773333333333721e+04
1.945500000000000000e+03,8.879198999999999842e+01,5.759668000000000010e-01,4.835570333333333110e+04
1.955500000000000000e+03,8.881255999999999062e+01,5.788761000000000045e-01,4.885628999999999360e+04
1.965500000000000000e+03,8.880714000000000397e+01,5.744060999999999195e-01,4.935946999999999389e+04
1.975500000000000000e+03,8.882357999999999265e+01,5.764759000000000411e-01,4.986528000000000611e+04
1.985500000000000000e+03,8.882301000000001068e+01,5.784593000000000096e-01,5.037366333333333750e+04
1.995500000000000000e+03,8.881958000000000197e+01,5.707482000000000388e-01,5.088463666666667268e+04
2.005500000000000000e+03,8.881658000000000186e+01,5.782384999999999886e-01,5.139820666666666511e+04
2.015500000000000000e+03,8.883442999999999756e+01,5.740075999999999512e-01,5.191435666666665929e+04
2.025500000000000000e+03,8.885398999999998182e+01,5.765571000000000446e-01,5.243309000000000378e+04
2.035500000000000000e+03,8.884270999999999674e+01,5.728168000000000148e-01,5.295441999999999825e+04
2.045500000000000000e+03,8.885900999999999783e+01,5.674851999999999119e-01,5.347830999999999767e+04
2.055500000000000000e+03,8.887215000000000487e+01,5.640772999999998927e-01,5.400482999999999447e+04
2.065500000000000000e+03,8.887671000000000276e+01,5.657843000000000178e-01,5.453391000000001077e+04
2.075500000000000000e+03,8.886127999999999361e+01,5.592569999999998931e-01,5.506559000000000378e+04
2.085500000000000000e+03,8.887787000000000148e+01,5.600954999999999684e-01,5.559987333333333663e+04
2.095500000000000000e+03,8.889257000000000630e+01,5.591114999999999835e-01,5.613674333333333198e+04
2.105500000000000000e+03,8.888943000000001859e+01,5.540550000000000752e-01,5.667623333333332266e+04
2.115500000000000000e+03,8.888387000000000171e+01,5.514317999999999165e-01,5.721830999999999767e+04
2.125500000000000000e+03,8.890086000000000865e+01,5.550036999999999887e-01,5.776299666666666599e+04
2.135500000000000000e+03,8.891143999999999892e+01,5.560441000000000411e-01,5.831026333333332877e+04
2.145500000000000000e+03,8.889742999999999995e+01,5.621079999999999410e-01,5.886012666666667064e+04
2.155500000000000000e+03,8.890085999999999444e+01,5.655479999999999396e-01,5.941259000000000378e+04
2.165500000000000000e+03,8.891172000000000253e+01,5.677250000000000352e-01,5.996765000000000146e+04
2.175500000000000000e+03,8.890828999999999382e+01,5.647039000000000364e-01,6.052530000000000291e+04
2.185500000000000000e+03,8.890529000000000792e+01,5.642802000000000096e-01,6.108554000000000087e+04
2.195500000000000000e+03,8.890356999999998777e+01,5.632958999999999605e-01,6.164836999999999534e+04
2.205500000000000000e+03,8.891299000000000774e+01,5.643515999999999533e-01,6.221377333333333081e+04
2.215500000000000000e+03,8.892185999999999524e+01,5.596100999999999992e-01,6.278179333333332033e+04
2.225500000000000000e+03,8.891671999999999798e+01,5.614283999999999386e-01,6.335240666666666220e+04
2.235500000000000000e+03,8.891114999999999213e+01,5.609297999999999229e-01,6.392560333333334711e+04
2.245500000000000000e+03,8.892742999999998688e+01,5.611350000000000504e-01,6.450140333333334274e+04
2.255500000000000000e+03,8.892770999999999049e+01,5.591721000000000608e-01,6.507979333333333489e+04
2.265500000000000000e+03,8.893113999999999919e+01,5.640747999999999873e-01,6.566078333333334012e+04
2.275500000000000000e+03,8.892127999999999588e+01,5.601000999999999896e-01,6.624436999999999534e+04
2.285500000000000000e+03,8.893999999999999773e+01,5.641895000000000104e-01,6.683057333333333372e+04
2.295500000000000000e+03,8.894885999999999626e+01,5.630109999999999282e-01,6.741937999999999010e+04
2.305500000000000000e+03,8.894527999999999679e+01,5.599415000000000919e-01,6.801078333333334012e+04
2.315500000000000000e+03,8.894613999999998555e+01,5.632527000000000506e-01,6.860477333333333081e+04
2.325500000000000000e+03,8.895242000000000360e+01,5.615176999999998975e-01,6.920137999999999010e+04
2.335500000000000000e+03,8.894986000000000104e+01,5.607366999999999768e-01,6.980056666666668025e+04
2.345500000000000000e+03,8.896299999999999386e+01,5.617617000000000305e-01,7.040236666666666861e+04
2.355500000000000000e+03,8.895284999999998377e+01,5.578238999999999281e-01,7.100675333333332674e+04
2.365500000000000000e+03,8.895427999999999713e+01,5.584706000000000392e-01,7.161375000000000000e+04
2.375500000000000000e+03,8.897086000000000183e+01,5.572426000000001434e-01,7.222332666666666046e+04
2.385500000000000000e+03,8.895628000000000668e+01,5.580162999999999096e-01,7.283552666666665755e+04
2.395500000000000000e+03,8.895984999999998877e+01,5.567680999999999880e-01,7.345031333333332441e+04
2.405500000000000000e+03,8.896329000000000065e+01,5.564246999999999943e-01,7.406769000000001688e+04
2.415500000000000000e+03,8.896657999999999333e+01,5.552791999999999728e-01,7.468766666666667152e+04
2.425500000000000000e+03,8.895743000000001643e+01,5.546925000000000328e-01,7.531025333333332674e+04
2.435500000000000000e+03,8.896055999999998676e+01,5.559093999999999980e-01,7.593548333333333721e+04
2.445500000000000000e+03,8.896471999999999980e+01,5.524758000000000724e-01,7.656332333333333372e+04
2.455500000000000000e+03,8.896083999999999037e+01,5.541246999999999145e-01,7.719378666666666686e+04
2.465500000000000000e+03,8.896300999999999704e+01,5.538641999999999177e-01,7.782683666666666977e+04
2.475500000000000000e+03,8.896286000000000627e+01,5.533866999999998981e-01,7.846249000000000524e+04
2.485500000000000000e+03,8.896012999999999238e+01,5.522792000000000812e-01,7.910073666666666395e+04
2.495500000000000000e+03,8.895644000000000062e+01,5.506531000000001175e-01,7.974157333333333372e+04
2.505500000000000000e+03,8.895458000000000709e+01,5.472433999999999354e-01,8.038502666666665755e+04
2.515500000000000000e+03,8.896285999999999206e+01,5.487190000000000678e-01,8.103107999999998719e+04
2.525500000000000000e+03,8.895985999999999194e+01,5.519068999999999781e-01,8.167971000000000640e+04
2.535500000000000000e+03,8.896200999999999226e+01,5.517156999999999201e-01,8.233094999999999709e+04
2.545500000000000000e+03,8.895801000000001579e+01,5.522013000000000060e-01,8.298480000000000291e+04
2.555500000000000000e+03,8.894697999999999638e+01,5.549697000000000102e-01,8.364121333333334769e+04
2.565500000000000000e+03,8.895442999999998790e+01,5.526872000000000451e-01,8.430025666666666802e+04
2.575500000000000000e+03,8.894487000000000876e+01,5.505207000000000850e-01,8.496188000000001921e+04
2.585500000000000000e+03,8.893457000000000789e+01,5.495873999999999482e-01,8.562610333333331801e+04
2.595500000000000000e+03,8.894028000000000134e+01,5.493753999999999582e-01,8.629294000000001688e+04
2.605500000000000000e+03,8.893769999999999243e+01,5.503135999999999584e-01,8.696239666666665289e+04
2.615500000000000000e+03,8.892828999999998985e+01,5.495208999999999788e-01,8.763442999999997846e+04
2.625500000000000000e+03,8.894613000000001080e+01,5.481450999999999407e-01,8.830911333333334187e+04
2.635500000000000000e+03,8.894585000000000719e+01,5.477009999999999934e-01,8.898638666666667268e+04
2.645500000000000000e+03,8.893757999999999697e+01,5.473597000000000046e-01,8.966625666666666802e+04
2.655500000000000000e+03,8.894514000000000919e+01,5.474738999999999578e-01,9.034873333333332266e+04
2.665500000000000000e+03,8.894744000000000028e+01,5.473238000000000270e-01,9.103382333333333372e+04
2.675500000000000000e+03,8.894713999999999032e+01,5.480145000000000710e-01,9.172149999999998545e+04
2.685500000000000000e+03,8.893199000000001320e+01,5.465261000000000147e-01,9.241177999999999884e+04
2.695500000000000000e+03,8.893428000000000111e+01,5.458135000000000625e-01,9.310466999999999825e+04
2.705500000000000000e+03,8.894915000000000305e+01,5.454073000000001503e-01,9.380015666666666220e+04
2.715500000000000000e+03,8.895069999999999766e+01,5.445108999999999089e-01,9.449825999999998021e+04
2.725500000000000000e+03,8.895342999999999734e+01,5.441869999999999763e-01,9.519894333333332906e+04
2.735500000000000000e+03,8.895984999999998877e+01,5.441399999999999570e-01,9.590222000000000116e+04
2.745500000000000000e+03,8.896097999999999217e+01,5.435139999999999416e-01,9.660811999999999534e+04
2.755500000000000000e+03,8.896597999999998763e+01,5.429121999999999559e-01,9.731661999999998079e+04
2.765500000000000000e+03,8.896029000000000053e+01,5.422578999999999594e-01,9.802771333333333314e+04
2.775500000000000000e+03,8.895900000000001739e+01,5.413537999999999961e-01,9.874144333333332906e+04
2.785500000000000000e+03,8.895856999999999459e+01,5.412760000000000904e-01,9.945777666666667210e+04
2.795500000000000000e+03,8.893930000000000291e+01,5.413953999999999711e-01,1.001766699999999983e+05
2.805500000000000000e+03,8.894586000000001036e+01,5.398871000000000642e-01,1.008981000000000058e+05
2.815500000000000000e+03,8.892985999999999081e+01,5.392951000000000272e-01,1.016223333333333285e+05
2.825500000000000000e+03,8.893130000000000734e+01,5.395778000000001073e-01,1.023491000000000058e+05
2.835500000000000000e+03,8.894129999999998404e+01,5.387237000000000275e-01,1.030785666666666802e+05
2.845500000000000000e+03,8.895371000000000095e+01,5.379745999999999695e-01,1.038104666666666744e+05
2.855500000000000000e+03,8.894272999999999740e+01,5.380805000000000726e-01,1.045449333333333343e+05
2.865500000000000000e+03,8.894341999999998905e+01,5.374050999999999689e-01,1.052822333333333227e+05
2.875500000000000000e+03,8.893956000000000017e+01,5.379150000000001430e-01,1.060219666666666744e+05
2.885500000000000000e+03,8.892985000000000184e+01,5.378439999999999888e-01,1.067642666666666482e+05
2.895500000000000000e+03,8.894485000000000241e+01,5.368072000000000399e-01,1.075093666666666686e+05
2.905500000000000000e+03,8.893701000000000079e+01,5.361593000000001163e-01,1.082568666666666541e+05
2.915500000000000000e+03,8.895486999999999966e+01,5.354300999999999089e-01,1.090071999999999971e+05
2.925500000000000000e+03,8.894500000000002160e+01,5.356061000000000849e-01,1.097600666666666802e+05
2.935500000000000000e+03,8.892672000000000310e+01,5.357855000000000256e-01,1.105154666666666744e+05
2.945500000000000000e+03,8.895185999999999638e+01,5.339921999999999169e-01,1.112736333333333314e+05
2.955500000000000000e+03,8.894013999999999953e+01,5.343007999999999091e-01,1.120341333333333459e+05
2.965500000000000000e+03,8.896071999999999491e+01,5.341051000000001103e-01,1.127975000000000000e+05
2.975500000000000000e+03,8.894586000000001036e+01,5.336060999999999721e-01,1.135633999999999942e+05
2.985500000000000000e+03,8.896430000000000859e+01,5.331627000000001004e-01,1.143319333333333198e+05
2.995500000000000000e+03,8.895300000000000296e+01,5.334600000000000453e-01,1.151029333333333198e+05
3.005500000000000000e+03,8.895030999999998755e+01,5.327551000000000370e-01,1.158766333333333314e+05
3.015500000000000000e+03,8.896456000000000586e+01,5.310950999999999311e-01,1.166530000000000000e+05
3.025500000000000000e+03,8.894499000000001843e+01,5.311083000000000887e-01,1.174318333333333430e+05
3.035500000000000000e+03,8.894956999999999425e+01,5.330281999999999520e-01,1.182133666666666686e+05
3.045500000000000000e+03,8.894786000000000570e+01,5.303830999999999962e-01,1.189975333333333256e+05
3.055500000000000000e+03,8.895685000000000286e+01,5.322740000000000249e-01,1.197843999999999942e+05
3.065500000000000000e+03,8.895500999999998726e+01,5.316449999999999232e-01,1.205737666666666482e+05
3.075500000000000000e+03,8.896385999999999683e+01,5.324981999999999216e-01,1.213658333333333430e+05
3.085500000000000000e+03,8.895971999999999014e+01,5.304246000000000238e-01,1.221603999999999942e+05
3.095500000000000000e+03,8.896829999999999927e+01,5.309811000000000947e-01,1.229576666666666570e+05
3.105500000000000000e+03,8.896756999999999493e+01,5.333759000000000139e-01,1.237574333333333198e+05
3.115500000000000000e+03,8.897257999999999356e+01,5.326286999999998439e-01,1.245599666666666453e+05
3.125500000000000000e+03,8.897514000000001033e+01,5.303590999999998612e-01,1.253650000000000000e+05
3.135500000000000000e+03,8.899542999999999893e+01,5.339568999999999566e-01,1.261727666666666482e+05
3.145500000000000000e+03,8.899585000000000434e+01,5.328605000000000702e-01,1.269828999999999796e+05
3.155500000000000000e+03,8.899757000000002449e+01,5.343861000000000860e-01,1.277957666666666482e+05
3.165500000000000000e+03,8.899656999999999130e+01,5.323792999999999997e-01,1.286113666666666686e+05
3.175500000000000000e+03,8.899956999999999141e+01,5.344067000000000123e-01,1.294293333333333285e+05
3.185500000000000000e+03,8.899585000000000434e+01,5.318981999999998767e-01,1.302501000000000058e+05
3.195500000000000000e+03,8.899057999999999424e+01,5.295077999999999729e-01,1.310734333333333198e+05
3.205500000000000000e+03,8.899286000000000740e+01,5.285906999999999689e-01,1.318993333333333430e+05
3.215500000000000000e+03,8.900372000000000128e+01,5.323742000000000196e-01,1.327280333333332965e+05
3.225500000000000000e+03,8.900600000000000023e+01,5.301785000000001080e-01,1.335591000000000058e+05
3.235500000000000000e+03,8.900900999999998930e+01,5.316610999999999976e-01,1.343928666666666686e+05
3.245500000000000000e+03,8.900368999999999176e+01,5.295075999999999672e-01,1.352292666666666628e+05
3.255500000000000000e+03,8.899828000000000827e+01,5.265907999999999145e-01,1.360683333333333430e+05
3.265500000000000000e+03,8.900571999999998241e+01,5.289118999999999904e-01,1.369097000000000116e+05
3.275500000000000000e+03,8.900414000000000669e+01,5.274628999999999568e-01,1.377540000000000000e+05
3.285500000000000000e+03,8.900771000000000299e+01,5.268840999999999664e-01,1.386007333333333372e+05
3.295500000000000000e+03,8.899573000000000889e+01,5.244543999999999873e-01,1.394502000000000116e+05
3.305500000000000000e+03,8.901057000000000130e+01,5.254636999999999780e-01,1.403021999999999825e+05
3.315500000000000000e+03,8.900942000000000576e+01,5.256893999999999734e-01,1.411568666666666395e+05
3.325500000000000000e+03,8.900771000000000299e+01,5.224150999999999101e-01,1.420141666666666861e+05
3.335500000000000000e+03,8.901887000000000683e+01,5.266879000000000977e-01,1.428740666666666802e+05
3.345500000000000000e+03,8.902855999999999881e+01,5.272731999999999974e-01,1.437366000000000058e+05
3.355500000000000000e+03,8.902828999999999837e+01,5.259799000000000557e-01,1.446017000000000116e+05
3.365500000000000000e+03,8.902229000000001236e+01,5.247890000000000610e-01,1.454693666666666977e+05
3.375500000000000000e+03,8.902743000000000961e+01,5.264981000000000799e-01,1.463398333333333139e+05
3.385500000000000000e+03,8.903185000000000571e+01,5.264279000000000597e-01,1.472127666666666628e+05
3.395500000000000000e+03,8.902828999999999837e+01,5.251666999999999863e-01,1.480883999999999942e+05
3.405500000000000000e+03,8.902428000000000452e+01,5.252801000000000275e-01,1.489665666666666802e+05
3.415500000000000000e+03,8.902115000000000578e+01,5.243136999999999937e-01,1.498476000000000058e+05
3.425500000000000000e+03,8.901783999999999253e+01,5.248744999999999106e-01,1.507309333333333489e+05
3.435500000000000000e+03,8.901099999999999568e+01,5.237247999999998793e-01,1.516171666666666861e+05
3.445500000000000000e+03,8.902241999999999678e+01,5.246946999999999584e-01,1.525057000000000116e+05
3.455500000000000000e+03,8.900227999999999895e+01,5.226930000000000742e-01,1.533969333333333198e+05
3.465500000000000000e+03,8.900241000000001179e+01,5.224529999999999452e-01,1.542909333333333198e+05
3.475500000000000000e+03,8.900615000000000521e+01,5.218156999999998824e-01,1.551876000000000349e+05
3.485500000000000000e+03,8.898542999999999381e+01,5.208795999999999982e-01,1.560866000000000058e+05
3.495500000000000000e+03,8.901358000000001880e+01,5.210750999999999022e-01,1.569884666666666744e+05
3.505500000000000000e+03,8.901613999999999294e+01,5.223702000000000067e-01,1.578926333333333023e+05
3.515500000000000000e+03,8.900471000000000288e+01,5.207578999999999958e-01,1.587996000000000058e+05
3.525500000000000000e+03,8.901871000000001288e+01,5.199934999999999974e-01,1.597092999999999884e+05
3.535500000000000000e+03,8.901058000000000447e+01,5.204031999999999547e-01,1.606216666666666861e+05
3.545500000000000000e+03,8.901942999999998563e+01,5.198253000000000457e-01,1.615365666666666511e+05
3.555500000000000000e+03,8.901484999999999559e+01,5.194484999999999797e-01,1.624541666666666861e+05
3.565500000000000000e+03,8.899544000000000210e+01,5.192349999999998911e-01,1.633744999999999709e+05
3.575500000000000000e+03,8.899443000000000836e+01,5.189046000000000491e-01,1.642972333333333372e+05
3.585500000000000000e+03,8.900428000000000850e+01,5.183361999999999137e-01,1.652227000000000116e+05
3.595500000000000000e+03,8.899186000000000263e+01,5.177030999999999716e-01,1.661507999999999884e+05
3.605500000000000000e+03,8.898969999999999914e+01,5.169086000000000514e-01,1.670814000000000233e+05
3.615500000000000000e+03,8.901198999999999728e+01,5.165340999999999960e-01,1.680147666666666628e+05
3.625500000000000000e+03,8.899699000000001092e+01,5.164335999999999371e-01,1.689506666666666861e+05
3.635500000000000000e+03,8.897857000000000482e+01,5.152792000000000483e-01,1.698892666666666628e+05
3.645500000000000000e+03,8.898872999999998967e+01,5.143604999999999983e-01,1.708303666666666686e+05
3.655500000000000000e+03,8.897599999999999909e+01,5.137544000000000555e-01,1.717742000000000116e+05
3.665500000000000000e+03,8.897357000000000937e+01,5.140523000000000176e-01,1.727205999999999767e+05
3.675500000000000000e+03,8.900414000000000669e+01,5.140284000000000519e-01,1.736697333333333372e+05
3.685500000000000000e+03,8.898071999999999093e+01,5.131577999999998863e-01,1.746213666666666686e+05
3.695500000000000000e+03,8.900370000000000914e+01,5.133259000000000016e-01,1.755757333333333372e+05
3.705500000000000000e+03,8.899227999999999383e+01,5.133461999999999748e-01,1.765326333333333314e+05
3.715500000000000000e+03,8.899371000000000720e+01,5.135267000000000026e-01,1.774924000000000233e+05
3.725500000000000000e+03,8.899028999999998746e+01,5.131742000000000248e-01,1.784548333333333139e+05
3.735500000000000000e+03,8.899200999999999340e+01,5.127104000000001216e-01,1.794199999999999709e+05
3.745500000000000000e+03,8.900014000000000181e+01,5.129770999999999637e-01,1.803877666666666628e+05
3.755500000000000000e+03,8.900086000000000297e+01,5.123273999999999884e-01,1.813581000000000058e+05
3.765500000000000000e+03,8.900771999999999196e+01,5.125297000000000880e-01,1.823311666666666861e+05
3.775500000000000000e+03,8.900455999999999790e+01,5.123207999999999096e-01,1.833067999999999884e+05
3.785500000000000000e+03,8.899858000000001823e+01,5.106948999999999517e-01,1.842851000000000058e+05
3.795500000000000000e+03,8.900785000000000480e+01,5.102786000000000266e-01,1.852659666666666744e+05
3.805500000000000000e+03,8.900942999999999472e+01,5.090344999999999454e-01,1.862495666666666802e+05
3.815500000000000000e+03,8.899400999999998874e+01,5.096787999999999874e-01,1.872357999999999884e+05
3.825500000000000000e+03,8.900615999999999417e+01,5.089973999999999332e-01,1.882243333333333139e+05
3.835500000000000000e+03,8.901270999999999844e+01,5.085254000000000163e-01,1.892155666666666802e+05
3.845500000000000000e+03,8.900543000000001825e+01,5.091434999999998601e-01,1.902094999999999709e+05
3.855500000000000000e+03,8.899971999999999639e+01,5.077007999999999521e-01,1.912059999999999709e+05
3.865500000000000000e+03,8.900029000000000678e+01,5.089523000000000241e-01,1.922050666666666511e+05
3.875500000000000000e+03,8.900158000000000413e+01,5.074781000000000430e-01,1.932069000000000233e+05
3.885500000000000000e+03,8.899629000000001611e+01,5.075646999999998688e-01,1.942113000000000175e+05
3.895500000000000000e+03,8.900227999999999895e+01,5.068611000000000644e-01,1.952182666666666628e+05
3.905500000000000000e+03,8.899841000000000690e+01,5.068262999999999519e-01,1.962277333333333372e+05
3.915500000000000000e+03,8.899572000000000571e+01,5.072991999999999502e-01,1.972399666666666744e+05
3.925500000000000000e+03,8.901899999999999125e+01,5.072543999999999942e-01,1.982548666666666395e+05
3.935500000000000000e+03,8.902528000000000930e+01,5.078984999999999195e-01,1.992722666666666628e+05
3.945500000000000000e+03,8.902728999999999360e+01,5.075931999999999666e-01,2.002923666666666395e+05
3.955500000000000000e+03,8.903472000000000719e+01,5.072132999999998670e-01,2.013151000000000058e+05
3.965500000000000000e+03,8.902400000000000091e+01,5.069554000000000560e-01,2.023404333333333198e+05
3.975500000000000000e+03,8.903385000000000105e+01,5.066558999999999369e-01,2.033683999999999942e+05
3.985500000000000000e+03,8.904884999999998740e+01,5.070419999999999927e-01,2.043988999999999942e+05
3.995500000000000000e+03,8.902928999999998894e+01,5.063239999999999963e-01,2.054320666666666511e+05
4.005500000000000000e+03,8.902443000000000950e+01,5.044152000000000635e-01,2.064678333333333139e+05
4.015500000000000000e+03,8.900942999999999472e+01,5.071445000000001091e-01,2.075062333333333081e+05
4.025500000000000000e+03,8.900585000000000946e+01,5.034617000000001230e-01,2.085472999999999884e+05
4.035500000000000000e+03,8.900056999999999618e+01,5.036191000000000972e-01,2.095910000000000000e+05
4.045500000000000000e+03,8.899486000000000274e+01,5.025532999999999806e-01,2.106372999999999884e+05
4.055500000000000000e+03,8.899471999999998673e+01,5.028363999999998502e-01,2.116862666666666919e+05
4.065500000000000000e+03,8.899500999999999351e+01,5.032743000000000633e-01,2.127377333333333372e+05
4.075500000000000000e+03,8.900455000000000894e+01,5.028262000000000009e-01,2.137918999999999942e+05
4.085500000000000000e+03,8.899298999999999182e+01,5.004470000000000862e-01,2.148487666666666628e+05
4.095500000000000000e+03,8.899627999999998451e+01,5.004634000000000027e-01,2.159080666666666511e+05
4.105500000000000000e+03,8.899484999999999957e+01,5.022039999999999837e-01,2.169700666666666511e+05
4.115500000000000000e+03,8.898757999999999413e+01,5.018568999999999392e-01,2.180347333333333081e+05
4.125500000000000000e+03,8.896873000000000786e+01,5.003068999999999988e-01,2.191019333333332906e+05
4.135500000000000000e+03,8.898798999999999637e+01,4.973424000000000733e-01,2.201718333333333139e+05
4.145500000000000000e+03,8.897757000000000005e+01,4.977854000000000445e-01,2.212443666666666395e+05
4.155500000000000000e+03,8.899087000000000103e+01,4.985570000000000279e-01,2.223195000000000000e+05
4.165500000000000000e+03,8.900714999999999577e+01,4.963988000000000289e-01,2.233972666666666628e+05
4.175500000000000000e+03,8.896799999999998931e+01,4.972177000000000402e-01,2.244777000000000116e+05
4.185500000000000000e+03,8.899586999999999648e+01,4.967662000000000466e-01,2.255607000000000116e+05
4.195500000000000000e+03,8.899971999999999639e+01,4.974752999999999536e-01,2.266462666666666628e+05
4.205500000000000000e+03,8.899000999999999806e+01,4.965127999999999764e-01,2.277345666666666511e+05
4.215500000000000000e+03,8.902242999999999995e+01,4.955909000000001119e-01,2.288253999999999942e+05
4.225500000000000000e+03,8.900858999999999810e+01,4.956156999999999924e-01,2.299188999999999942e+05
4.235500000000000000e+03,8.899114000000000146e+01,4.955557000000000434e-01,2.310150333333333547e+05
4.245500000000000000e+03,8.901613000000000397e+01,4.950260000000000771e-01,2.321138666666666977e+05
4.255500000000000000e+03,8.900858000000000914e+01,4.948501999999999623e-01,2.332150999999999476e+05
4.265500000000000000e+03,8.904215999999999553e+01,4.946126999999999607e-01,2.343190333333332965e+05
4.275500000000000000e+03,8.902029000000001702e+01,4.942976000000000592e-01,2.354255333333333547e+05
4.285500000000000000e+03,8.902071999999999719e+01,4.945811999999999986e-01,2.365347333333333081e+05
4.295500000000000000e+03,8.901514000000000237e+01,4.946150000000000269e-01,2.376465000000000000e+05
4.305500000000000000e+03,8.900670999999999822e+01,4.941418000000000754e-01,2.387610333333333547e+05
4.315500000000000000e+03,8.901985000000000525e+01,4.950548999999999644e-01,2.398781666666666570e+05
4.325500000000000000e+03,8.901901000000000863e+01,4.944390000000000174e-01,2.409977333333333081e+05
4.335500000000000000e+03,8.904041000000000849e+01,4.939373999999999709e-01,2.421199333333333489e+05
4.345500000000000000e+03,8.903045000000000186e+01,4.924022000000000121e-01,2.432447999999999884e+05
4.355500000000000000e+03,8.903185000000000571e+01,4.924932000000000198e-01,2.443723666666666395e+05
4.365500000000000000e+03,8.906086000000000524e+01,4.926279000000000075e-01,2.455024333333332906e+05
4.375500000000000000e+03,8.907086000000001036e+01,4.922999000000000125e-01,2.466351666666666570e+05
4.385500000000000000e+03,8.906286000000000058e+01,4.911375999999999520e-01,2.477705000000000000e+05
4.395500000000000000e+03,8.907399999999999807e+01,4.913963000000000081e-01,2.489086333333333605e+05
4.405500000000000000e+03,8.905400000000000205e+01,4.907253999999999783e-01,2.500493666666666395e+05
4.415500000000000000e+03,8.908714000000000510e+01,4.919244999999999868e-01,2.511925333333332965e+05
4.425500000000000000e+03,8.905143999999998528e+01,4.895321999999999174e-01,2.523384666666667035e+05
4.435500000000000000e+03,8.904272000000000276e+01,4.888245999999999425e-01,2.534869666666667035e+05
4.445500000000000000e+03,8.902786000000000399e+01,4.887294999999999834e-01,2.546380666666666511e+05
4.455500000000000000e+03,8.904598000000000013e+01,4.884704000000000268e-01,2.557918666666666395e+05
4.465500000000000000e+03,8.908742999999999768e+01,4.894237999999999644e-01,2.569482333333333372e+05
4.475500000000000000e+03,8.910515000000000896e+01,4.885944000000000398e-01,2.581072000000000407e+05
4.485500000000000000e+03,8.908585000000000775e+01,4.883041999999999661e-01,2.592688999999999942e+05
4.495500000000000000e+03,8.909600000000001785e+01,4.879445999999999506e-01,2.604328999999999942e+05
4.505500000000000000e+03,8.910658999999999708e+01,4.870701000000000613e-01,2.615998666666666977e+05
4.515500000000000000e+03,8.911270999999999276e+01,4.858895000000000297e-01,2.627692666666667210e+05
4.525500000000000000e+03,8.909315999999999747e+01,4.874067000000000260e-01,2.639413333333333721e+05
4.535500000000000000e+03,8.911028999999999201e+01,4.868165999999999327e-01,2.651160999999999767e+05
4.545500000000000000e+03,8.910541999999999518e+01,4.858398000000000994e-01,2.662933333333333721e+05
4.555500000000000000e+03,8.909729000000000099e+01,4.843858999999999249e-01,2.674732999999999884e+05
4.565500000000000000e+03,8.910672000000002413e+01,4.860800000000000121e-01,2.686558333333333139e+05
4.575500000000000000e+03,8.912271000000001209e+01,4.860097000000000445e-01,2.698410333333333256e+05
4.585500000000000000e+03,8.911042000000000485e+01,4.855939000000000227e-01,2.710287666666667210e+05
4.595500000000000000e+03,8.912971999999999184e+01,4.860887999999999876e-01,2.722192000000000698e+05
4.605500000000000000e+03,8.912256999999998186e+01,4.858572999999999920e-01,2.734122000000000116e+05
4.615500000000000000e+03,8.910558000000000334e+01,4.849253000000000036e-01,2.746078333333333721e+05
4.625500000000000000e+03,8.909669999999998424e+01,4.850967999999999947e-01,2.758061666666666279e+05
4.635500000000000000e+03,8.911600000000001387e+01,4.860731000000000357e-01,2.770070000000000000e+05
4.645500000000000000e+03,8.913057999999998060e+01,4.843233999999999595e-01,2.782105000000000000e+05
4.655500000000000000e+03,8.911715000000000941e+01,4.853048000000000362e-01,2.794165999999999767e+05
4.665500000000000000e+03,8.912484999999999502e+01,4.851223000000000063e-01,2.806254000000000233e+05
4.675500000000000000e+03,8.910513999999997736e+01,4.839706999999999759e-01,2.818367000000000116e+05
4.685500000000000000e+03,8.909113999999999578e+01,4.840500000000000358e-01,2.830507666666667210e+05
4.695500000000000000e+03,8.908842000000001349e+01,4.835545000000000537e-01,2.842673666666666977e+05
4.705500000000000000e+03,8.908513999999999555e+01,4.838313000000000197e-01,2.854865999999999767e+05
4.715500000000000000e+03,8.911643000000000825e+01,4.812198999999999782e-01,2.867085999999999767e+05
4.725500000000000000e+03,8.910529999999998552e+01,4.824163999999999675e-01,2.879329666666666744e+05
4.735500000000000000e+03,8.910641999999999996e+01,4.839317000000000202e-01,2.891600999999999767e+05
4.745500000000000000e+03,8.912600000000000477e+01,4.823879999999999280e-01,2.903898999999999651e+05
4.755500000000000000e+03,8.911898999999999660e+01,4.832754000000000216e-01,2.916222333333333372e+05
4.765500000000000000e+03,8.913485999999998910e+01,4.810540999999999845e-01,2.928570666666666511e+05
4.775500000000000000e+03,8.911158000000000357e+01,4.813506000000000173e-01,2.940946666666666861e+05
4.785500000000000000e+03,8.909629999999999939e+01,4.824787999999999855e-01,2.953348666666665813e+05
4.795500000000000000e+03,8.909656999999999982e+01,4.830296000000000589e-01,2.965776333333333605e+05
4.805500000000000000e+03,8.910401000000001659e+01,4.824009000000000214e-01,2.978232666666666628e+05
4.815500000000000000e+03,8.909887000000000512e+01,4.809650000000000314e-01,2.990712000000000116e+05
4.825500000000000000e+03,8.909601999999999578e+01,4.806193999999999744e-01,3.003219333333333489e+05
4.835500000000000000e+03,8.908258999999999617e+01,4.817452000000000956e-01,3.015751666666666861e+05
4.845500000000000000e+03,8.911142999999999859e+01,4.797086000000000405e-01,3.028310000000000000e+05
4.855500000000000000e+03,8.911785000000000423e+01,4.798821000000000336e-01,3.040895666666666511e+05
4.865500000000000000e+03,8.907399999999999807e+01,4.809136999999999995e-01,3.053508333333333721e+05
4.875500000000000000e+03,8.912471999999999639e+01,4.800007000000000024e-01,3.066145000000000000e+05
4.885500000000000000e+03,8.913714999999999122e+01,4.805088000000000692e-01,3.078807999999999884e+05
4.895500000000000000e+03,8.911485000000000412e+01,4.803336999999999746e-01,3.091497999999999884e+05
4.905500000000000000e+03,8.910172000000000025e+01,4.809848999999999930e-01,3.104215999999999767e+05
4.915500000000000000e+03,8.911285000000000878e+01,4.803998999999999908e-01,3.116957000000000698e+05
4.925500000000000000e+03,8.910015000000001351e+01,4.802933000000000341e-01,3.129725999999999767e+05
4.935500000000000000e+03,8.910000000000000853e+01,4.806245000000000656e-01,3.142520333333333256e+05
4.945500000000000000e+03,8.908070999999999628e+01,4.801420000000000132e-01,3.155340333333333256e+05
4.955500000000000000e+03,8.910659000000001129e+01,4.802914999999999823e-01,3.168188333333333721e+05
4.965500000000000000e+03,8.909355999999999653e+01,4.798057000000000016e-01,3.181061333333333605e+05
4.975500000000000000e+03,8.908899999999999864e+01,4.801701999999999915e-01,3.193961333333333605e+05
4.985500000000000000e+03,8.909187000000000012e+01,4.794845000000000357e-01,3.206885333333333256e+05
4.995500000000000000e+03,8.906743000000001587e+01,4.795539999999999803e-01,3.219837999999999884e+05
