5.500000000000000000e+00,6.297657999999999134e+01,1.122924800000000261e+02,7.841904733333333599e-01
1.550000000000000000e+01,7.321314000000000988e+01,1.379063700000000026e+01,4.436345333333333585e+00
2.550000000000000000e+01,7.618401000000000067e+01,9.040827000000000169e+00,1.123495799999999889e+01
3.550000000000000000e+01,7.853085999999998990e+01,7.039928000000000630e+00,2.116865333333333155e+01
4.550000000000000000e+01,7.791142999999999574e+01,5.287401000000000018e+00,3.422383000000000663e+01
5.550000000000000000e+01,7.816657000000000721e+01,4.444596999999999909e+00,5.044017999999999802e+01
6.550000000000000000e+01,7.889284999999998149e+01,3.681573999999999902e+00,6.997708000000001505e+01
7.550000000000000000e+01,7.951512999999998499e+01,3.191749999999999865e+00,9.274008666666665590e+01
8.550000000000000000e+01,8.065000000000000568e+01,2.875116000000000227e+00,1.187150000000000034e+02
9.550000000000000000e+01,8.021513999999999101e+01,2.593072999999999961e+00,1.478804000000000087e+02
1.055000000000000000e+02,7.987456999999999141e+01,2.371015000000000317e+00,1.801781666666666410e+02
1.155000000000000000e+02,7.894471000000000060e+01,2.197306999999999455e+00,2.156003333333333671e+02
1.255000000000000000e+02,8.006885000000002606e+01,1.932733000000000034e+00,2.541708333333334053e+02
1.355000000000000000e+02,7.932127999999998735e+01,1.848773000000000000e+00,2.959570999999999685e+02
1.455000000000000000e+02,8.121256000000001052e+01,1.615775999999999879e+00,3.410129666666666708e+02
1.555000000000000000e+02,8.236643000000000825e+01,1.477457999999999938e+00,3.893776000000000295e+02
1.655000000000000000e+02,8.306256000000000483e+01,1.431746999999999881e+00,4.410251333333332582e+02
1.755000000000000000e+02,8.324484999999999957e+01,1.421721999999999930e+00,4.959039999999998827e+02
1.855000000000000000e+02,8.315929000000001281e+01,1.409090000000000176e+00,5.539818666666667468e+02
1.955000000000000000e+02,8.327342000000000155e+01,1.378819000000000017e+00,6.152688333333333048e+02
2.055000000000000000e+02,8.334560000000000457e+01,1.363754999999999828e+00,6.797726999999999862e+02
2.155000000000000000e+02,8.359470999999999208e+01,1.370684999999999931e+00,7.474619666666667399e+02
2.255000000000000000e+02,8.366372000000001208e+01,1.316956000000000016e+00,8.182986666666666906e+02
2.355000000000000000e+02,8.367285000000001105e+01,1.250593999999999983e+00,8.922784333333332825e+02
2.455000000000000000e+02,8.397527999999999793e+01,1.174525000000000041e+00,9.694203333333332466e+02
2.555000000000000000e+02,8.391329999999999245e+01,1.111760999999999999e+00,1.049761333333333369e+03
2.655000000000000000e+02,8.418714000000001363e+01,1.080708000000000002e+00,1.133304666666666435e+03
2.755000000000000000e+02,8.433741999999999450e+01,1.103408999999999862e+00,1.220050333333333356e+03
2.855000000000000000e+02,8.450028999999999257e+01,1.109623000000000026e+00,1.310064666666666653e+03
2.955000000000000000e+02,8.472657999999998424e+01,1.058106999999999909e+00,1.403352999999999838e+03
3.055000000000000000e+02,8.468213999999998975e+01,1.034138299999999955e+00,1.499851999999999862e+03
3.155000000000000000e+02,8.466056999999999277e+01,1.018274300000000077e+00,1.599548666666666577e+03
3.255000000000000000e+02,8.487443999999999278e+01,9.893904000000001142e-01,1.702497666666666646e+03
3.355000000000000000e+02,8.519557000000000357e+01,9.677547999999998041e-01,1.808719333333333225e+03
3.455000000000000000e+02,8.531242000000000303e+01,9.447949999999998294e-01,1.918145666666666784e+03
3.555000000000000000e+02,8.531928999999999519e+01,9.439582000000001916e-01,2.030784000000000333e+03
3.655000000000000000e+02,8.537298999999998728e+01,9.162405000000000133e-01,2.146624666666667054e+03
3.755000000000000000e+02,8.542685000000001594e+01,9.090541999999999234e-01,2.265666333333333569e+03
3.855000000000000000e+02,8.555786000000000513e+01,8.931656999999999513e-01,2.387925666666666530e+03
3.955000000000000000e+02,8.575755999999999801e+01,8.998090999999999173e-01,2.513391333333333478e+03
4.055000000000000000e+02,8.597726999999999009e+01,9.088958000000001425e-01,2.642061333333334005e+03
4.155000000000000000e+02,8.598044000000000153e+01,9.354644000000000847e-01,2.773947333333333063e+03
4.255000000000000000e+02,8.610344000000000619e+01,9.387145999999999546e-01,2.909037999999999556e+03
4.355000000000000000e+02,8.609415000000001328e+01,8.941935999999998108e-01,3.047331666666666479e+03
4.455000000000000000e+02,8.608585999999999672e+01,8.903371999999999398e-01,3.188840000000000146e+03
4.555000000000000000e+02,8.598201000000000249e+01,9.165957999999999606e-01,3.333541000000000167e+03
4.655000000000000000e+02,8.615913000000000466e+01,9.070590999999998960e-01,3.481386999999999716e+03
4.755000000000000000e+02,8.622143000000001223e+01,9.095891000000000393e-01,3.632373666666666395e+03
4.855000000000000000e+02,8.631942000000000803e+01,9.116792999999999703e-01,3.786530666666666548e+03
4.955000000000000000e+02,8.638169999999999504e+01,8.929224000000000050e-01,3.943909666666667363e+03
5.055000000000000000e+02,8.655959000000000003e+01,8.807614999999999750e-01,4.104554000000000087e+03
5.155000000000000000e+02,8.656116000000000099e+01,8.685685000000000766e-01,4.268506666666666206e+03
5.255000000000000000e+02,8.670014000000000465e+01,8.695249999999999924e-01,4.435704000000000633e+03
5.355000000000000000e+02,8.679587000000000785e+01,8.667083999999999344e-01,4.606146999999999935e+03
5.455000000000000000e+02,8.679341999999999757e+01,8.528216000000000685e-01,4.779816999999999098e+03
5.555000000000000000e+02,8.678686999999999330e+01,8.542568999999999857e-01,4.956721666666667261e+03
5.655000000000000000e+02,8.676027000000000555e+01,8.516109000000000595e-01,5.136869000000000597e+03
5.755000000000000000e+02,8.686969999999999459e+01,8.528352000000000155e-01,5.320241333333333387e+03
5.855000000000000000e+02,8.698572999999998956e+01,8.126826000000001438e-01,5.506845666666666148e+03
5.955000000000000000e+02,8.703113000000000454e+01,8.005581999999999976e-01,5.696691333333334114e+03
6.055000000000000000e+02,8.705671999999999855e+01,7.889123000000000108e-01,5.889767333333334136e+03
6.155000000000000000e+02,8.708428000000000679e+01,7.881578000000000195e-01,6.086145999999999731e+03
6.255000000000000000e+02,8.717985000000000184e+01,7.826205999999999996e-01,6.285792666666667174e+03
6.355000000000000000e+02,8.721871999999999048e+01,7.701057999999999515e-01,6.488666999999999462e+03
6.455000000000000000e+02,8.729000000000000625e+01,7.726365000000000594e-01,6.694782999999998538e+03
6.555000000000000000e+02,8.731843999999999539e+01,7.601499999999999924e-01,6.904145000000001346e+03
6.655000000000000000e+02,8.729458000000002471e+01,7.521293000000001117e-01,7.116735999999999876e+03
6.755000000000000000e+02,8.725856999999999175e+01,7.449391999999999125e-01,7.332568666666666104e+03
6.855000000000000000e+02,8.730543000000001541e+01,7.403296999999999795e-01,7.551648999999999432e+03
6.955000000000000000e+02,8.729129000000000360e+01,7.305660000000000487e-01,7.773961999999999534e+03
7.055000000000000000e+02,8.733258000000000720e+01,7.302141999999999245e-01,7.999517999999999120e+03
7.155000000000000000e+02,8.740787000000000262e+01,7.277468999999999744e-01,8.228323333333333721e+03
7.255000000000000000e+02,8.745742999999998801e+01,7.246618000000000226e-01,8.460365000000001601e+03
7.355000000000000000e+02,8.746399999999999864e+01,7.197188000000001029e-01,8.695667000000001281e+03
7.455000000000000000e+02,8.749485999999998853e+01,7.113815999999999473e-01,8.934217333333332135e+03
7.555000000000000000e+02,8.751198999999999728e+01,6.984049999999999425e-01,9.175993666666667195e+03
7.655000000000000000e+02,8.753370999999999924e+01,6.813694999999999613e-01,9.421009999999998399e+03
7.755000000000000000e+02,8.755843999999999028e+01,6.764873000000000136e-01,9.669272666666665828e+03
7.855000000000000000e+02,8.755156999999999812e+01,6.751769000000000798e-01,9.920764333333332615e+03
7.955000000000000000e+02,8.758572000000000912e+01,6.720158999999999994e-01,1.017549666666666781e+04
8.055000000000000000e+02,8.758912999999999727e+01,6.688872000000000151e-01,1.043346999999999935e+04
8.155000000000000000e+02,8.760655999999998755e+01,6.659517000000000353e-01,1.069468000000000029e+04
8.255000000000000000e+02,8.762872000000000128e+01,6.534195000000000420e-01,1.095913333333333503e+04
8.355000000000000000e+02,8.767514000000001317e+01,6.518815000000000026e-01,1.122682999999999993e+04
8.455000000000000000e+02,8.767598999999999876e+01,6.495363000000000664e-01,1.149776666666666642e+04
8.555000000000000000e+02,8.770498999999999512e+01,6.460053999999999519e-01,1.177195333333333292e+04
8.655000000000000000e+02,8.773629000000001099e+01,6.348553999999999586e-01,1.204937666666666701e+04
8.755000000000000000e+02,8.771400999999998760e+01,6.428177000000000474e-01,1.233004999999999927e+04
8.855000000000000000e+02,8.776101000000001306e+01,6.224298999999999804e-01,1.261396000000000276e+04
8.955000000000000000e+02,8.776757000000000630e+01,6.384523000000000836e-01,1.290114999999999964e+04
9.055000000000000000e+02,8.778301000000000442e+01,6.363815999999999917e-01,1.319160666666666839e+04
9.155000000000000000e+02,8.779499999999998749e+01,6.408471000000000029e-01,1.348535666666666475e+04
9.255000000000000000e+02,8.782801999999999509e+01,6.383799999999999475e-01,1.378238000000000102e+04
9.355000000000000000e+02,8.781213999999999942e+01,6.391444000000000569e-01,1.408266999999999825e+04
9.455000000000000000e+02,8.784371999999999048e+01,6.269935999999999288e-01,1.438613999999999942e+04
9.555000000000000000e+02,8.784884999999999877e+01,6.245420000000000416e-01,1.469276999999999862e+04
9.655000000000000000e+02,8.789727999999999497e+01,6.249109999999998832e-01,1.500262333333333299e+04
9.755000000000000000e+02,8.789441999999999666e+01,6.112812999999999164e-01,1.531570333333333292e+04
9.855000000000000000e+02,8.792028999999999428e+01,6.155910999999999467e-01,1.563203999999999905e+04
9.955000000000000000e+02,8.794872000000000867e+01,6.191130999999999718e-01,1.595161333333333641e+04
1.005500000000000000e+03,8.793986000000001013e+01,5.987676000000000665e-01,1.627441333333333387e+04
1.015500000000000000e+03,8.796259000000000583e+01,6.035607999999998974e-01,1.660046666666666715e+04
1.025500000000000000e+03,8.796187000000000467e+01,5.941593000000000568e-01,1.692975000000000000e+04
1.035500000000000000e+03,8.797258000000000777e+01,5.965432999999998875e-01,1.726237666666666337e+04
1.045500000000000000e+03,8.797356000000000620e+01,5.958130000000000370e-01,1.759827666666666846e+04
1.055500000000000000e+03,8.798972999999999445e+01,6.031037000000000203e-01,1.793744000000000233e+04
1.065500000000000000e+03,8.795770999999999162e+01,6.184334999999999694e-01,1.827982666666666410e+04
1.075500000000000000e+03,8.798385000000000389e+01,6.211529000000000078e-01,1.862548000000000320e+04
1.085500000000000000e+03,8.799928000000001305e+01,6.192640999999998730e-01,1.897437999999999738e+04
1.095500000000000000e+03,8.803614000000000317e+01,6.194797999999999139e-01,1.932652999999999884e+04
1.105500000000000000e+03,8.803456000000001325e+01,6.173619999999999663e-01,1.968194333333333634e+04
1.115500000000000000e+03,8.804986999999998432e+01,6.159358999999999806e-01,2.004058333333333212e+04
1.125500000000000000e+03,8.807228999999999530e+01,6.139934999999999699e-01,2.040247333333333518e+04
1.135500000000000000e+03,8.808784999999998888e+01,6.065651000000000792e-01,2.076761999999999898e+04
1.145500000000000000e+03,8.808829000000000065e+01,5.982538000000000578e-01,2.113601000000000204e+04
1.155500000000000000e+03,8.810899999999999466e+01,6.010168999999999651e-01,2.150764666666666380e+04
1.165500000000000000e+03,8.809628000000000725e+01,6.023939999999999850e-01,2.188252666666666482e+04
1.175500000000000000e+03,8.811514999999999986e+01,6.027144999999999309e-01,2.226068666666666832e+04
1.185500000000000000e+03,8.813300000000000978e+01,6.004743999999999637e-01,2.264205666666666730e+04
1.195500000000000000e+03,8.816598000000000468e+01,5.885537000000000685e-01,2.302672666666666555e+04
1.205500000000000000e+03,8.820955000000000723e+01,5.908447000000000005e-01,2.341469333333333634e+04
1.215500000000000000e+03,8.822542999999998869e+01,5.802000000000000490e-01,2.380590666666666948e+04
1.225500000000000000e+03,8.826369000000001108e+01,5.879684000000000577e-01,2.420038333333333503e+04
1.235500000000000000e+03,8.830186000000000490e+01,5.841490999999999767e-01,2.459808666666666977e+04
1.245500000000000000e+03,8.826642999999998551e+01,5.835861999999999439e-01,2.499906000000000495e+04
1.255500000000000000e+03,8.831086000000000524e+01,5.851027999999999230e-01,2.540329666666666526e+04
1.265500000000000000e+03,8.832500000000000284e+01,5.871861999999998805e-01,2.581080333333332965e+04
1.275500000000000000e+03,8.833342999999999279e+01,5.880706999999999463e-01,2.622156999999999971e+04
1.285500000000000000e+03,8.836786000000000740e+01,5.799776000000000931e-01,2.663559999999999854e+04
1.295500000000000000e+03,8.837041999999999575e+01,5.904715999999999854e-01,2.705292666666666628e+04
1.305500000000000000e+03,8.836770000000001346e+01,5.779739000000000404e-01,2.747348999999999796e+04
1.315500000000000000e+03,8.838498999999998773e+01,5.784500999999999671e-01,2.789733333333333212e+04
1.325500000000000000e+03,8.842656999999999812e+01,5.845925999999999068e-01,2.832444333333332906e+04
1.335500000000000000e+03,8.844029000000000451e+01,5.864304999999999657e-01,2.875481999999999971e+04
1.345500000000000000e+03,8.848844000000001131e+01,5.863852999999999982e-01,2.918848333333332994e+04
1.355500000000000000e+03,8.850154999999999461e+01,5.844781000000000004e-01,2.962542000000000189e+04
1.365500000000000000e+03,8.846714000000000055e+01,5.838309999999999889e-01,3.006560333333333256e+04
1.375500000000000000e+03,8.848901000000002171e+01,5.832683999999999092e-01,3.050906333333333168e+04
1.385500000000000000e+03,8.846256999999999948e+01,5.834412999999999405e-01,3.095580333333333328e+04
1.395500000000000000e+03,8.851186999999998761e+01,5.805854999999999766e-01,3.140580666666666366e+04
1.405500000000000000e+03,8.854570999999999970e+01,5.922794000000000114e-01,3.185909333333333416e+04
1.415500000000000000e+03,8.857872999999999308e+01,5.935965999999999188e-01,3.231563333333333139e+04
1.425500000000000000e+03,8.863598999999999251e+01,5.951435000000000475e-01,3.277544666666667035e+04
1.435500000000000000e+03,8.868286000000000513e+01,6.022228000000000581e-01,3.323853999999999360e+04
1.445500000000000000e+03,8.868612999999999147e+01,5.986423999999999079e-01,3.370489333333333343e+04
1.455500000000000000e+03,8.870541999999997529e+01,5.976276000000000366e-01,3.417451333333333605e+04
1.465500000000000000e+03,8.873999999999999488e+01,6.007863999999999427e-01,3.464741999999999825e+04
1.475500000000000000e+03,8.873643999999998755e+01,5.995296999999999432e-01,3.512358666666666250e+04
1.485500000000000000e+03,8.874643000000000370e+01,5.977618999999999572e-01,3.560302999999999884e+04
1.495500000000000000e+03,8.875957999999999970e+01,5.967070999999999348e-01,3.608574333333333198e+04
1.505500000000000000e+03,8.876672000000000651e+01,5.939748000000000250e-01,3.657175000000000000e+04
1.515500000000000000e+03,8.875428000000000850e+01,5.939444000000000390e-01,3.706100999999999476e+04
1.525500000000000000e+03,8.875515000000000043e+01,5.925420000000001242e-01,3.755356333333333168e+04
1.535500000000000000e+03,8.875100000000000477e+01,5.869218000000000490e-01,3.804938333333333867e+04
1.545500000000000000e+03,8.874557000000000073e+01,5.800644999999999829e-01,3.854847333333333518e+04
1.555500000000000000e+03,8.873099999999999454e+01,5.708193000000000294e-01,3.905084333333333780e+04
1.565500000000000000e+03,8.875642000000000564e+01,5.797039999999998861e-01,3.955646666666665988e+04
1.575500000000000000e+03,8.875384999999999991e+01,5.783893000000001061e-01,4.006537666666666337e+04
1.585500000000000000e+03,8.877927999999999997e+01,5.699132000000000087e-01,4.057756666666666570e+04
1.595500000000000000e+03,8.876685999999999410e+01,5.687740999999999492e-01,4.109304333333332761e+04
1.605500000000000000e+03,8.877098999999999762e+01,5.694194999999999673e-01,4.161175666666666802e+04
1.615500000000000000e+03,8.876970000000000027e+01,5.665484000000000631e-01,4.213379000000000087e+04
1.625500000000000000e+03,8.877071000000000822e+01,5.644698999999999689e-01,4.265908666666666977e+04
1.635500000000000000e+03,8.879941999999999780e+01,5.686622999999999539e-01,4.318768666666666832e+04
1.645500000000000000e+03,8.882471000000001027e+01,5.733140999999999377e-01,4.371959666666666453e+04
1.655500000000000000e+03,8.881185999999999581e+01,5.696322000000000330e-01,4.425480999999999767e+04
1.665500000000000000e+03,8.880599999999999739e+01,5.667491000000000057e-01,4.479330666666667094e+04
1.675500000000000000e+03,8.879283999999999821e+01,5.657360999999999640e-01,4.533507333333332645e+04
1.685500000000000000e+03,8.880115000000000691e+01,5.672164000000000650e-01,4.588009666666666453e+04
1.695500000000000000e+03,8.879185999999999979e+01,5.685841999999999841e-01,4.642840999999999622e+04
1.705500000000000000e+03,8.880058000000001073e+01,5.694671000000000038e-01,4.697999000000000524e+04
1.715500000000000000e+03,8.877585000000000548e+01,5.624431999999999210e-01,4.753483333333333576e+04
1.725500000000000000e+03,8.878472000000000719e+01,5.729608000000000478e-01,4.809294999999999709e+04
1.735500000000000000e+03,8.879643999999998982e+01,5.641007000000000104e-01,4.865433666666666977e+04
1.745500000000000000e+03,8.880071000000000936e+01,5.704906999999999062e-01,4.921897000000000116e+04
1.755500000000000000e+03,8.880373000000000161e+01,5.756265999999999883e-01,4.978688333333333867e+04
1.765500000000000000e+03,8.880214999999999748e+01,5.711285999999999863e-01,5.035807666666666773e+04
1.775500000000000000e+03,8.881114999999999782e+01,5.703413999999999984e-01,5.093255666666667094e+04
1.785500000000000000e+03,8.882000999999999635e+01,5.669828999999999564e-01,5.151031666666666570e+04
1.795500000000000000e+03,8.880655000000000143e+01,5.673150000000000137e-01,5.209138999999999942e+04
1.805500000000000000e+03,8.882085999999999615e+01,5.673700999999999883e-01,5.267575666666666802e+04
1.815500000000000000e+03,8.882771999999999935e+01,5.665105999999999753e-01,5.326345333333333110e+04
1.825500000000000000e+03,8.884056999999998538e+01,5.674375999999999864e-01,5.385445333333333110e+04
1.835500000000000000e+03,8.886171999999999116e+01,5.681852000000000569e-01,5.444873666666667123e+04
1.845500000000000000e+03,8.886959000000000231e+01,5.739492000000000482e-01,5.504629333333333489e+04
1.855500000000000000e+03,8.887384000000000128e+01,5.781215000000001769e-01,5.564713666666667268e+04
1.865500000000000000e+03,8.886943999999998312e+01,5.744947000000000248e-01,5.625126666666666279e+04
1.875500000000000000e+03,8.886885000000000900e+01,5.757158999999999471e-01,5.685869000000000233e+04
1.885500000000000000e+03,8.886112999999998863e+01,5.691447000000000589e-01,5.746940333333333547e+04
1.895500000000000000e+03,8.889755999999999858e+01,5.767788000000000359e-01,5.808336999999999534e+04
1.905500000000000000e+03,8.891057000000000698e+01,5.743195999999999302e-01,5.870055666666666366e+04
1.915500000000000000e+03,8.892515000000000214e+01,5.777550999999999659e-01,5.932095666666666511e+04
1.925500000000000000e+03,8.892256000000000427e+01,5.778685999999999545e-01,5.994461666666666133e+04
1.935500000000000000e+03,8.892343999999999937e+01,5.769172999999999663e-01,6.057155000000000291e+04
1.945500000000000000e+03,8.891785000000000139e+01,5.769055000000000710e-01,6.120178000000000611e+04
1.955500000000000000e+03,8.891299999999999670e+01,5.778971000000000524e-01,6.183528000000000611e+04
1.965500000000000000e+03,8.891485000000000127e+01,5.787008000000000152e-01,6.247205333333332965e+04
1.975500000000000000e+03,8.892828000000000088e+01,5.786269000000000551e-01,6.311209666666666453e+04
1.985500000000000000e+03,8.892287999999999215e+01,5.769659999999999789e-01,6.375540666666666220e+04
1.995500000000000000e+03,8.893886000000000536e+01,5.768836000000000519e-01,6.440200000000000000e+04
2.005500000000000000e+03,8.892898999999999887e+01,5.795013999999999443e-01,6.505186999999999534e+04
2.015500000000000000e+03,8.892744000000000426e+01,5.786326000000000525e-01,6.570499666666667326e+04
2.025500000000000000e+03,8.893071999999999377e+01,5.792903999999998721e-01,6.636141333333333023e+04
2.035500000000000000e+03,8.892099999999999227e+01,5.816633000000001052e-01,6.702108000000000175e+04
2.045500000000000000e+03,8.892528999999998973e+01,5.813471999999999529e-01,6.768403333333332557e+04
2.055500000000000000e+03,8.892186999999998420e+01,5.816603000000000190e-01,6.835024666666667326e+04
2.065500000000000000e+03,8.892457999999999174e+01,5.813944999999999252e-01,6.901976333333333605e+04
2.075500000000000000e+03,8.893084999999999241e+01,5.819195000000000340e-01,6.969254666666666162e+04
2.085500000000000000e+03,8.894683999999999457e+01,5.819492000000000553e-01,7.036861333333334187e+04
2.095500000000000000e+03,8.894628000000001578e+01,5.798708999999999669e-01,7.104798000000001048e+04
2.105500000000000000e+03,8.894769999999999754e+01,5.792482000000001019e-01,7.173062666666666337e+04
2.115500000000000000e+03,8.895243000000000677e+01,5.784590000000000565e-01,7.241657333333333372e+04
2.125500000000000000e+03,8.895015000000000782e+01,5.775268000000000068e-01,7.310580333333332965e+04
2.135500000000000000e+03,8.895484000000001856e+01,5.772363999999999828e-01,7.379832666666668956e+04
2.145500000000000000e+03,8.895300000000000296e+01,5.771458999999999895e-01,7.449413000000000466e+04
2.155500000000000000e+03,8.895185999999999638e+01,5.743010999999998978e-01,7.519322999999998137e+04
2.165500000000000000e+03,8.894885999999999626e+01,5.737942999999999794e-01,7.589557999999998719e+04
2.175500000000000000e+03,8.895614000000000487e+01,5.734765000000000557e-01,7.660122666666666919e+04
2.185500000000000000e+03,8.894442999999998278e+01,5.695533999999999875e-01,7.731016333333333023e+04
2.195500000000000000e+03,8.894557999999999254e+01,5.693309000000000841e-01,7.802234666666664998e+04
2.205500000000000000e+03,8.895140999999999565e+01,5.689395999999999898e-01,7.873782000000000698e+04
2.215500000000000000e+03,8.895571999999999946e+01,5.674449999999999772e-01,7.945658000000000175e+04
2.225500000000000000e+03,8.895727999999999724e+01,5.669305999999999512e-01,8.017862000000000990e+04
2.235500000000000000e+03,8.896642999999998835e+01,5.677104000000000594e-01,8.090393666666667559e+04
2.245500000000000000e+03,8.895457000000000392e+01,5.632621999999999352e-01,8.163253333333334012e+04
2.255500000000000000e+03,8.897002000000000521e+01,5.659672000000000036e-01,8.236444000000001688e+04
2.265500000000000000e+03,8.896813999999999112e+01,5.649943000000001714e-01,8.309964666666666744e+04
2.275500000000000000e+03,8.896142999999999290e+01,5.623362000000000638e-01,8.383812333333333663e+04
2.285500000000000000e+03,8.896616000000000213e+01,5.623392000000000390e-01,8.457986999999999534e+04
2.295500000000000000e+03,8.895456000000000074e+01,5.587872999999999868e-01,8.532489999999999418e+04
2.305500000000000000e+03,8.895798999999999523e+01,5.587180999999999953e-01,8.607322000000000116e+04
2.315500000000000000e+03,8.896312999999999249e+01,5.576579999999999870e-01,8.682479333333333489e+04
2.325500000000000000e+03,8.896456999999999482e+01,5.576703999999998995e-01,8.757966666666665697e+04
2.335500000000000000e+03,8.897399000000000058e+01,5.577894999999999381e-01,8.833781333333332441e+04
2.345500000000000000e+03,8.896827999999999292e+01,5.543612999999999458e-01,8.909924333333334653e+04
2.355500000000000000e+03,8.896499999999998920e+01,5.533082999999999751e-01,8.986394999999999709e+04
2.365500000000000000e+03,8.896998999999999569e+01,5.554598000000000591e-01,9.063193000000000757e+04
2.375500000000000000e+03,8.897871000000000663e+01,5.546471000000000595e-01,9.140319000000000233e+04
2.385500000000000000e+03,8.896828999999999610e+01,5.546007000000000575e-01,9.217773666666666395e+04
2.395500000000000000e+03,8.896814000000000533e+01,5.539760000000000240e-01,9.295559333333333780e+04
2.405500000000000000e+03,8.896970999999999208e+01,5.539718000000000142e-01,9.373669666666668491e+04
2.415500000000000000e+03,8.897614999999998986e+01,5.528882000000000518e-01,9.452110333333333256e+04
2.425500000000000000e+03,8.896871000000000151e+01,5.530228000000000366e-01,9.530880999999998312e+04
2.435500000000000000e+03,8.896927999999999770e+01,5.519972999999999130e-01,9.609978666666665231e+04
2.445500000000000000e+03,8.896569999999999823e+01,5.519301000000000901e-01,9.689406333333332441e+04
2.455500000000000000e+03,8.898184999999999434e+01,5.510232000000000463e-01,9.769160333333334711e+04
2.465500000000000000e+03,8.898786000000001195e+01,5.493832000000000715e-01,9.849241333333334478e+04
2.475500000000000000e+03,8.898657000000000039e+01,5.495136000000000465e-01,9.929651666666666279e+04
2.485500000000000000e+03,8.898671999999999116e+01,5.523187999999999986e-01,1.001039133333333448e+05
2.495500000000000000e+03,8.898586000000000240e+01,5.498045999999999767e-01,1.009144666666666599e+05
2.505500000000000000e+03,8.899927999999999884e+01,5.471112000000000197e-01,1.017284666666666599e+05
2.515500000000000000e+03,8.900442000000001030e+01,5.473475999999999342e-01,1.025457666666666773e+05
2.525500000000000000e+03,8.900413000000000352e+01,5.492949999999999777e-01,1.033662333333333518e+05
2.535500000000000000e+03,8.900311999999999557e+01,5.477019000000000748e-01,1.041900333333333256e+05
2.545500000000000000e+03,8.900583999999999207e+01,5.477570999999999968e-01,1.050170333333333256e+05
2.555500000000000000e+03,8.900700000000001921e+01,5.444512999999998604e-01,1.058473666666666541e+05
2.565500000000000000e+03,8.899370000000001824e+01,5.429404999999999371e-01,1.066811999999999971e+05
2.575500000000000000e+03,8.900142000000001019e+01,5.424266000000000920e-01,1.075180000000000000e+05
2.585500000000000000e+03,8.900613999999998782e+01,5.441018999999999162e-01,1.083583666666666686e+05
2.595500000000000000e+03,8.900885999999998432e+01,5.430540000000000367e-01,1.092019333333333198e+05
2.605500000000000000e+03,8.901257000000001085e+01,5.437511000000000427e-01,1.100487333333333227e+05
2.615500000000000000e+03,8.900685999999998899e+01,5.424989999999999535e-01,1.108988333333333285e+05
2.625500000000000000e+03,8.899584000000000117e+01,5.436857999999999969e-01,1.117523333333333285e+05
2.635500000000000000e+03,8.899287000000001058e+01,5.480287999999999826e-01,1.126090666666666802e+05
2.645500000000000000e+03,8.899712999999999852e+01,5.481373999999999969e-01,1.134691666666666715e+05
2.655500000000000000e+03,8.900243000000000393e+01,5.485003000000000517e-01,1.143323666666666686e+05
2.665500000000000000e+03,8.900072000000000116e+01,5.483360999999999930e-01,1.151990000000000000e+05
2.675500000000000000e+03,8.901228000000000407e+01,5.478641000000000760e-01,1.160687666666666482e+05
2.685500000000000000e+03,8.901370000000000005e+01,5.466085000000000527e-01,1.169420000000000291e+05
2.695500000000000000e+03,8.901072999999999524e+01,5.464468000000000103e-01,1.178183333333333430e+05
2.705500000000000000e+03,8.902200999999999453e+01,5.506111999999999673e-01,1.186980666666666802e+05
2.715500000000000000e+03,8.902714000000000283e+01,5.460995000000000710e-01,1.195810333333333256e+05
2.725500000000000000e+03,8.901628999999999792e+01,5.443265999999999938e-01,1.204673000000000029e+05
2.735500000000000000e+03,8.902299999999999613e+01,5.470374000000000070e-01,1.213567666666666773e+05
2.745500000000000000e+03,8.901413999999999760e+01,5.429141000000000661e-01,1.222495333333333256e+05
2.755500000000000000e+03,8.902885000000000559e+01,5.453767000000000476e-01,1.231456999999999971e+05
2.765500000000000000e+03,8.903212999999999511e+01,5.473532999999999316e-01,1.240451666666666715e+05
2.775500000000000000e+03,8.903414000000000783e+01,5.459031999999999218e-01,1.249478333333333285e+05
2.785500000000000000e+03,8.903698999999998875e+01,5.436802000000000579e-01,1.258536999999999971e+05
2.795500000000000000e+03,8.904942999999998676e+01,5.454121999999999026e-01,1.267630000000000000e+05
2.805500000000000000e+03,8.906085000000000207e+01,5.447532999999998848e-01,1.276754666666666744e+05
2.815500000000000000e+03,8.905657999999998253e+01,5.453770999999999480e-01,1.285913000000000029e+05
2.825500000000000000e+03,8.906543000000000632e+01,5.416120999999999297e-01,1.295104333333333198e+05
2.835500000000000000e+03,8.905513999999999442e+01,5.415692000000000839e-01,1.304328333333333285e+05
2.845500000000000000e+03,8.905686000000000035e+01,5.405052999999999663e-01,1.313584333333333198e+05
2.855500000000000000e+03,8.905571999999999377e+01,5.405930999999999376e-01,1.322874666666666744e+05
2.865500000000000000e+03,8.906413999999998055e+01,5.397953999999999253e-01,1.332197666666666628e+05
2.875500000000000000e+03,8.905500000000000682e+01,5.402396999999999894e-01,1.341552333333333372e+05
2.885500000000000000e+03,8.905485000000000184e+01,5.392180000000000861e-01,1.350939666666666453e+05
2.895500000000000000e+03,8.905329000000000406e+01,5.391198999999999852e-01,1.360360999999999767e+05
2.905500000000000000e+03,8.905343999999999482e+01,5.384592000000000267e-01,1.369815333333333547e+05
2.915500000000000000e+03,8.905357000000000767e+01,5.379028999999999616e-01,1.379302666666666628e+05
2.925500000000000000e+03,8.905585999999999558e+01,5.379531999999999092e-01,1.388820999999999767e+05
2.935500000000000000e+03,8.905658000000001095e+01,5.366147000000001110e-01,1.398373666666666395e+05
2.945500000000000000e+03,8.905328000000000088e+01,5.367143999999999249e-01,1.407958999999999942e+05
2.955500000000000000e+03,8.904472000000001231e+01,5.372904000000000568e-01,1.417576333333333314e+05
2.965500000000000000e+03,8.904482999999999038e+01,5.399483999999999950e-01,1.427228666666666395e+05
2.975500000000000000e+03,8.905028000000000077e+01,5.375877999999999490e-01,1.436911000000000058e+05
2.985500000000000000e+03,8.904714000000001306e+01,5.388819999999998611e-01,1.446627666666666628e+05
2.995500000000000000e+03,8.904801000000000499e+01,5.390137999999999874e-01,1.456377333333333372e+05
3.005500000000000000e+03,8.904530000000001166e+01,5.379606999999999584e-01,1.466161000000000058e+05
3.015500000000000000e+03,8.905671999999999855e+01,5.388721000000000760e-01,1.475975333333333547e+05
3.025500000000000000e+03,8.904772999999998717e+01,5.369146000000000196e-01,1.485822999999999884e+05
3.035500000000000000e+03,8.904686000000000945e+01,5.352251000000000092e-01,1.495703999999999942e+05
3.045500000000000000e+03,8.905929000000000428e+01,5.353825999999999308e-01,1.505618333333333139e+05
3.055500000000000000e+03,8.904785999999998580e+01,5.321423999999999044e-01,1.515563999999999942e+05
3.065500000000000000e+03,8.905499000000000365e+01,5.333854999999999569e-01,1.525543999999999942e+05
3.075500000000000000e+03,8.906000000000000227e+01,5.343782000000000254e-01,1.535556000000000058e+05
3.085500000000000000e+03,8.906229000000000440e+01,5.344481000000000925e-01,1.545601666666666861e+05
3.095500000000000000e+03,8.905828999999999951e+01,5.337889000000000106e-01,1.555679666666666453e+05
3.105500000000000000e+03,8.906373000000000673e+01,5.330242999999998954e-01,1.565790000000000291e+05
3.115500000000000000e+03,8.906357999999998754e+01,5.329385999999999290e-01,1.575934000000000233e+05
3.125500000000000000e+03,8.906629999999999825e+01,5.327819999999999778e-01,1.586111000000000058e+05
3.135500000000000000e+03,8.905957000000000789e+01,5.320278999999998870e-01,1.596321666666666861e+05
3.145500000000000000e+03,8.905728999999999473e+01,5.315039999999999765e-01,1.606563999999999942e+05
3.155500000000000000e+03,8.905985000000001151e+01,5.318633000000000388e-01,1.616839999999999709e+05
3.165500000000000000e+03,8.906056000000000950e+01,5.312876999999998073e-01,1.627147333333333372e+05
3.175500000000000000e+03,8.906668999999999414e+01,5.311323999999999490e-01,1.637488666666666686e+05
3.185500000000000000e+03,8.904955999999999960e+01,5.306387000000000187e-01,1.647864666666666453e+05
3.195500000000000000e+03,8.905427999999999145e+01,5.304626000000000063e-01,1.658271333333333314e+05
3.205500000000000000e+03,8.905315000000000225e+01,5.302401999999999394e-01,1.668710000000000000e+05
3.215500000000000000e+03,8.906298999999999921e+01,5.299244999999999095e-01,1.679182333333333372e+05
3.225500000000000000e+03,8.906442000000001258e+01,5.295905000000000751e-01,1.689688666666666395e+05
3.235500000000000000e+03,8.906444000000000472e+01,5.295862000000000069e-01,1.700227666666666628e+05
3.245500000000000000e+03,8.906745000000000800e+01,5.293532000000000792e-01,1.710800000000000000e+05
3.255500000000000000e+03,8.906457000000000335e+01,5.291420000000000012e-01,1.721404333333332906e+05
3.265500000000000000e+03,8.906384999999998797e+01,5.282761999999999736e-01,1.732041666666666861e+05
3.275500000000000000e+03,8.906442999999998733e+01,5.273876999999999038e-01,1.742712999999999884e+05
3.285500000000000000e+03,8.906371000000000038e+01,5.277110999999999885e-01,1.753415000000000000e+05
3.295500000000000000e+03,8.906113999999999464e+01,5.265864999999998464e-01,1.764152000000000116e+05
3.305500000000000000e+03,8.905855999999999995e+01,5.235123999999999889e-01,1.774921333333333314e+05
3.315500000000000000e+03,8.905357999999999663e+01,5.265189999999999593e-01,1.785724666666666744e+05
3.325500000000000000e+03,8.906273999999999091e+01,5.268370000000001108e-01,1.796558666666666395e+05
3.335500000000000000e+03,8.905414000000000385e+01,5.246696999999999056e-01,1.807426333333333314e+05
3.345500000000000000e+03,8.904826999999998804e+01,5.239742999999998929e-01,1.818327666666666628e+05
3.355500000000000000e+03,8.904798999999999864e+01,5.254298000000000579e-01,1.829262000000000116e+05
3.365500000000000000e+03,8.903399000000000285e+01,5.228387999999999369e-01,1.840228333333333139e+05
3.375500000000000000e+03,8.903542000000001622e+01,5.198970000000000535e-01,1.851228666666666977e+05
3.385500000000000000e+03,8.902628999999998882e+01,5.215602999999999767e-01,1.862260333333333256e+05
3.395500000000000000e+03,8.902970999999999435e+01,5.200156000000000223e-01,1.873327666666666919e+05
3.405500000000000000e+03,8.903141999999999712e+01,5.181685000000000318e-01,1.884425666666666802e+05
3.415500000000000000e+03,8.903213999999999828e+01,5.181875999999999705e-01,1.895556666666666861e+05
3.425500000000000000e+03,8.902857000000001619e+01,5.163115999999999817e-01,1.906719999999999709e+05
3.435500000000000000e+03,8.903672000000001674e+01,5.164476000000000067e-01,1.917917666666666628e+05
3.445500000000000000e+03,8.903427999999999543e+01,5.156990000000000185e-01,1.929149333333333489e+05
3.455500000000000000e+03,8.903141999999999712e+01,5.144081999999999821e-01,1.940411666666666861e+05
3.465500000000000000e+03,8.902640999999999849e+01,5.152863999999999223e-01,1.951708666666666395e+05
3.475500000000000000e+03,8.904355999999999938e+01,5.137164000000000730e-01,1.963038999999999942e+05
3.485500000000000000e+03,8.902815000000001078e+01,5.136842999999999826e-01,1.974400000000000000e+05
3.495500000000000000e+03,8.903943999999999903e+01,5.134113999999999622e-01,1.985795999999999767e+05
3.505500000000000000e+03,8.903928999999999405e+01,5.129926999999999682e-01,1.997224666666666744e+05
3.515500000000000000e+03,8.903629000000000815e+01,5.128081999999999363e-01,2.008686333333333314e+05
3.525500000000000000e+03,8.905199999999999250e+01,5.126983999999999986e-01,2.020180333333333256e+05
3.535500000000000000e+03,8.903613000000001421e+01,5.121111999999999886e-01,2.031707333333333372e+05
3.545500000000000000e+03,8.904099999999999682e+01,5.119797999999999849e-01,2.043267000000000116e+05
3.555500000000000000e+03,8.904128999999998939e+01,5.113920000000000687e-01,2.054861000000000058e+05
3.565500000000000000e+03,8.904870999999999981e+01,5.111988000000000643e-01,2.066486333333333314e+05
3.575500000000000000e+03,8.904329000000001315e+01,5.112601000000001061e-01,2.078144333333333198e+05
3.585500000000000000e+03,8.903585999999998535e+01,5.113360000000000127e-01,2.089837333333333372e+05
3.595500000000000000e+03,8.904285000000000139e+01,5.114676999999998586e-01,2.101562333333333081e+05
3.605500000000000000e+03,8.904214999999999236e+01,5.113791000000000864e-01,2.113321000000000058e+05
3.615500000000000000e+03,8.905044000000000892e+01,5.115174000000000110e-01,2.125112999999999884e+05
3.625500000000000000e+03,8.905128000000000554e+01,5.112077999999999900e-01,2.136936333333333023e+05
3.635500000000000000e+03,8.904857999999998697e+01,5.109505000000000852e-01,2.148794333333332906e+05
3.645500000000000000e+03,8.905742999999999654e+01,5.106427000000001160e-01,2.160682000000000116e+05
3.655500000000000000e+03,8.904815000000000680e+01,5.102982000000000351e-01,2.172605000000000000e+05
3.665500000000000000e+03,8.905857000000000312e+01,5.100489000000000273e-01,2.184560333333333547e+05
3.675500000000000000e+03,8.905413000000001489e+01,5.097458999999999740e-01,2.196549666666666453e+05
3.685500000000000000e+03,8.906201000000000079e+01,5.094215999999999189e-01,2.208571333333333023e+05
3.695500000000000000e+03,8.905858000000000629e+01,5.092875000000000041e-01,2.220626000000000058e+05
3.705500000000000000e+03,8.905557000000000301e+01,5.092242000000000157e-01,2.232713666666666395e+05
3.715500000000000000e+03,8.906100000000000705e+01,5.088217000000000434e-01,2.244834666666666453e+05
3.725500000000000000e+03,8.905799999999999272e+01,5.086306999999999912e-01,2.256988333333333430e+05
3.735500000000000000e+03,8.905629999999999313e+01,5.082674000000000358e-01,2.269174666666667035e+05
3.745500000000000000e+03,8.906156000000000006e+01,5.080428000000000166e-01,2.281395333333333547e+05
3.755500000000000000e+03,8.905844000000000449e+01,5.079131999999999536e-01,2.293646666666666861e+05
3.765500000000000000e+03,8.906058000000000163e+01,5.075640000000001262e-01,2.305933666666666395e+05
3.775500000000000000e+03,8.905814999999999770e+01,5.072127999999999082e-01,2.318250000000000000e+05
3.785500000000000000e+03,8.905071000000000936e+01,5.071407999999999472e-01,2.330602000000000116e+05
3.795500000000000000e+03,8.905200000000000671e+01,5.069573999999998914e-01,2.342987333333333081e+05
3.805500000000000000e+03,8.904813999999998941e+01,5.068009999999999460e-01,2.355404333333333489e+05
3.815500000000000000e+03,8.905142999999999631e+01,5.066699000000001174e-01,2.367854666666666453e+05
3.825500000000000000e+03,8.905756999999999834e+01,5.061983999999999373e-01,2.380337000000000407e+05
3.835500000000000000e+03,8.905429000000000883e+01,5.058299000000000545e-01,2.392851666666666861e+05
3.845500000000000000e+03,8.905371999999999844e+01,5.049395000000000966e-01,2.405400000000000000e+05
3.855500000000000000e+03,8.906471999999999412e+01,5.046023000000000591e-01,2.417980333333333547e+05
3.865500000000000000e+03,8.909612999999998806e+01,5.029671999999999477e-01,2.430593999999999942e+05
3.875500000000000000e+03,8.905571000000000481e+01,5.041917000000000204e-01,2.443241666666666570e+05
3.885500000000000000e+03,8.907786000000001536e+01,5.011385999999999896e-01,2.455921000000000058e+05
3.895500000000000000e+03,8.909013999999999101e+01,5.008929999999999216e-01,2.468634333333332906e+05
3.905500000000000000e+03,8.908387000000000455e+01,4.985013000000000361e-01,2.481380333333333547e+05
3.915500000000000000e+03,8.908314000000000021e+01,4.974421999999999455e-01,2.494160000000000000e+05
3.925500000000000000e+03,8.908673000000001707e+01,4.964609000000000383e-01,2.506972333333333372e+05
3.935500000000000000e+03,8.911171000000000220e+01,4.963602999999999765e-01,2.519816666666666570e+05
3.945500000000000000e+03,8.906800000000001205e+01,4.959675000000000056e-01,2.532694333333333489e+05
3.955500000000000000e+03,8.907001999999999953e+01,4.957808000000000215e-01,2.545604999999999418e+05
3.965500000000000000e+03,8.905971999999999866e+01,4.955094999999999916e-01,2.558549666666667035e+05
3.975500000000000000e+03,8.910156999999998106e+01,4.953331000000000262e-01,2.571526666666666570e+05
3.985500000000000000e+03,8.904284999999998718e+01,4.950028000000000761e-01,2.584537333333333372e+05
3.995500000000000000e+03,8.907484000000000890e+01,4.948732999999999604e-01,2.597579666666667035e+05
4.005500000000000000e+03,8.904371000000000436e+01,4.946018999999999832e-01,2.610656333333333605e+05
4.015500000000000000e+03,8.904900000000000659e+01,4.944862999999999897e-01,2.623764666666666744e+05
4.025500000000000000e+03,8.906886000000000081e+01,4.943716000000000221e-01,2.636907000000000116e+05
4.035500000000000000e+03,8.905514999999999759e+01,4.941809000000000340e-01,2.650081333333333605e+05
4.045500000000000000e+03,8.903829000000000349e+01,4.939142000000000254e-01,2.663290666666667094e+05
4.055500000000000000e+03,8.904185999999999979e+01,4.936395000000000088e-01,2.676530666666667094e+05
4.065500000000000000e+03,8.907298999999999012e+01,4.933468000000000298e-01,2.689804333333332906e+05
4.075500000000000000e+03,8.910785999999998808e+01,4.934279999999999222e-01,2.703111333333333023e+05
4.085500000000000000e+03,8.911071000000001163e+01,4.931462999999999819e-01,2.716450333333333256e+05
4.095500000000000000e+03,8.908442999999999756e+01,4.929979999999999363e-01,2.729823666666666395e+05
4.105500000000000000e+03,8.913371999999999673e+01,4.929370999999999614e-01,2.743230666666666511e+05
4.115500000000000000e+03,8.912871000000001231e+01,4.926742000000000066e-01,2.756668333333333139e+05
4.125500000000000000e+03,8.911641000000000190e+01,4.924866000000000521e-01,2.770139666666666744e+05
4.135500000000000000e+03,8.917072000000000287e+01,4.923988999999999727e-01,2.783644333333333489e+05
4.145500000000000000e+03,8.916756999999998357e+01,4.922746000000000066e-01,2.797182999999999884e+05
4.155500000000000000e+03,8.916328000000001452e+01,4.919518999999999420e-01,2.810753333333333721e+05
4.165500000000000000e+03,8.922714000000000567e+01,4.918752999999999598e-01,2.824356666666666279e+05
4.175500000000000000e+03,8.919687000000000410e+01,4.916519000000000306e-01,2.837994000000000233e+05
4.185500000000000000e+03,8.923157000000000494e+01,4.915664999999999618e-01,2.851662666666667210e+05
4.195500000000000000e+03,8.919829000000000008e+01,4.914289000000000018e-01,2.865366666666666279e+05
4.205500000000000000e+03,8.921387000000001422e+01,4.915955999999999659e-01,2.879102666666667210e+05
4.215500000000000000e+03,8.916186000000000433e+01,4.912158999999999831e-01,2.892870999999999767e+05
4.225500000000000000e+03,8.914441999999999666e+01,4.913029999999999897e-01,2.906673666666666977e+05
4.235500000000000000e+03,8.912099999999999511e+01,4.916070000000000162e-01,2.920507999999999884e+05
4.245500000000000000e+03,8.911544999999999561e+01,4.914005000000000178e-01,2.934376333333333605e+05
4.255500000000000000e+03,8.910585999999999274e+01,4.922610000000000596e-01,2.948277000000000116e+05
4.265500000000000000e+03,8.911400000000000432e+01,4.916182999999999526e-01,2.962210000000000582e+05
4.275500000000000000e+03,8.907256999999999891e+01,4.922208000000000139e-01,2.976177333333333372e+05
4.285500000000000000e+03,8.907455999999999108e+01,4.921993000000000618e-01,2.990177666666666628e+05
4.295500000000000000e+03,8.910143000000002189e+01,4.922579999999999179e-01,3.004210000000000000e+05
4.305500000000000000e+03,8.908828000000001168e+01,4.924440000000000484e-01,3.018276666666666279e+05
4.315500000000000000e+03,8.913442999999998051e+01,4.920710000000000361e-01,3.032375999999999767e+05
4.325500000000000000e+03,8.913813000000000386e+01,4.911641000000000479e-01,3.046507666666667210e+05
4.335500000000000000e+03,8.911185000000000400e+01,4.911200000000000010e-01,3.060672999999999884e+05
4.345500000000000000e+03,8.911370999999999754e+01,4.902897999999999423e-01,3.074870000000000000e+05
4.355500000000000000e+03,8.917529000000000394e+01,4.908092000000000010e-01,3.089101333333333605e+05
4.365500000000000000e+03,8.913458999999998866e+01,4.915805999999999787e-01,3.103365000000000000e+05
4.375500000000000000e+03,8.915328000000000941e+01,4.911428999999999934e-01,3.117661333333333605e+05
4.385500000000000000e+03,8.918143000000000598e+01,4.910204000000000235e-01,3.131991333333333023e+05
4.395500000000000000e+03,8.920569000000000415e+01,4.915607000000000726e-01,3.146353666666666395e+05
4.405500000000000000e+03,8.921344000000000563e+01,4.912853000000000359e-01,3.160749666666666744e+05
4.415500000000000000e+03,8.919984999999999786e+01,4.908029999999999338e-01,3.175178333333333721e+05
4.425500000000000000e+03,8.919427999999999201e+01,4.907451999999999925e-01,3.189639999999999418e+05
4.435500000000000000e+03,8.912387000000001080e+01,4.905045000000000099e-01,3.204135666666667094e+05
4.445500000000000000e+03,8.917856999999999346e+01,4.903482999999999592e-01,3.218662666666666628e+05
4.455500000000000000e+03,8.909042999999999779e+01,4.899839999999999196e-01,3.233224000000000233e+05
4.465500000000000000e+03,8.908370999999999640e+01,4.897183999999999982e-01,3.247816333333334187e+05
4.475500000000000000e+03,8.910614000000001056e+01,4.894623000000000168e-01,3.262442999999999884e+05
4.485500000000000000e+03,8.911856999999999118e+01,4.892784000000000022e-01,3.277102666666666628e+05
4.495500000000000000e+03,8.911829000000000178e+01,4.890350000000000530e-01,3.291794333333333489e+05
4.505500000000000000e+03,8.913743000000000904e+01,4.889025000000000176e-01,3.306520666666666511e+05
4.515500000000000000e+03,8.912057000000000073e+01,4.886689999999999090e-01,3.321280000000000000e+05
4.525500000000000000e+03,8.914387000000000683e+01,4.884305999999999370e-01,3.336070333333333256e+05
4.535500000000000000e+03,8.909171999999999514e+01,4.881901000000000157e-01,3.350895000000000000e+05
4.545500000000000000e+03,8.912886000000000308e+01,4.880981999999999266e-01,3.365752000000000116e+05
4.555500000000000000e+03,8.907827999999999236e+01,4.880448999999999482e-01,3.380643333333333721e+05
4.565500000000000000e+03,8.911215000000001396e+01,4.880365999999999316e-01,3.395566666666666279e+05
4.575500000000000000e+03,8.908329000000000519e+01,4.878041999999999656e-01,3.410523666666666977e+05
4.585500000000000000e+03,8.911700999999999340e+01,4.876581999999999861e-01,3.425511666666666279e+05
4.595500000000000000e+03,8.912730000000000530e+01,4.874971999999999639e-01,3.440534666666666744e+05
4.605500000000000000e+03,8.909344000000000108e+01,4.871048000000000044e-01,3.455590333333333256e+05
4.615500000000000000e+03,8.912998999999999228e+01,4.874897999999999731e-01,3.470678333333333139e+05
4.625500000000000000e+03,8.910228999999999644e+01,4.870185999999999682e-01,3.485797999999999884e+05
4.635500000000000000e+03,8.914641000000000304e+01,4.871230999999999756e-01,3.500951333333333605e+05
4.645500000000000000e+03,8.914699000000000240e+01,4.865024000000000015e-01,3.516138333333333721e+05
4.655500000000000000e+03,8.914157000000000153e+01,4.864206000000000363e-01,3.531359000000000233e+05
4.665500000000000000e+03,8.915370000000000061e+01,4.862621000000000859e-01,3.546612333333333372e+05
4.675500000000000000e+03,8.910542999999999836e+01,4.859023000000000647e-01,3.561897666666666628e+05
4.685500000000000000e+03,8.911943999999999733e+01,4.862135000000000207e-01,3.577217666666667210e+05
4.695500000000000000e+03,8.913798999999998784e+01,4.859342999999999857e-01,3.592568333333333139e+05
4.705500000000000000e+03,8.912469999999999004e+01,4.858280999999999850e-01,3.607954000000000233e+05
4.715500000000000000e+03,8.917457000000000278e+01,4.854517999999999889e-01,3.623370666666667094e+05
4.725500000000000000e+03,8.912586000000000297e+01,4.852785000000000015e-01,3.638821666666666861e+05
4.735500000000000000e+03,8.914157000000000153e+01,4.849376000000000242e-01,3.654305333333333256e+05
4.745500000000000000e+03,8.908914000000001465e+01,4.849176000000000042e-01,3.669821666666666861e+05
4.755500000000000000e+03,8.910300999999999760e+01,4.848088999999999871e-01,3.685370666666666511e+05
4.765500000000000000e+03,8.907842000000000837e+01,4.846542000000000350e-01,3.700955000000000000e+05
4.775500000000000000e+03,8.908872000000000924e+01,4.844178000000000095e-01,3.716569666666666744e+05
4.785500000000000000e+03,8.908270999999999162e+01,4.844806000000000390e-01,3.732218666666666395e+05
4.795500000000000000e+03,8.908684999999999832e+01,4.842407999999999713e-01,3.747899333333332906e+05
4.805500000000000000e+03,8.907712999999999681e+01,4.842081000000000301e-01,3.763614000000000233e+05
4.815500000000000000e+03,8.909728000000001202e+01,4.840402000000000315e-01,3.779361666666666279e+05
4.825500000000000000e+03,8.912301000000000784e+01,4.839373999999999620e-01,3.795141666666666861e+05
4.835500000000000000e+03,8.908543000000000234e+01,4.839040000000000008e-01,3.810955333333333256e+05
4.845500000000000000e+03,8.908687000000000467e+01,4.837648999999999977e-01,3.826800999999999767e+05
4.855500000000000000e+03,8.909386000000000649e+01,4.836146999999999530e-01,3.842681333333333605e+05
4.865500000000000000e+03,8.908358999999998673e+01,4.836565000000000447e-01,3.858594000000000233e+05
4.875500000000000000e+03,8.908056999999999448e+01,4.838407000000000124e-01,3.874539333333333489e+05
4.885500000000000000e+03,8.908901000000000181e+01,4.837095999999999618e-01,3.890517999999999302e+05
4.895500000000000000e+03,8.908227999999999724e+01,4.836655999999999733e-01,3.906528333333333721e+05
4.905500000000000000e+03,8.906827999999998724e+01,4.835173999999999306e-01,3.922573333333333721e+05
4.915500000000000000e+03,8.909984000000000037e+01,4.835896000000000083e-01,3.938651333333333023e+05
4.925500000000000000e+03,8.906856999999999402e+01,4.834277000000000157e-01,3.954761666666666861e+05
4.935500000000000000e+03,8.908212999999999226e+01,4.832014000000000031e-01,3.970904666666666744e+05
4.945500000000000000e+03,8.908343000000000700e+01,4.832116000000000189e-01,3.987080999999999767e+05
4.955500000000000000e+03,8.907471999999999923e+01,4.830994999999999595e-01,4.003290666666666511e+05
4.965500000000000000e+03,8.908814999999999884e+01,4.831008999999999998e-01,4.019532999999999884e+05
4.975500000000000000e+03,8.909686999999999557e+01,4.828869999999999552e-01,4.035809000000000233e+05
4.985500000000000000e+03,8.911114000000000601e+01,4.828774000000000122e-01,4.052117333333332790e+05
4.995500000000000000e+03,8.912901000000000806e+01,4.828256999999999688e-01,4.068458333333333721e+05
