5.500000000000000000e+00,8.624711999999999534e+01,6.740417999999999665e+01,4.002896299999999380e-02
1.550000000000000000e+01,8.297429000000001054e+01,8.907265999999998130e+00,2.344766333333333230e-01
2.550000000000000000e+01,8.319571000000000538e+01,5.595391000000000226e+00,6.135554000000000840e-01
3.550000000000000000e+01,8.818999999999999773e+01,4.544961000000000695e+00,1.146307600000000093e+00
4.550000000000000000e+01,8.944286999999999921e+01,3.747368000000000254e+00,1.832445999999999797e+00
5.550000000000000000e+01,8.892283999999999367e+01,3.081519999999999815e+00,2.677762333333333356e+00
6.550000000000000000e+01,8.995287000000000432e+01,2.769124000000000141e+00,3.689546666666667196e+00
7.550000000000000000e+01,8.819144000000000005e+01,2.547107000000000010e+00,4.853496333333333190e+00
8.550000000000000000e+01,8.970143000000000200e+01,2.350007000000000179e+00,6.168460999999998862e+00
9.550000000000000000e+01,8.965716000000000463e+01,2.044738000000000167e+00,7.634790333333333123e+00
1.055000000000000000e+02,8.987144000000000688e+01,1.849295000000000133e+00,9.250109666666665120e+00
1.155000000000000000e+02,8.895140999999999565e+01,1.845083999999999946e+00,1.100953599999999888e+01
1.255000000000000000e+02,8.737144000000000688e+01,1.731902000000000275e+00,1.291111333333333278e+01
1.355000000000000000e+02,8.934144000000000574e+01,1.512808000000000153e+00,1.495610333333333486e+01
1.455000000000000000e+02,8.809570000000000789e+01,1.371966000000000019e+00,1.714581666666666493e+01
1.555000000000000000e+02,8.951429999999999154e+01,1.387735999999999859e+00,1.948783999999999850e+01
1.655000000000000000e+02,8.884141999999999939e+01,1.353142000000000067e+00,2.198487000000000080e+01
1.755000000000000000e+02,8.818143000000000598e+01,1.302988999999999953e+00,2.462808333333332911e+01
1.855000000000000000e+02,8.875714999999999577e+01,1.192704999999999682e+00,2.742748000000000275e+01
1.955000000000000000e+02,8.960569999999999879e+01,1.197778000000000009e+00,3.038091333333333210e+01
2.055000000000000000e+02,8.920286000000000115e+01,1.152371000000000034e+00,3.347936333333333891e+01
2.155000000000000000e+02,8.906999999999999318e+01,1.080781199999999886e+00,3.672428333333333228e+01
2.255000000000000000e+02,8.870858999999998673e+01,1.023615900000000023e+00,4.011812333333334379e+01
2.355000000000000000e+02,8.865429999999999211e+01,1.025917400000000201e+00,4.366709666666666578e+01
2.455000000000000000e+02,8.924998000000000786e+01,9.951613999999999738e-01,4.736477666666667119e+01
2.555000000000000000e+02,8.914570999999999401e+01,9.205897000000000663e-01,5.119973666666667356e+01
2.655000000000000000e+02,8.911426999999999055e+01,8.967696000000000556e-01,5.517276999999999987e+01
2.755000000000000000e+02,8.892141999999999769e+01,9.104725000000000179e-01,5.928864333333333292e+01
2.855000000000000000e+02,8.925717000000000212e+01,8.516700000000000381e-01,6.355055666666667236e+01
2.955000000000000000e+02,8.908286000000001081e+01,8.166624999999999579e-01,6.796208666666666431e+01
3.055000000000000000e+02,8.854715000000000202e+01,8.214283000000000001e-01,7.252325666666666848e+01
3.155000000000000000e+02,8.944858000000000686e+01,7.390196999999999461e-01,7.722612333333333368e+01
3.255000000000000000e+02,8.933714000000000510e+01,7.307301999999999964e-01,8.207662333333334459e+01
3.355000000000000000e+02,8.971572000000000457e+01,7.293271999999999533e-01,8.707926333333332991e+01
3.455000000000000000e+02,8.925713999999999260e+01,7.316756999999999289e-01,9.222876999999998304e+01
3.555000000000000000e+02,8.952000999999999920e+01,7.010251000000000676e-01,9.753529999999999234e+01
3.655000000000000000e+02,8.963571999999999207e+01,6.720015000000000294e-01,1.029989833333333280e+02
3.755000000000000000e+02,8.945427999999999713e+01,6.718974999999999254e-01,1.086169000000000153e+02
3.855000000000000000e+02,8.946000000000000796e+01,6.920143000000000821e-01,1.143788999999999731e+02
3.955000000000000000e+02,8.984427999999999770e+01,6.599836999999999509e-01,1.202945666666666682e+02
4.055000000000000000e+02,9.006571999999999889e+01,6.395831999999999073e-01,1.263675333333333413e+02
4.155000000000000000e+02,9.002855999999999881e+01,6.379234000000000293e-01,1.325935333333333404e+02
4.255000000000000000e+02,9.008428999999998155e+01,6.248686999999999436e-01,1.389686333333333437e+02
4.355000000000000000e+02,8.995141999999998461e+01,6.210005000000000663e-01,1.455025333333333322e+02
4.455000000000000000e+02,9.001142999999999006e+01,6.059421000000000390e-01,1.521994333333333600e+02
4.555000000000000000e+02,9.036286999999998670e+01,6.003797000000000716e-01,1.590601666666666745e+02
4.655000000000000000e+02,9.070428000000001134e+01,5.807096000000000480e-01,1.660872666666666646e+02
4.755000000000000000e+02,9.082284999999998831e+01,6.014066000000000134e-01,1.732883999999999673e+02
4.855000000000000000e+02,9.086429999999998586e+01,5.816483999999999543e-01,1.806581333333333248e+02
4.955000000000000000e+02,9.095714000000000965e+01,6.081383000000000205e-01,1.881902666666666732e+02
5.055000000000000000e+02,9.060572000000000514e+01,5.857156999999999503e-01,1.958855000000000075e+02
5.155000000000000000e+02,9.091999999999998749e+01,5.981249999999999067e-01,2.037378666666666618e+02
5.255000000000000000e+02,9.091571999999999321e+01,6.032428999999999153e-01,2.117550000000000239e+02
5.355000000000000000e+02,9.075001000000000317e+01,5.526417999999999608e-01,2.199347999999999956e+02
5.455000000000000000e+02,9.088427000000000078e+01,5.798302000000001843e-01,2.282773333333333596e+02
5.555000000000000000e+02,9.090141999999998745e+01,5.512488999999998196e-01,2.367898333333333483e+02
5.655000000000000000e+02,9.088572000000000628e+01,5.430640000000001022e-01,2.454729666666666503e+02
5.755000000000000000e+02,9.086570999999999287e+01,5.496493000000000073e-01,2.543282333333333440e+02
5.855000000000000000e+02,9.084141999999999939e+01,5.550928000000001639e-01,2.633455666666667412e+02
5.955000000000000000e+02,9.092427999999998178e+01,5.510871000000000519e-01,2.725201666666666824e+02
6.055000000000000000e+02,9.094142999999999688e+01,5.226511000000000351e-01,2.818677333333333763e+02
6.155000000000000000e+02,9.087573000000000434e+01,5.352926000000001183e-01,2.913879000000000588e+02
6.255000000000000000e+02,9.085713000000001216e+01,5.183811999999999864e-01,3.010724999999999909e+02
6.355000000000000000e+02,9.086285000000000878e+01,5.176612000000000435e-01,3.109229666666666958e+02
6.455000000000000000e+02,9.075285999999998410e+01,4.994962999999999487e-01,3.209375999999999749e+02
6.555000000000000000e+02,9.080858000000000629e+01,4.866998000000000713e-01,3.311198666666666099e+02
6.655000000000000000e+02,9.080715000000000714e+01,4.953606999999999871e-01,3.414788666666667041e+02
6.755000000000000000e+02,9.080574000000000012e+01,4.990077000000000540e-01,3.519969999999999573e+02
6.855000000000000000e+02,9.074572999999999467e+01,4.968485000000000262e-01,3.626617999999999711e+02
6.955000000000000000e+02,9.074571999999999150e+01,4.790953000000000017e-01,3.734799333333332925e+02
7.055000000000000000e+02,9.074571000000000254e+01,4.948644999999999849e-01,3.844527999999999679e+02
7.155000000000000000e+02,9.076142999999999006e+01,5.271341000000000498e-01,3.955753333333333330e+02
7.255000000000000000e+02,9.078857000000000710e+01,5.156020000000000048e-01,4.068545000000000300e+02
7.355000000000000000e+02,9.081855000000000189e+01,5.327969000000000177e-01,4.182946000000000026e+02
7.455000000000000000e+02,9.084570999999998264e+01,5.470587999999999562e-01,4.298870000000000005e+02
7.555000000000000000e+02,9.075856999999999175e+01,5.223493999999999637e-01,4.416237666666667110e+02
7.655000000000000000e+02,9.085570999999998776e+01,5.267006999999999106e-01,4.535096333333333973e+02
7.755000000000000000e+02,9.076856999999998266e+01,5.127139000000000557e-01,4.655497333333332790e+02
7.855000000000000000e+02,9.078284999999999627e+01,4.916245000000000198e-01,4.777448000000000548e+02
7.955000000000000000e+02,9.074998999999999683e+01,5.041136999999999979e-01,4.901056333333332873e+02
8.055000000000000000e+02,9.091713999999998919e+01,5.109890999999999739e-01,5.026350999999999658e+02
8.155000000000000000e+02,9.079716999999999416e+01,4.895272000000000512e-01,5.153283666666667386e+02
8.255000000000000000e+02,9.081427000000000760e+01,4.997812999999999839e-01,5.281793000000000120e+02
8.355000000000000000e+02,9.076569999999999538e+01,4.875404999999999878e-01,5.411881000000000768e+02
8.455000000000000000e+02,9.080429000000000883e+01,4.939730999999999983e-01,5.543597333333333381e+02
8.555000000000000000e+02,9.083572000000000912e+01,4.585329000000000765e-01,5.676976333333334424e+02
8.655000000000000000e+02,9.078428999999999860e+01,4.639390999999999932e-01,5.812056333333332532e+02
8.755000000000000000e+02,9.075569000000000131e+01,4.923681000000000307e-01,5.948865333333333183e+02
8.855000000000000000e+02,9.079285000000001560e+01,4.524389999999999246e-01,6.087461666666665678e+02
8.955000000000000000e+02,9.075141999999999598e+01,4.575759999999999827e-01,6.227602333333333036e+02
9.055000000000000000e+02,9.077714999999999179e+01,4.536308000000000007e-01,6.369147000000000389e+02
9.155000000000000000e+02,9.079858000000001539e+01,4.623560000000000447e-01,6.512182333333333872e+02
9.255000000000000000e+02,9.079713999999998464e+01,4.613666999999999629e-01,6.656700333333333219e+02
9.355000000000000000e+02,9.078143000000000029e+01,4.554794000000000342e-01,6.802692333333333181e+02
9.455000000000000000e+02,9.083000999999998726e+01,4.654481000000000313e-01,6.950160666666666884e+02
9.555000000000000000e+02,9.079571999999998866e+01,4.505190000000000583e-01,7.099219666666666626e+02
9.655000000000000000e+02,9.078999999999999204e+01,4.522384999999999877e-01,7.249788666666667041e+02
9.755000000000000000e+02,9.078143000000001450e+01,4.600298999999999916e-01,7.401832666666666682e+02
9.855000000000000000e+02,9.079573999999999501e+01,4.562216000000000049e-01,7.555307000000000244e+02
9.955000000000000000e+02,9.082572999999999297e+01,4.463892000000000415e-01,7.710296333333333223e+02
1.005500000000000000e+03,9.077999000000001217e+01,4.514883000000000091e-01,7.866789666666666108e+02
1.015500000000000000e+03,9.078713999999999373e+01,4.365832000000000046e-01,8.024824333333334607e+02
1.025500000000000000e+03,9.076715000000000089e+01,4.383874999999999855e-01,8.184471666666665897e+02
1.035500000000000000e+03,9.076000000000000512e+01,4.383788000000000129e-01,8.345753666666666959e+02
1.045500000000000000e+03,9.077000000000001023e+01,4.334345000000000558e-01,8.508603000000000520e+02
1.055500000000000000e+03,9.077715000000002021e+01,4.276805999999999663e-01,8.673004000000000815e+02
1.065500000000000000e+03,9.073999999999999488e+01,4.226215999999999862e-01,8.839002000000000407e+02
1.075500000000000000e+03,9.070427999999999713e+01,4.351721999999999535e-01,9.006648999999999887e+02
1.085500000000000000e+03,9.074571000000000254e+01,4.425103000000000231e-01,9.175920333333333474e+02
1.095500000000000000e+03,9.073427999999999827e+01,4.432218000000000546e-01,9.346809666666665635e+02
1.105500000000000000e+03,9.072142999999998381e+01,4.263039000000000134e-01,9.519337666666666564e+02
1.115500000000000000e+03,9.071426999999998486e+01,4.265401999999999805e-01,9.693485000000000582e+02
1.125500000000000000e+03,9.070284999999999798e+01,4.361296000000000062e-01,9.869185999999999694e+02
1.135500000000000000e+03,9.073283999999999594e+01,4.244361999999999857e-01,1.004646233333333271e+03
1.145500000000000000e+03,9.073855000000000359e+01,4.294343999999999939e-01,1.022532300000000077e+03
1.155500000000000000e+03,9.066142000000000678e+01,4.371062000000000003e-01,1.040565999999999804e+03
1.165500000000000000e+03,9.062287000000000603e+01,4.382263000000000130e-01,1.058744666666666490e+03
1.175500000000000000e+03,9.073570999999999742e+01,4.113845999999999892e-01,1.077062333333333072e+03
1.185500000000000000e+03,9.064857000000000653e+01,4.154994000000000187e-01,1.095528333333333194e+03
1.195500000000000000e+03,9.066427999999999088e+01,4.283669999999999978e-01,1.114152333333333218e+03
1.205500000000000000e+03,9.075429999999998643e+01,4.257104999999999917e-01,1.132948999999999842e+03
1.215500000000000000e+03,9.069714999999999350e+01,4.281862000000000168e-01,1.151897666666666510e+03
1.225500000000000000e+03,9.069715000000000771e+01,4.116535000000000055e-01,1.170994666666666944e+03
1.235500000000000000e+03,9.065000000000000568e+01,4.120582999999999885e-01,1.190254999999999882e+03
1.245500000000000000e+03,9.067284999999999684e+01,4.393715000000000259e-01,1.209692333333333181e+03
1.255500000000000000e+03,9.073143000000000313e+01,4.128228999999999926e-01,1.229293000000000120e+03
1.265500000000000000e+03,9.068429000000000428e+01,4.250326999999999300e-01,1.249050999999999931e+03
1.275500000000000000e+03,9.072427000000000419e+01,4.192353999999999803e-01,1.268962666666666792e+03
1.285500000000000000e+03,9.063714999999999122e+01,4.252112000000000114e-01,1.289024666666666690e+03
1.295500000000000000e+03,9.064858000000000970e+01,3.991868000000000083e-01,1.309245666666666466e+03
1.305500000000000000e+03,9.064856999999999232e+01,4.102957999999999883e-01,1.329628333333333330e+03
1.315500000000000000e+03,9.069998999999999967e+01,4.108229999999999937e-01,1.350175000000000182e+03
1.325500000000000000e+03,9.065000000000000568e+01,4.247167000000000026e-01,1.370883666666666841e+03
1.335500000000000000e+03,9.062713999999999714e+01,4.239891000000000076e-01,1.391757666666666637e+03
1.345500000000000000e+03,9.059713000000000704e+01,4.196418000000000648e-01,1.412795333333333474e+03
1.355500000000000000e+03,9.056859000000000037e+01,4.148316000000000225e-01,1.434003333333333103e+03
1.365500000000000000e+03,9.063286000000000797e+01,4.106187000000000031e-01,1.455380000000000109e+03
1.375500000000000000e+03,9.067000000000000171e+01,4.190116999999999869e-01,1.476921333333333223e+03
1.385500000000000000e+03,9.062856999999999630e+01,4.024555999999999689e-01,1.498625333333333401e+03
1.395500000000000000e+03,9.065000000000000568e+01,4.213475999999999888e-01,1.520495666666666466e+03
1.405500000000000000e+03,9.060429999999999495e+01,4.333909000000000233e-01,1.542538000000000011e+03
1.415500000000000000e+03,9.062429000000000201e+01,4.418206999999999551e-01,1.564736666666666906e+03
1.425500000000000000e+03,9.060142000000000451e+01,4.324418000000000428e-01,1.587098000000000184e+03
1.435500000000000000e+03,9.061142999999999859e+01,4.491650999999999838e-01,1.609619666666666717e+03
1.445500000000000000e+03,9.056285999999998637e+01,4.349602000000000190e-01,1.632309666666666772e+03
1.455500000000000000e+03,9.056285999999998637e+01,4.297421999999999076e-01,1.655172666666666601e+03
1.465500000000000000e+03,9.056571999999999889e+01,4.567420000000000369e-01,1.678200333333333447e+03
1.475500000000000000e+03,9.058572999999998387e+01,4.475756999999999652e-01,1.701384666666666817e+03
1.485500000000000000e+03,9.059713000000000704e+01,4.503629000000000104e-01,1.724733333333333121e+03
1.495500000000000000e+03,9.056141999999999825e+01,4.401241999999999654e-01,1.748248333333333449e+03
1.505500000000000000e+03,9.056713999999999487e+01,4.472999000000000835e-01,1.771927000000000135e+03
1.515500000000000000e+03,9.056143000000000143e+01,4.449413999999999869e-01,1.795764333333333298e+03
1.525500000000000000e+03,9.056286000000000058e+01,4.543332000000000481e-01,1.819760999999999967e+03
1.535500000000000000e+03,9.056002000000000862e+01,4.278933999999999793e-01,1.843920000000000073e+03
1.545500000000000000e+03,9.060142999999999347e+01,4.498890999999999307e-01,1.868244666666666944e+03
1.555500000000000000e+03,9.062287000000000603e+01,4.523629999999999596e-01,1.892738666666666859e+03
1.565500000000000000e+03,9.054714999999998781e+01,4.730883000000000171e-01,1.917404999999999973e+03
1.575500000000000000e+03,9.060142999999999347e+01,4.759591000000000238e-01,1.942233999999999924e+03
1.585500000000000000e+03,9.055572000000000799e+01,4.593220999999999554e-01,1.967222333333333154e+03
1.595500000000000000e+03,9.060999999999999943e+01,4.669178000000000495e-01,1.992371000000000322e+03
1.605500000000000000e+03,9.055285999999999547e+01,4.797078000000000175e-01,2.017684666666666544e+03
1.615500000000000000e+03,9.051715000000000089e+01,4.516788999999999943e-01,2.043166000000000395e+03
1.625500000000000000e+03,9.049286000000000740e+01,4.855460999999999805e-01,2.068820333333333565e+03
1.635500000000000000e+03,9.053283999999999310e+01,4.616592000000000473e-01,2.094648000000000138e+03
1.645500000000000000e+03,9.056570999999999572e+01,4.652081000000000688e-01,2.120627333333332899e+03
1.655500000000000000e+03,9.056141999999999825e+01,4.786100000000000354e-01,2.146750333333332946e+03
1.665500000000000000e+03,9.057999999999999829e+01,4.747194000000000136e-01,2.173024333333333288e+03
1.675500000000000000e+03,9.056570000000000675e+01,4.709942999999999769e-01,2.199456666666666933e+03
1.685500000000000000e+03,9.058143999999998641e+01,4.398709000000000091e-01,2.226041000000000167e+03
1.695500000000000000e+03,9.058714000000000510e+01,4.607639000000000040e-01,2.252791000000000167e+03
1.705500000000000000e+03,9.057000000000000739e+01,4.709884000000000848e-01,2.279710666666666839e+03
1.715500000000000000e+03,9.060572999999999411e+01,4.641966000000000148e-01,2.306788333333332957e+03
1.725500000000000000e+03,9.060855999999999710e+01,4.522164999999999102e-01,2.334025333333333947e+03
1.735500000000000000e+03,9.061856000000000222e+01,4.720331999999999861e-01,2.361419333333333725e+03
1.745500000000000000e+03,9.056428000000001077e+01,4.637223999999999791e-01,2.388967666666666446e+03
1.755500000000000000e+03,9.059429999999998984e+01,4.658725999999999701e-01,2.416668000000000120e+03
1.765500000000000000e+03,9.063286000000000797e+01,4.678744000000000236e-01,2.444527666666666846e+03
1.775500000000000000e+03,9.058999000000000024e+01,4.565217999999999776e-01,2.472542333333333318e+03
1.785500000000000000e+03,9.059999999999999432e+01,4.712964000000000597e-01,2.500699666666666417e+03
1.795500000000000000e+03,9.061427999999999372e+01,4.712740000000000262e-01,2.529007333333333463e+03
1.805500000000000000e+03,9.063571000000000311e+01,4.692741999999999747e-01,2.557470000000000255e+03
1.815500000000000000e+03,9.059856999999999516e+01,4.572905000000000442e-01,2.586118666666666741e+03
1.825500000000000000e+03,9.063571000000001732e+01,4.661950000000000816e-01,2.614945666666666511e+03
1.835500000000000000e+03,9.063142000000000564e+01,4.617457999999999840e-01,2.643931666666666843e+03
1.845500000000000000e+03,9.061570999999999287e+01,4.587183999999999706e-01,2.673080666666666275e+03
1.855500000000000000e+03,9.060714000000000112e+01,4.694504000000000454e-01,2.702401000000000749e+03
1.865500000000000000e+03,9.064142999999999972e+01,4.693248000000000419e-01,2.731898000000000138e+03
1.875500000000000000e+03,9.062286000000000286e+01,4.633486999999999467e-01,2.761563000000000102e+03
1.885500000000000000e+03,9.062284999999999968e+01,4.615971999999999298e-01,2.791401333333333241e+03
1.895500000000000000e+03,9.065000000000000568e+01,4.606256000000000239e-01,2.821407999999999902e+03
1.905500000000000000e+03,9.062143000000000370e+01,4.645971999999999325e-01,2.851579666666666526e+03
1.915500000000000000e+03,9.065856999999999744e+01,4.566837999999999731e-01,2.881919000000000324e+03
1.925500000000000000e+03,9.064714000000000738e+01,4.733237000000000139e-01,2.912420333333333019e+03
1.935500000000000000e+03,9.065286000000000399e+01,4.578494000000000175e-01,2.943085666666666839e+03
1.945500000000000000e+03,9.065142000000000166e+01,4.530864000000000003e-01,2.973903999999999996e+03
1.955500000000000000e+03,9.067286000000001422e+01,4.560772999999999078e-01,3.004873333333333449e+03
1.965500000000000000e+03,9.064857999999999549e+01,4.541974000000000844e-01,3.035996333333333041e+03
1.975500000000000000e+03,9.063572999999999524e+01,4.641431999999999780e-01,3.067280666666666548e+03
1.985500000000000000e+03,9.064857000000002074e+01,4.572027000000000174e-01,3.098726666666666461e+03
1.995500000000000000e+03,9.062999999999999545e+01,4.529990999999999879e-01,3.130338333333333139e+03
2.005500000000000000e+03,9.068427999999998690e+01,4.645460000000000700e-01,3.162119333333333543e+03
2.015500000000000000e+03,9.069144000000000005e+01,4.683837000000000694e-01,3.194072999999999865e+03
2.025500000000000000e+03,9.065713999999999828e+01,4.546981999999999968e-01,3.226206666666666933e+03
2.035500000000000000e+03,9.069428999999999519e+01,4.711935000000000429e-01,3.258546666666666624e+03
2.045500000000000000e+03,9.069571000000001959e+01,4.657965000000000022e-01,3.291033333333332848e+03
2.055500000000000000e+03,9.066713999999998919e+01,4.769400000000000306e-01,3.323668666666666013e+03
2.065500000000000000e+03,9.068859000000000492e+01,4.595619000000000232e-01,3.356455333333332874e+03
2.075500000000000000e+03,9.066287000000001228e+01,4.613495000000000235e-01,3.389380999999999858e+03
2.085500000000000000e+03,9.069286999999999921e+01,4.644336000000000020e-01,3.422462333333333845e+03
2.095500000000000000e+03,9.066714999999999236e+01,4.733995999999999205e-01,3.455695666666666511e+03
2.105500000000000000e+03,9.068569999999999709e+01,4.673553000000000290e-01,3.489080666666667184e+03
2.115500000000000000e+03,9.066141999999999257e+01,4.668291999999999997e-01,3.522615666666666129e+03
2.125500000000000000e+03,9.067571999999999832e+01,4.682244000000000961e-01,3.556309666666666999e+03
2.135500000000000000e+03,9.066429999999999723e+01,4.703218000000000676e-01,3.590152999999999793e+03
2.145500000000000000e+03,9.065572000000000230e+01,4.759497000000000311e-01,3.624150666666666893e+03
2.155500000000000000e+03,9.066570000000000107e+01,4.624967999999999857e-01,3.658302666666666482e+03
2.165500000000000000e+03,9.067856000000000449e+01,4.712564000000000197e-01,3.692612000000000080e+03
2.175500000000000000e+03,9.065285000000000082e+01,4.726086999999999927e-01,3.727075666666666166e+03
2.185500000000000000e+03,9.068142999999999176e+01,4.667594999999999383e-01,3.761686333333333550e+03
2.195500000000000000e+03,9.067000999999999067e+01,4.687042999999999071e-01,3.796444333333332906e+03
2.205500000000000000e+03,9.065000000000000568e+01,4.620582999999999774e-01,3.831362333333333481e+03
2.215500000000000000e+03,9.068000000000000682e+01,4.726280999999999954e-01,3.866430666666667094e+03
2.225500000000000000e+03,9.065571000000001334e+01,4.652065999999999701e-01,3.901641666666666424e+03
2.235500000000000000e+03,9.065284999999998661e+01,4.676494999999999957e-01,3.937000666666665893e+03
2.245500000000000000e+03,9.066142000000000678e+01,4.674916999999999545e-01,3.972507666666666864e+03
2.255500000000000000e+03,9.064857000000002074e+01,4.630520999999999665e-01,4.008166333333333569e+03
2.265500000000000000e+03,9.064999000000000251e+01,4.676903000000000032e-01,4.043983666666666977e+03
2.275500000000000000e+03,9.067858000000001084e+01,4.604560000000000319e-01,4.079957333333333281e+03
2.285500000000000000e+03,9.064712000000000103e+01,4.705929999999999280e-01,4.116075333333333219e+03
2.295500000000000000e+03,9.063715999999999440e+01,4.714859000000000688e-01,4.152345333333332746e+03
2.305500000000000000e+03,9.063572000000002049e+01,4.665393999999999930e-01,4.188777333333333445e+03
2.315500000000000000e+03,9.062715000000000032e+01,4.679559999999999276e-01,4.225370333333333292e+03
2.325500000000000000e+03,9.064999000000000251e+01,4.630433000000001020e-01,4.262119000000000597e+03
2.335500000000000000e+03,9.066286999999999807e+01,4.711979000000000584e-01,4.299013666666665813e+03
2.345500000000000000e+03,9.064428000000000907e+01,4.691017000000000658e-01,4.336067000000000007e+03
2.355500000000000000e+03,9.062143000000000370e+01,4.694829000000000363e-01,4.373281000000000859e+03
2.365500000000000000e+03,9.063143000000000882e+01,4.684745000000000159e-01,4.410650999999999840e+03
2.375500000000000000e+03,9.062715000000000032e+01,4.685035000000000172e-01,4.448165333333333365e+03
2.385500000000000000e+03,9.061143999999998755e+01,4.679767000000000232e-01,4.485821999999999207e+03
2.395500000000000000e+03,9.060856000000001131e+01,4.705276999999999932e-01,4.523623999999999796e+03
2.405500000000000000e+03,9.061714999999999520e+01,4.656376999999999877e-01,4.561588000000000648e+03
2.415500000000000000e+03,9.061570999999999287e+01,4.697568999999999773e-01,4.599698333333333721e+03
2.425500000000000000e+03,9.062428000000001305e+01,4.662747999999999893e-01,4.637961666666667043e+03
2.435500000000000000e+03,9.061858999999999753e+01,4.688776000000000055e-01,4.676376999999999498e+03
2.445500000000000000e+03,9.061856000000000222e+01,4.657426000000001176e-01,4.714945000000000618e+03
2.455500000000000000e+03,9.058570999999999174e+01,4.674644000000000577e-01,4.753663333333332957e+03
2.465500000000000000e+03,9.060714000000000112e+01,4.681848000000000676e-01,4.792536333333332550e+03
2.475500000000000000e+03,9.060285999999999262e+01,4.636149999999999993e-01,4.831552666666666482e+03
2.485500000000000000e+03,9.058857000000000426e+01,4.620975999999999972e-01,4.870717666666665536e+03
2.495500000000000000e+03,9.059286000000000172e+01,4.700857999999999981e-01,4.910018333333334340e+03
2.505500000000000000e+03,9.060857999999998924e+01,4.679505999999999943e-01,4.949466000000000349e+03
2.515500000000000000e+03,9.059284999999999854e+01,4.641544000000000780e-01,4.989062666666666701e+03
2.525500000000000000e+03,9.058713999999999089e+01,4.679054000000000824e-01,5.028813666666666904e+03
2.535500000000000000e+03,9.058428999999998155e+01,4.670832999999999791e-01,5.068729999999999563e+03
2.545500000000000000e+03,9.057428000000001589e+01,4.646208000000000560e-01,5.108801666666666279e+03
2.555500000000000000e+03,9.058572000000000912e+01,4.666911999999999727e-01,5.149027000000000044e+03
2.565500000000000000e+03,9.058428000000000679e+01,4.680362000000000688e-01,5.189398999999999432e+03
2.575500000000000000e+03,9.057572000000000401e+01,4.686374999999999846e-01,5.229923333333334085e+03
2.585500000000000000e+03,9.059143000000000256e+01,4.643048000000000175e-01,5.270590333333333547e+03
2.595500000000000000e+03,9.057570000000001187e+01,4.681622000000000838e-01,5.311413333333333867e+03
2.605500000000000000e+03,9.056570999999999572e+01,4.623659999999999992e-01,5.352382333333333008e+03
2.615500000000000000e+03,9.058572000000000912e+01,4.652193999999999496e-01,5.393495333333333292e+03
2.625500000000000000e+03,9.056571999999998468e+01,4.634379999999999056e-01,5.434755333333333510e+03
2.635500000000000000e+03,9.056141999999999825e+01,4.654657999999999296e-01,5.476166999999999462e+03
2.645500000000000000e+03,9.056284000000000844e+01,4.669823000000000168e-01,5.517731666666667479e+03
2.655500000000000000e+03,9.057568999999999448e+01,4.706411000000000344e-01,5.559445999999999003e+03
2.665500000000000000e+03,9.056571999999999889e+01,4.702354999999999730e-01,5.601316333333333205e+03
2.675500000000000000e+03,9.057141000000000020e+01,4.646124999999999838e-01,5.643344333333333452e+03
2.685500000000000000e+03,9.057141000000000020e+01,4.693546000000000662e-01,5.685519999999999527e+03
2.695500000000000000e+03,9.057571000000000083e+01,4.647099000000000091e-01,5.727843333333333248e+03
2.705500000000000000e+03,9.056001000000000545e+01,4.692458000000000462e-01,5.770314333333333707e+03
2.715500000000000000e+03,9.057569999999999766e+01,4.646552000000000460e-01,5.812941666666666606e+03
2.725500000000000000e+03,9.058142999999999745e+01,4.669493000000000116e-01,5.855726666666666461e+03
2.735500000000000000e+03,9.057427000000001271e+01,4.707037000000000582e-01,5.898667333333333772e+03
2.745500000000000000e+03,9.058428000000000679e+01,4.642330000000000068e-01,5.941771333333333132e+03
2.755500000000000000e+03,9.057712999999999681e+01,4.708608000000000793e-01,5.985040333333333365e+03
2.765500000000000000e+03,9.056856000000001927e+01,4.662264000000000408e-01,6.028474000000000160e+03
2.775500000000000000e+03,9.057571000000000083e+01,4.686930000000000263e-01,6.072061666666666497e+03
2.785500000000000000e+03,9.056570999999999572e+01,4.659658999999999329e-01,6.115814666666667108e+03
2.795500000000000000e+03,9.057428000000000168e+01,4.634771999999999781e-01,6.159745666666667603e+03
2.805500000000000000e+03,9.057571000000000083e+01,4.651110999999999440e-01,6.203846999999999753e+03
2.815500000000000000e+03,9.055713000000000079e+01,4.676653000000000060e-01,6.248106999999999971e+03
2.825500000000000000e+03,9.056141999999999825e+01,4.660170000000000701e-01,6.292519999999999527e+03
2.835500000000000000e+03,9.056855000000000189e+01,4.635236000000000911e-01,6.337093333333333248e+03
2.845500000000000000e+03,9.057286000000000570e+01,4.665519000000000749e-01,6.381825999999999112e+03
2.855500000000000000e+03,9.058712999999998772e+01,4.674210000000000309e-01,6.426709333333334143e+03
2.865500000000000000e+03,9.057287999999998362e+01,4.651504000000000194e-01,6.471738333333332776e+03
2.875500000000000000e+03,9.057857999999998810e+01,4.645362999999999576e-01,6.516922000000000480e+03
2.885500000000000000e+03,9.057000999999999635e+01,4.678007999999999056e-01,6.562257666666666410e+03
2.895500000000000000e+03,9.060285999999999262e+01,4.698303999999999259e-01,6.607750000000000000e+03
2.905500000000000000e+03,9.059856999999999516e+01,4.649897999999999532e-01,6.653400666666666439e+03
2.915500000000000000e+03,9.057572000000000401e+01,4.684699999999999420e-01,6.699204999999999927e+03
2.925500000000000000e+03,9.058429000000000997e+01,4.636674000000000073e-01,6.745158666666667159e+03
2.935500000000000000e+03,9.058857000000001847e+01,4.653533999999999726e-01,6.791259333333333416e+03
2.945500000000000000e+03,9.057856000000001018e+01,4.668998000000000315e-01,6.837509333333333416e+03
2.955500000000000000e+03,9.058286000000001081e+01,4.681549999999999878e-01,6.883904333333333852e+03
2.965500000000000000e+03,9.057143999999999551e+01,4.644498000000000237e-01,6.930451999999999316e+03
2.975500000000000000e+03,9.056430000000000291e+01,4.657532000000000894e-01,6.977156333333332441e+03
2.985500000000000000e+03,9.059429000000000087e+01,4.638281999999999128e-01,7.024021999999999935e+03
2.995500000000000000e+03,9.055571999999999377e+01,4.674066000000000054e-01,7.071046666666666169e+03
3.005500000000000000e+03,9.059427999999999770e+01,4.660453000000000512e-01,7.118216333333332841e+03
3.015500000000000000e+03,9.058571000000000595e+01,4.688756000000000590e-01,7.165527000000000044e+03
3.025500000000000000e+03,9.059000000000000341e+01,4.634276999999999980e-01,7.212989999999999782e+03
3.035500000000000000e+03,9.058570999999999174e+01,4.665974000000000510e-01,7.260607666666665864e+03
3.045500000000000000e+03,9.058999000000000024e+01,4.662838999999999734e-01,7.308387333333334027e+03
3.055500000000000000e+03,9.057713999999998578e+01,4.633393000000000095e-01,7.356330333333333328e+03
3.065500000000000000e+03,9.057712999999999681e+01,4.673042000000000584e-01,7.404432666666665682e+03
3.075500000000000000e+03,9.057855000000000700e+01,4.659726000000000146e-01,7.452680666666667094e+03
3.085500000000000000e+03,9.057283999999999935e+01,4.660485000000000322e-01,7.501074333333333016e+03
3.095500000000000000e+03,9.058142000000000849e+01,4.655693000000000192e-01,7.549608333333332666e+03
3.105500000000000000e+03,9.057855999999999597e+01,4.626435999999999882e-01,7.598283000000000357e+03
3.115500000000000000e+03,9.058284000000000447e+01,4.650811000000000250e-01,7.647097999999999956e+03
3.125500000000000000e+03,9.057712999999999681e+01,4.666761000000000381e-01,7.696068000000001120e+03
3.135500000000000000e+03,9.057141000000001441e+01,4.654107999999999024e-01,7.745184666666666089e+03
3.145500000000000000e+03,9.057428000000000168e+01,4.669017000000000306e-01,7.794438000000000102e+03
3.155500000000000000e+03,9.056712999999999170e+01,4.626009999999999844e-01,7.843827666666666119e+03
3.165500000000000000e+03,9.056426000000001864e+01,4.613253000000000492e-01,7.893356666666664751e+03
3.175500000000000000e+03,9.054998000000000502e+01,4.660692999999999087e-01,7.943024999999999636e+03
3.185500000000000000e+03,9.057569999999999766e+01,4.630405000000000770e-01,7.992840000000001055e+03
3.195500000000000000e+03,9.056998000000000104e+01,4.631434000000000384e-01,8.042813666666666904e+03
3.205500000000000000e+03,9.056572000000001310e+01,4.639560000000000350e-01,8.092954333333334944e+03
3.215500000000000000e+03,9.057284000000001356e+01,4.662578999999998919e-01,8.143254666666667617e+03
3.225500000000000000e+03,9.055998000000001014e+01,4.645511999999999975e-01,8.193711333333334551e+03
3.235500000000000000e+03,9.056284999999999741e+01,4.636674000000000073e-01,8.244332000000000335e+03
3.245500000000000000e+03,9.054571999999998866e+01,4.621670999999999974e-01,8.295152000000001863e+03
3.255500000000000000e+03,9.057142000000000337e+01,4.594595000000000207e-01,8.346147000000000844e+03
3.265500000000000000e+03,9.057140000000001123e+01,4.630813999999999764e-01,8.397291000000001077e+03
3.275500000000000000e+03,9.057140000000001123e+01,4.613162000000000096e-01,8.448597666666664736e+03
3.285500000000000000e+03,9.055001000000001454e+01,4.630406000000000799e-01,8.500070999999999913e+03
3.295500000000000000e+03,9.054715000000000202e+01,4.630771999999999666e-01,8.551710666666665929e+03
3.305500000000000000e+03,9.054285000000000139e+01,4.640980000000000105e-01,8.603507000000001426e+03
3.315500000000000000e+03,9.054285999999999035e+01,4.636704999999999299e-01,8.655448666666667123e+03
3.325500000000000000e+03,9.054855999999998062e+01,4.624860999999999001e-01,8.707524333333334653e+03
3.335500000000000000e+03,9.055857000000000312e+01,4.624313999999999925e-01,8.759735666666667385e+03
3.345500000000000000e+03,9.054428999999998950e+01,4.636647999999999881e-01,8.812086999999997715e+03
3.355500000000000000e+03,9.056143000000000143e+01,4.616505999999999110e-01,8.864585000000000946e+03
3.365500000000000000e+03,9.055855999999999995e+01,4.631038000000000099e-01,8.917238333333332776e+03
3.375500000000000000e+03,9.053999999999999204e+01,4.647131999999999930e-01,8.970045999999998457e+03
3.385500000000000000e+03,9.054143999999999437e+01,4.615175000000000805e-01,9.023008666666664794e+03
3.395500000000000000e+03,9.054570999999998548e+01,4.630664999999999365e-01,9.076128000000000611e+03
3.405500000000000000e+03,9.054285999999999035e+01,4.643311999999999995e-01,9.129410333333333256e+03
3.415500000000000000e+03,9.054286000000000456e+01,4.656270000000000131e-01,9.182853666666665958e+03
3.425500000000000000e+03,9.053143000000000029e+01,4.627469000000000721e-01,9.236460999999999331e+03
3.435500000000000000e+03,9.053857999999999606e+01,4.641246000000000538e-01,9.290234666666667181e+03
3.445500000000000000e+03,9.052714999999999179e+01,4.602814000000000627e-01,9.344161333333333459e+03
3.455500000000000000e+03,9.053713999999999373e+01,4.643989000000000589e-01,9.398234333333331961e+03
3.465500000000000000e+03,9.052998999999999796e+01,4.632119999999999571e-01,9.452458000000000538e+03
3.475500000000000000e+03,9.052142999999999518e+01,4.608755999999999409e-01,9.506836000000001150e+03
3.485500000000000000e+03,9.051429000000000258e+01,4.643207000000000306e-01,9.561367666666668811e+03
3.495500000000000000e+03,9.053713999999999373e+01,4.607514000000000332e-01,9.616056000000000495e+03
3.505500000000000000e+03,9.052144999999998731e+01,4.649983999999999784e-01,9.670899000000001251e+03
3.515500000000000000e+03,9.051286999999999239e+01,4.634332000000000451e-01,9.725889666666666017e+03
3.525500000000000000e+03,9.051715000000001510e+01,4.614706000000000086e-01,9.781027000000000044e+03
3.535500000000000000e+03,9.052572999999999581e+01,4.632839999999999736e-01,9.836299666666667690e+03
3.545500000000000000e+03,9.051430000000000575e+01,4.645233999999999197e-01,9.891711333333332732e+03
3.555500000000000000e+03,9.051429000000000258e+01,4.644015999999999700e-01,9.947284333333333052e+03
3.565500000000000000e+03,9.052001000000001341e+01,4.621737999999999680e-01,1.000303366666666807e+04
3.575500000000000000e+03,9.052000999999999920e+01,4.626461000000000046e-01,1.005898166666666657e+04
3.585500000000000000e+03,9.051572000000001594e+01,4.642034999999999911e-01,1.011509233333333032e+04
3.595500000000000000e+03,9.051713999999999771e+01,4.626015000000000543e-01,1.017134333333333234e+04
3.605500000000000000e+03,9.053144000000000347e+01,4.624561999999999840e-01,1.022774000000000160e+04
3.615500000000000000e+03,9.050429000000001167e+01,4.634904999999999720e-01,1.028426666666666824e+04
3.625500000000000000e+03,9.051286999999999239e+01,4.617843999999999838e-01,1.034094666666666672e+04
3.635500000000000000e+03,9.051000000000000512e+01,4.605425999999999687e-01,1.039777000000000044e+04
3.645500000000000000e+03,9.052144000000001256e+01,4.617215000000000069e-01,1.045475000000000000e+04
3.655500000000000000e+03,9.050714000000000681e+01,4.617970999999999604e-01,1.051185000000000036e+04
3.665500000000000000e+03,9.050856999999999175e+01,4.630276000000000391e-01,1.056910666666666839e+04
3.675500000000000000e+03,9.051999999999999602e+01,4.608664000000000094e-01,1.062652000000000044e+04
3.685500000000000000e+03,9.051144000000000744e+01,4.615497000000000627e-01,1.068407666666666591e+04
3.695500000000000000e+03,9.050428999999999746e+01,4.619234999999999869e-01,1.074178000000000065e+04
3.705500000000000000e+03,9.050857999999999493e+01,4.629477999999999649e-01,1.079963666666666541e+04
3.715500000000000000e+03,9.052143999999999835e+01,4.630790000000001294e-01,1.085765666666666584e+04
3.725500000000000000e+03,9.050714999999999577e+01,4.617807999999999913e-01,1.091582666666666591e+04
3.735500000000000000e+03,9.051000000000000512e+01,4.605585000000000373e-01,1.097413333333333503e+04
3.745500000000000000e+03,9.051430000000000575e+01,4.627677000000000040e-01,1.103261666666666861e+04
3.755500000000000000e+03,9.049857000000000085e+01,4.617053999999999325e-01,1.109125000000000000e+04
3.765500000000000000e+03,9.049714000000001590e+01,4.614937000000000067e-01,1.115005333333333510e+04
3.775500000000000000e+03,9.049713999999998748e+01,4.615856999999999877e-01,1.120899666666666599e+04
3.785500000000000000e+03,9.049428999999999235e+01,4.592783999999999756e-01,1.126811999999999898e+04
3.795500000000000000e+03,9.051001000000000829e+01,4.609498999999999680e-01,1.132740000000000146e+04
3.805500000000000000e+03,9.050571999999999662e+01,4.607063000000000130e-01,1.138684333333333416e+04
3.815500000000000000e+03,9.050571999999999662e+01,4.604278000000000537e-01,1.144646666666666715e+04
3.825500000000000000e+03,9.049857000000000085e+01,4.618827000000000349e-01,1.150624666666666417e+04
3.835500000000000000e+03,9.050571999999999662e+01,4.633074000000000359e-01,1.156618666666666650e+04
3.845500000000000000e+03,9.049285000000000423e+01,4.611728000000000494e-01,1.162630999999999949e+04
3.855500000000000000e+03,9.051143999999999323e+01,4.609194999999999820e-01,1.168658333333333212e+04
3.865500000000000000e+03,9.050142999999999915e+01,4.596782000000000368e-01,1.174701333333333241e+04
3.875500000000000000e+03,9.049428000000000338e+01,4.619359000000000104e-01,1.180761333333333459e+04
3.885500000000000000e+03,9.049571000000000254e+01,4.603387999999999924e-01,1.186836666666666679e+04
3.895500000000000000e+03,9.050714999999999577e+01,4.612424999999999997e-01,1.192926666666666642e+04
3.905500000000000000e+03,9.050286000000001252e+01,4.607640000000000069e-01,1.199031999999999789e+04
3.915500000000000000e+03,9.049427999999998917e+01,4.596269999999999523e-01,1.205151666666666824e+04
3.925500000000000000e+03,9.048712999999999340e+01,4.616337999999999830e-01,1.211285666666666839e+04
3.935500000000000000e+03,9.048713000000000761e+01,4.591920999999999919e-01,1.217435999999999694e+04
3.945500000000000000e+03,9.049428000000000338e+01,4.598311999999999955e-01,1.223599666666666599e+04
3.955500000000000000e+03,9.049713999999998748e+01,4.599135999999999780e-01,1.229778333333333285e+04
3.965500000000000000e+03,9.048999000000000592e+01,4.600730000000000652e-01,1.235973666666666759e+04
3.975500000000000000e+03,9.048569999999999425e+01,4.589685000000000015e-01,1.242181666666666933e+04
3.985500000000000000e+03,9.048999000000000592e+01,4.594848999999999739e-01,1.248407333333333372e+04
3.995500000000000000e+03,9.048141999999999996e+01,4.602461999999999942e-01,1.254652000000000044e+04
4.005500000000000000e+03,9.048855999999999256e+01,4.590077000000000185e-01,1.260911666666666497e+04
4.015500000000000000e+03,9.050571999999999662e+01,4.605104000000000974e-01,1.267184666666666817e+04
4.025500000000000000e+03,9.049141999999999086e+01,4.581274999999999653e-01,1.273474333333333561e+04
4.035500000000000000e+03,9.049427999999998917e+01,4.603481000000000378e-01,1.279777666666666664e+04
4.045500000000000000e+03,9.048999000000000592e+01,4.617358000000000295e-01,1.286093666666666468e+04
4.055500000000000000e+03,9.049284999999999002e+01,4.609310999999999825e-01,1.292423999999999978e+04
4.065500000000000000e+03,9.048855999999999256e+01,4.604767999999999084e-01,1.298767666666666628e+04
4.075500000000000000e+03,9.050000000000001421e+01,4.591464000000000101e-01,1.305126666666666642e+04
4.085500000000000000e+03,9.049428000000000338e+01,4.612500999999999962e-01,1.311501333333333241e+04
4.095500000000000000e+03,9.049427999999998917e+01,4.620461999999999625e-01,1.317890666666666766e+04
4.105500000000000000e+03,9.049713999999998748e+01,4.602342000000000377e-01,1.324296333333333314e+04
4.115500000000000000e+03,9.048999999999998067e+01,4.622045000000000181e-01,1.330717000000000189e+04
4.125500000000000000e+03,9.049714000000000169e+01,4.605761000000000438e-01,1.337153333333333103e+04
4.135500000000000000e+03,9.049428000000000338e+01,4.614930000000000421e-01,1.343605333333333328e+04
4.145500000000000000e+03,9.050714999999999577e+01,4.608947999999999934e-01,1.350073333333333176e+04
4.155500000000000000e+03,9.050142999999999915e+01,4.606871000000000160e-01,1.356554999999999927e+04
4.165500000000000000e+03,9.050428999999999746e+01,4.598263000000000211e-01,1.363052333333333445e+04
4.175500000000000000e+03,9.050286000000001252e+01,4.610663999999999874e-01,1.369566333333333387e+04
4.185500000000000000e+03,9.051143999999999323e+01,4.598974999999999591e-01,1.376096000000000095e+04
4.195500000000000000e+03,9.050000000000000000e+01,4.611128999999999922e-01,1.382641666666666606e+04
4.205500000000000000e+03,9.049999999999998579e+01,4.590912000000000326e-01,1.389202333333333445e+04
4.215500000000000000e+03,9.049285000000000423e+01,4.605510999999999910e-01,1.395777666666666664e+04
4.225500000000000000e+03,9.050285999999999831e+01,4.596454000000000373e-01,1.402370333333333292e+04
4.235500000000000000e+03,9.050285999999999831e+01,4.595487999999999795e-01,1.408979333333333489e+04
4.245500000000000000e+03,9.050285999999999831e+01,4.596770999999999496e-01,1.415602666666666664e+04
4.255500000000000000e+03,9.050000000000000000e+01,4.613471999999999573e-01,1.422240999999999985e+04
4.265500000000000000e+03,9.049571000000000254e+01,4.602919999999999234e-01,1.428897666666666555e+04
4.275500000000000000e+03,9.050571999999999662e+01,4.617617000000001082e-01,1.435569666666666672e+04
4.285500000000000000e+03,9.050428999999999746e+01,4.602681000000000688e-01,1.442254666666666708e+04
4.295500000000000000e+03,9.050572000000001083e+01,4.621286999999999479e-01,1.448956666666666933e+04
4.305500000000000000e+03,9.051000999999999408e+01,4.596752000000000615e-01,1.455672666666666555e+04
4.315500000000000000e+03,9.051000999999999408e+01,4.619150000000000200e-01,1.462404999999999927e+04
4.325500000000000000e+03,9.050571999999999662e+01,4.597501999999999422e-01,1.469153999999999905e+04
4.335500000000000000e+03,9.050142999999999915e+01,4.605860000000000509e-01,1.475920000000000073e+04
4.345500000000000000e+03,9.049571000000000254e+01,4.605264000000001134e-01,1.482701333333333059e+04
4.355500000000000000e+03,9.050714999999999577e+01,4.601194999999999591e-01,1.489497333333333336e+04
4.365500000000000000e+03,9.049571000000000254e+01,4.609448999999999907e-01,1.496309666666666453e+04
4.375500000000000000e+03,9.051286999999999239e+01,4.589292000000000371e-01,1.503138333333333139e+04
4.385500000000000000e+03,9.050428999999999746e+01,4.633369999999999989e-01,1.509982999999999811e+04
4.395500000000000000e+03,9.051000999999999408e+01,4.597820999999999714e-01,1.516845666666666875e+04
4.405500000000000000e+03,9.050857999999999493e+01,4.610371999999999804e-01,1.523728999999999905e+04
4.415500000000000000e+03,9.049428000000000338e+01,4.632671000000000427e-01,1.530630666666666548e+04
4.425500000000000000e+03,9.049857000000000085e+01,4.594305000000000194e-01,1.537546333333333314e+04
4.435500000000000000e+03,9.049285000000000423e+01,4.609675000000000300e-01,1.544477333333333081e+04
4.445500000000000000e+03,9.048713000000000761e+01,4.625149999999999539e-01,1.551422666666666555e+04
4.455500000000000000e+03,9.050571999999999662e+01,4.625067999999999957e-01,1.558383000000000175e+04
4.465500000000000000e+03,9.050286000000001252e+01,4.622010999999999759e-01,1.565359000000000015e+04
4.475500000000000000e+03,9.050571999999999662e+01,4.622931999999999597e-01,1.572353333333333103e+04
4.485500000000000000e+03,9.050714999999999577e+01,4.613675999999999888e-01,1.579359666666666453e+04
4.495500000000000000e+03,9.049857000000000085e+01,4.619788999999999701e-01,1.586382000000000153e+04
4.505500000000000000e+03,9.050142999999999915e+01,4.607375999999999694e-01,1.593418666666666650e+04
4.515500000000000000e+03,9.049285000000000423e+01,4.596605999999999748e-01,1.600472333333333336e+04
4.525500000000000000e+03,9.049857000000000085e+01,4.622615000000000474e-01,1.607540999999999985e+04
4.535500000000000000e+03,9.050000000000000000e+01,4.601452999999999238e-01,1.614626000000000022e+04
4.545500000000000000e+03,9.050857999999999493e+01,4.603125000000000133e-01,1.621726333333333241e+04
4.555500000000000000e+03,9.049141999999999086e+01,4.607545000000000113e-01,1.628841000000000349e+04
4.565500000000000000e+03,9.049285000000000423e+01,4.629946999999999813e-01,1.635973666666666759e+04
4.575500000000000000e+03,9.049714000000000169e+01,4.612016999999999922e-01,1.643121666666666715e+04
4.585500000000000000e+03,9.049428000000000338e+01,4.628910000000000524e-01,1.650285666666666657e+04
4.595500000000000000e+03,9.049141999999999086e+01,4.626272999999999636e-01,1.657465666666666948e+04
4.605500000000000000e+03,9.049142000000000507e+01,4.625437000000000021e-01,1.664661666666666497e+04
4.615500000000000000e+03,9.048570000000000846e+01,4.620931999999999817e-01,1.671873333333332994e+04
4.625500000000000000e+03,9.048569999999999425e+01,4.613251999999999908e-01,1.679101000000000204e+04
4.635500000000000000e+03,9.048712999999999340e+01,4.598930999999999436e-01,1.686345333333333110e+04
4.645500000000000000e+03,9.048569999999999425e+01,4.628476000000000257e-01,1.693606999999999607e+04
4.655500000000000000e+03,9.049570999999998833e+01,4.653487999999999514e-01,1.700882999999999811e+04
4.665500000000000000e+03,9.048855999999999256e+01,4.635846000000000133e-01,1.708176000000000204e+04
4.675500000000000000e+03,9.049285000000000423e+01,4.638219999999999565e-01,1.715482999999999811e+04
4.685500000000000000e+03,9.048855999999999256e+01,4.627910999999998998e-01,1.722808666666666613e+04
4.695500000000000000e+03,9.048998999999999171e+01,4.648544000000000009e-01,1.730152666666666482e+04
4.705500000000000000e+03,9.049428000000000338e+01,4.608122000000000607e-01,1.737513999999999942e+04
4.715500000000000000e+03,9.047284000000000503e+01,4.646098999999999646e-01,1.744893666666666832e+04
4.725500000000000000e+03,9.048999000000000592e+01,4.637234999999999552e-01,1.752287000000000262e+04
4.735500000000000000e+03,9.048713000000000761e+01,4.631752999999999565e-01,1.759698666666666759e+04
4.745500000000000000e+03,9.048140999999999678e+01,4.639848999999999779e-01,1.767128999999999724e+04
4.755500000000000000e+03,9.046998000000000673e+01,4.629668000000000672e-01,1.774571666666666715e+04
4.765500000000000000e+03,9.047999000000000080e+01,4.632506000000000124e-01,1.782030333333333692e+04
4.775500000000000000e+03,9.047713000000000250e+01,4.646307000000000076e-01,1.789505333333333692e+04
4.785500000000000000e+03,9.048141999999999996e+01,4.610290000000000221e-01,1.796996333333333678e+04
4.795500000000000000e+03,9.048140999999999678e+01,4.618987999999999983e-01,1.804504000000000087e+04
4.805500000000000000e+03,9.047284999999999400e+01,4.578748999999999181e-01,1.812035666666666657e+04
4.815500000000000000e+03,9.047427999999999315e+01,4.614364999999999162e-01,1.819584000000000015e+04
4.825500000000000000e+03,9.047713000000000250e+01,4.611251000000000100e-01,1.827148333333332994e+04
4.835500000000000000e+03,9.046854999999999336e+01,4.630096000000000767e-01,1.834729666666666890e+04
4.845500000000000000e+03,9.047569999999998913e+01,4.643004999999998939e-01,1.842324666666666963e+04
4.855500000000000000e+03,9.045999000000000478e+01,4.599998999999999616e-01,1.849934666666666453e+04
4.865500000000000000e+03,9.046711999999999421e+01,4.624429999999999374e-01,1.857559000000000015e+04
4.875500000000000000e+03,9.046855999999999653e+01,4.595983000000000152e-01,1.865196999999999753e+04
4.885500000000000000e+03,9.046569999999999823e+01,4.614072999999999647e-01,1.872850333333333401e+04
4.895500000000000000e+03,9.045000999999999181e+01,4.617728999999999862e-01,1.880520999999999913e+04
4.905500000000000000e+03,9.045712999999999226e+01,4.656871999999999678e-01,1.888204333333333489e+04
4.915500000000000000e+03,9.046284999999998888e+01,4.640525999999999263e-01,1.895904999999999927e+04
4.925500000000000000e+03,9.045000000000000284e+01,4.654035000000000255e-01,1.903619333333333270e+04
4.935500000000000000e+03,9.046285999999999206e+01,4.631313999999999709e-01,1.911346999999999753e+04
4.945500000000000000e+03,9.044714000000000453e+01,4.626711999999999492e-01,1.919094333333333270e+04
4.955500000000000000e+03,9.046000000000000796e+01,4.649099999999999899e-01,1.926858333333333212e+04
4.965500000000000000e+03,9.044715999999998246e+01,4.640982000000000163e-01,1.934636666666666497e+04
4.975500000000000000e+03,9.046144000000001029e+01,4.620609999999999995e-01,1.942431999999999971e+04
4.985500000000000000e+03,9.044145000000000323e+01,4.616013999999999950e-01,1.950245666666666875e+04
4.995500000000000000e+03,9.044145000000000323e+01,4.632360000000000366e-01,1.958071333333333314e+04
