5.500000000000000000e+00,8.766427000000001613e+01,6.884006999999999721e+01,3.044932633333333194e-02
1.550000000000000000e+01,8.173429999999999040e+01,1.076942699999999853e+01,1.661056999999999950e-01
2.550000000000000000e+01,8.609999000000000535e+01,8.727541999999999689e+00,4.101881333333333157e-01
3.550000000000000000e+01,8.567855999999997607e+01,6.046256999999999771e+00,7.653130999999999684e-01
4.550000000000000000e+01,8.619429999999999836e+01,4.684572000000000180e+00,1.238350400000000295e+00
5.550000000000000000e+01,8.818285000000000196e+01,3.993233999999999728e+00,1.829215000000000257e+00
6.550000000000000000e+01,8.659857999999999834e+01,3.158932999999999769e+00,2.534152000000000182e+00
7.550000000000000000e+01,8.641141999999999257e+01,3.024397999999999698e+00,3.353633666666667068e+00
8.550000000000000000e+01,8.654429000000000372e+01,2.613231999999999999e+00,4.285151666666665804e+00
9.550000000000000000e+01,8.984714999999998497e+01,2.426541999999999977e+00,5.329569000000000223e+00
1.055000000000000000e+02,8.905285999999999547e+01,2.356630000000000003e+00,6.486315666666667035e+00
1.155000000000000000e+02,8.858856000000000108e+01,2.093280000000000030e+00,7.755759333333334560e+00
1.255000000000000000e+02,8.893287000000000830e+01,2.038385000000000336e+00,9.141839000000000937e+00
1.355000000000000000e+02,8.890141000000001270e+01,1.761042999999999692e+00,1.064005466666666599e+01
1.455000000000000000e+02,9.044427999999999201e+01,1.655099999999999794e+00,1.225353333333333339e+01
1.555000000000000000e+02,8.988429999999999609e+01,1.470682999999999963e+00,1.399339999999999939e+01
1.655000000000000000e+02,9.012569999999998061e+01,1.472928000000000015e+00,1.586536000000000080e+01
1.755000000000000000e+02,9.010141999999999030e+01,1.742864000000000191e+00,1.785794333333333128e+01
1.855000000000000000e+02,9.061141999999999541e+01,1.500416499999999820e+00,1.996440666666666885e+01
1.955000000000000000e+02,9.076572000000001594e+01,1.460083999999999937e+00,2.218643666666666547e+01
2.055000000000000000e+02,9.046999999999999886e+01,1.421697500000000058e+00,2.452679999999999794e+01
2.155000000000000000e+02,9.024001000000001227e+01,1.298152999999999890e+00,2.698854666666666802e+01
2.255000000000000000e+02,9.038572000000000628e+01,1.402138199999999779e+00,2.955987999999999971e+01
2.355000000000000000e+02,9.043998000000000559e+01,1.455441999999999902e+00,3.224298333333332778e+01
2.455000000000000000e+02,9.041429999999999723e+01,1.326785200000000220e+00,3.503637666666666917e+01
2.555000000000000000e+02,9.052858000000000516e+01,1.287720399999999987e+00,3.794197333333333688e+01
2.655000000000000000e+02,9.016285000000000593e+01,1.249326299999999890e+00,4.094478999999999758e+01
2.755000000000000000e+02,9.022572999999999865e+01,1.192632399999999704e+00,4.405257666666666694e+01
2.855000000000000000e+02,9.011427999999999372e+01,1.222293700000000038e+00,4.727545333333333843e+01
2.955000000000000000e+02,9.040570999999998492e+01,1.124698599999999882e+00,5.060937666666666956e+01
3.055000000000000000e+02,9.033000999999998726e+01,1.083844799999999831e+00,5.406863666666667712e+01
3.155000000000000000e+02,8.997713000000000250e+01,1.045806100000000072e+00,5.765095666666665863e+01
3.255000000000000000e+02,8.975715999999999894e+01,9.990995000000000292e-01,6.134926333333332593e+01
3.355000000000000000e+02,9.023714999999999975e+01,1.008718099999999840e+00,6.516591999999999985e+01
3.455000000000000000e+02,9.038142999999999461e+01,9.458841000000000054e-01,6.909699333333334437e+01
3.555000000000000000e+02,8.989142000000001076e+01,1.017784299999999975e+00,7.313298333333332835e+01
3.655000000000000000e+02,8.947571000000000652e+01,9.464027000000001522e-01,7.727842666666666105e+01
3.755000000000000000e+02,8.974714000000000169e+01,8.987925999999999416e-01,8.153687999999999647e+01
3.855000000000000000e+02,9.028570999999999458e+01,9.309036000000000532e-01,8.590637666666665950e+01
3.955000000000000000e+02,9.001572000000001594e+01,9.184547000000000683e-01,9.038436000000000092e+01
4.055000000000000000e+02,8.991857000000001676e+01,8.519830000000000458e-01,9.497350999999999033e+01
4.155000000000000000e+02,8.967857000000000767e+01,8.730936000000000252e-01,9.967735000000000412e+01
4.255000000000000000e+02,9.012142000000000053e+01,8.054558000000000551e-01,1.044920999999999793e+02
4.355000000000000000e+02,9.007428999999999064e+01,8.104045000000000831e-01,1.094180333333333266e+02
4.455000000000000000e+02,8.999571999999999150e+01,8.146147999999999723e-01,1.144666333333333341e+02
4.555000000000000000e+02,9.002854999999999563e+01,8.038639000000001866e-01,1.196235000000000070e+02
4.655000000000000000e+02,9.017284999999999684e+01,7.063059999999998784e-01,1.248956333333333077e+02
4.755000000000000000e+02,9.021999999999999886e+01,7.287265000000001658e-01,1.302852333333333377e+02
4.855000000000000000e+02,9.010143999999999664e+01,7.006451000000000207e-01,1.357940666666666516e+02
4.955000000000000000e+02,9.006857999999999720e+01,8.355938999999998895e-01,1.414282333333333099e+02
5.055000000000000000e+02,9.020000000000000284e+01,7.713490999999998987e-01,1.471829666666666583e+02
5.155000000000000000e+02,9.010142000000000451e+01,8.162993999999998973e-01,1.530452666666666630e+02
5.255000000000000000e+02,9.004573000000000604e+01,8.244431999999999316e-01,1.590120666666666409e+02
5.355000000000000000e+02,8.978998999999998887e+01,8.462527000000001909e-01,1.650819999999999936e+02
5.455000000000000000e+02,8.984714000000001022e+01,7.583092000000000166e-01,1.712602666666666664e+02
5.555000000000000000e+02,9.002855999999999881e+01,8.497898999999999869e-01,1.775452666666666914e+02
5.655000000000000000e+02,8.989572000000001140e+01,7.267710000000000559e-01,1.839329999999999927e+02
5.755000000000000000e+02,9.003430000000000177e+01,8.139210999999999530e-01,1.904236999999999966e+02
5.855000000000000000e+02,8.998429000000000144e+01,8.603902999999999412e-01,1.970194666666666876e+02
5.955000000000000000e+02,8.988999000000001161e+01,7.948866999999999461e-01,2.037151666666666756e+02
6.055000000000000000e+02,8.998284999999999911e+01,8.364696999999999827e-01,2.105288333333333526e+02
6.155000000000000000e+02,9.017430000000000234e+01,8.015690999999998123e-01,2.174657000000000266e+02
6.255000000000000000e+02,8.990572000000000230e+01,8.322505000000000042e-01,2.245113000000000341e+02
6.355000000000000000e+02,8.982858000000000231e+01,7.754140000000000477e-01,2.316699000000000126e+02
6.455000000000000000e+02,8.972713999999999146e+01,8.187580999999999332e-01,2.389425000000000239e+02
6.555000000000000000e+02,8.961713999999999203e+01,7.858224999999999794e-01,2.463343666666666536e+02
6.655000000000000000e+02,8.988142999999999461e+01,8.210964000000000595e-01,2.538514000000000124e+02
6.755000000000000000e+02,8.969856999999998948e+01,7.889806000000000319e-01,2.614911333333333232e+02
6.855000000000000000e+02,8.986287000000000091e+01,7.909542999999999990e-01,2.692631000000000085e+02
6.955000000000000000e+02,8.976285000000000025e+01,8.116636000000001516e-01,2.771466333333333978e+02
7.055000000000000000e+02,8.976713999999999771e+01,8.122826000000001878e-01,2.851379666666666708e+02
7.155000000000000000e+02,8.970998999999999057e+01,7.149822999999999595e-01,2.932450333333333674e+02
7.255000000000000000e+02,8.971000000000000796e+01,7.518884999999999597e-01,3.014682333333333872e+02
7.355000000000000000e+02,8.953856000000000392e+01,7.197189000000000503e-01,3.098073999999999728e+02
7.455000000000000000e+02,8.960572000000000514e+01,7.597963999999999274e-01,3.182633333333333212e+02
7.555000000000000000e+02,8.943572000000000344e+01,7.177250999999998937e-01,3.268384666666666476e+02
7.655000000000000000e+02,8.961857999999999436e+01,7.293701999999999686e-01,3.355276666666666756e+02
7.755000000000000000e+02,8.955141999999999314e+01,7.073812000000001543e-01,3.443280333333333374e+02
7.855000000000000000e+02,8.962713999999998293e+01,7.089982999999999702e-01,3.532430666666666070e+02
7.955000000000000000e+02,8.965999999999999659e+01,7.256793999999999745e-01,3.622740666666666698e+02
8.055000000000000000e+02,8.956713999999999487e+01,6.851282999999999124e-01,3.714275666666666780e+02
8.155000000000000000e+02,8.967285999999998580e+01,6.858221999999999374e-01,3.807011333333333027e+02
8.255000000000000000e+02,8.961713000000000306e+01,6.730421000000000875e-01,3.900887000000000171e+02
8.355000000000000000e+02,8.947999999999998977e+01,6.534121999999999986e-01,3.995729000000000042e+02
8.455000000000000000e+02,8.949855999999999767e+01,6.317938999999999083e-01,4.091639666666666244e+02
8.555000000000000000e+02,8.945429000000000030e+01,6.505256999999999845e-01,4.188659666666666226e+02
8.655000000000000000e+02,8.949427999999998917e+01,6.409051999999999527e-01,4.286878000000000384e+02
8.755000000000000000e+02,8.941429999999999723e+01,6.772189000000000680e-01,4.386326999999999998e+02
8.855000000000000000e+02,8.921143000000000711e+01,6.135778000000000620e-01,4.487007333333332895e+02
8.955000000000000000e+02,8.933856999999999005e+01,6.755889999999999951e-01,4.588957333333333963e+02
9.055000000000000000e+02,8.919142999999999688e+01,6.600436999999998999e-01,4.692154666666666571e+02
9.155000000000000000e+02,8.924856000000001188e+01,6.307093000000000282e-01,4.796549333333333607e+02
9.255000000000000000e+02,8.933285999999999660e+01,6.473557000000000894e-01,4.902062333333333299e+02
9.355000000000000000e+02,8.925714000000000681e+01,6.316259000000000734e-01,5.008722666666666328e+02
9.455000000000000000e+02,8.921142999999999290e+01,6.589430000000000565e-01,5.116544333333333157e+02
9.555000000000000000e+02,8.894574000000000069e+01,6.174817999999999696e-01,5.225542666666667628e+02
9.655000000000000000e+02,8.926000999999999408e+01,6.330058000000000629e-01,5.335790666666666766e+02
9.755000000000000000e+02,8.912858000000001368e+01,6.317019999999999857e-01,5.447228333333332557e+02
9.855000000000000000e+02,8.913998999999999739e+01,6.272400000000001308e-01,5.559861666666666906e+02
9.955000000000000000e+02,8.913857999999997617e+01,6.102432999999999330e-01,5.673660999999999603e+02
1.005500000000000000e+03,8.922000999999998783e+01,6.135489000000000637e-01,5.788570333333334474e+02
1.015500000000000000e+03,8.922142999999999802e+01,5.820003000000000259e-01,5.904611333333333505e+02
1.025500000000000000e+03,8.903713999999999373e+01,6.019034999999999247e-01,6.021868000000000620e+02
1.035500000000000000e+03,8.925571999999999662e+01,6.212451999999999419e-01,6.140385666666664974e+02
1.045500000000000000e+03,8.911141999999999541e+01,5.894909000000000399e-01,6.260153333333333876e+02
1.055500000000000000e+03,8.909427999999999770e+01,6.290352999999999639e-01,6.381052999999999429e+02
1.065500000000000000e+03,8.912427000000000987e+01,6.479575000000000751e-01,6.503029333333332715e+02
1.075500000000000000e+03,8.930285999999999547e+01,6.083835000000000770e-01,6.626124000000000933e+02
1.085500000000000000e+03,8.900285999999999831e+01,5.695812000000000097e-01,6.750379333333332852e+02
1.095500000000000000e+03,8.906998000000000104e+01,6.078617000000000603e-01,6.875878666666667414e+02
1.105500000000000000e+03,8.933284999999997922e+01,5.764883000000000646e-01,7.002642666666667992e+02
1.115500000000000000e+03,8.908714999999999407e+01,5.842602999999999547e-01,7.130708666666666886e+02
1.125500000000000000e+03,8.916142999999999574e+01,5.399958000000000258e-01,7.260331999999999653e+02
1.135500000000000000e+03,8.919429999999999836e+01,5.899846999999999175e-01,7.391179666666666890e+02
1.145500000000000000e+03,8.907000000000000739e+01,6.049360000000001403e-01,7.523199666666666872e+02
1.155500000000000000e+03,8.897713000000000250e+01,5.981994999999999951e-01,7.656427666666666028e+02
1.165500000000000000e+03,8.903283999999999310e+01,5.854073000000000748e-01,7.790823000000000320e+02
1.175500000000000000e+03,8.930141999999997893e+01,5.483869999999998468e-01,7.926373666666667077e+02
1.185500000000000000e+03,8.922857000000000482e+01,6.223811000000000204e-01,8.063060333333332892e+02
1.195500000000000000e+03,8.911570000000000391e+01,5.694057999999999620e-01,8.200825333333332310e+02
1.205500000000000000e+03,8.911713999999999203e+01,5.526311000000000417e-01,8.339755333333332601e+02
1.215500000000000000e+03,8.917140999999999451e+01,5.777797999999998435e-01,8.479769666666667263e+02
1.225500000000000000e+03,8.917716000000000065e+01,5.572036999999999685e-01,8.620855666666666366e+02
1.235500000000000000e+03,8.896426999999999907e+01,5.861302999999999930e-01,8.763097666666666328e+02
1.245500000000000000e+03,8.881143999999999039e+01,5.568628999999999385e-01,8.906549666666666099e+02
1.255500000000000000e+03,8.890142000000000166e+01,5.891854999999999176e-01,9.051196666666667170e+02
1.265500000000000000e+03,8.884427999999999770e+01,6.081617999999999746e-01,9.197049666666667918e+02
1.275500000000000000e+03,8.905428000000000566e+01,5.744702000000000419e-01,9.344128000000000611e+02
1.285500000000000000e+03,8.879857000000001221e+01,5.731823999999999808e-01,9.492388999999999442e+02
1.295500000000000000e+03,8.880857000000000312e+01,5.464694999999999414e-01,9.641813333333333276e+02
1.305500000000000000e+03,8.897857000000000482e+01,5.955006999999999939e-01,9.792434999999999263e+02
1.315500000000000000e+03,8.888570000000001414e+01,5.823141000000000567e-01,9.944298666666666122e+02
1.325500000000000000e+03,8.882285000000000252e+01,5.897002000000000077e-01,1.009738700000000108e+03
1.335500000000000000e+03,8.870285999999998694e+01,5.569794000000000134e-01,1.025160500000000184e+03
1.345500000000000000e+03,8.889571999999999719e+01,5.856999000000000510e-01,1.040706333333333077e+03
1.355500000000000000e+03,8.863428000000000395e+01,5.378511999999998627e-01,1.056373666666666850e+03
1.365500000000000000e+03,8.863429000000000713e+01,5.746708000000000371e-01,1.072160666666666657e+03
1.375500000000000000e+03,8.881856999999999402e+01,5.691824000000000883e-01,1.088066333333333205e+03
1.385500000000000000e+03,8.883712999999998772e+01,5.591919000000000750e-01,1.104094333333333452e+03
1.395500000000000000e+03,8.848141999999998575e+01,5.517175000000000828e-01,1.120244666666666944e+03
1.405500000000000000e+03,8.864857999999999549e+01,5.440603999999999996e-01,1.136514333333333525e+03
1.415500000000000000e+03,8.881428000000001077e+01,5.561709000000000236e-01,1.152903333333333421e+03
1.425500000000000000e+03,8.869712999999998715e+01,5.480492999999999615e-01,1.169400666666666439e+03
1.435500000000000000e+03,8.846428000000000225e+01,5.407781999999998757e-01,1.186004999999999882e+03
1.445500000000000000e+03,8.867144999999999300e+01,5.260771999999999116e-01,1.202711999999999989e+03
1.455500000000000000e+03,8.842427000000000703e+01,5.481373999999998858e-01,1.219525000000000091e+03
1.465500000000000000e+03,8.851572000000000173e+01,5.374049000000000742e-01,1.236462333333333390e+03
1.475500000000000000e+03,8.843572000000000344e+01,5.310201000000001059e-01,1.253523666666666486e+03
1.485500000000000000e+03,8.853143000000000029e+01,5.281462000000000101e-01,1.270709333333333234e+03
1.495500000000000000e+03,8.848284999999999911e+01,5.264249999999999208e-01,1.288012666666666973e+03
1.505500000000000000e+03,8.849428999999999235e+01,5.170491999999999866e-01,1.305431333333333214e+03
1.515500000000000000e+03,8.850000000000000000e+01,5.154155999999999738e-01,1.322971333333333405e+03
1.525500000000000000e+03,8.850570999999999344e+01,5.117073999999999234e-01,1.340623333333333221e+03
1.535500000000000000e+03,8.849999999999998579e+01,5.167158000000000584e-01,1.358389333333333298e+03
1.545500000000000000e+03,8.850428999999999746e+01,5.198319000000000134e-01,1.376279333333333398e+03
1.555500000000000000e+03,8.848000000000000398e+01,5.121501000000000525e-01,1.394290333333333365e+03
1.565500000000000000e+03,8.842714999999999748e+01,5.080208999999999975e-01,1.412421000000000049e+03
1.575500000000000000e+03,8.837715000000000032e+01,5.200259999999998772e-01,1.430667666666666719e+03
1.585500000000000000e+03,8.837429000000000201e+01,5.034812000000000731e-01,1.449029333333333398e+03
1.595500000000000000e+03,8.849570000000001357e+01,5.004069999999999352e-01,1.467510666666666566e+03
1.605500000000000000e+03,8.850430000000001485e+01,5.077635000000000343e-01,1.486111333333333505e+03
1.615500000000000000e+03,8.848429000000001565e+01,5.079200999999999855e-01,1.504833000000000084e+03
1.625500000000000000e+03,8.869142999999999688e+01,5.075437000000000420e-01,1.523683000000000220e+03
1.635500000000000000e+03,8.845426999999999396e+01,4.908371999999999735e-01,1.542655666666666548e+03
1.645500000000000000e+03,8.870000000000000284e+01,5.017481000000000302e-01,1.561750333333333174e+03
1.655500000000000000e+03,8.854999999999999716e+01,4.880036000000000374e-01,1.580963999999999942e+03
1.665500000000000000e+03,8.859000000000000341e+01,4.920495999999999759e-01,1.600295000000000073e+03
1.675500000000000000e+03,8.866286000000000911e+01,4.837263999999999453e-01,1.619739333333333207e+03
1.685500000000000000e+03,8.887856000000000734e+01,5.132535000000000291e-01,1.639307000000000016e+03
1.695500000000000000e+03,8.871714999999998952e+01,4.734266999999999226e-01,1.659005666666666684e+03
1.705500000000000000e+03,8.864999000000003093e+01,4.796948000000000323e-01,1.678831333333333077e+03
1.715500000000000000e+03,8.883286000000001081e+01,4.951826999999998646e-01,1.698783000000000129e+03
1.725500000000000000e+03,8.884713000000000704e+01,4.998286999999999591e-01,1.718846333333333405e+03
1.735500000000000000e+03,8.877142999999999518e+01,4.897737000000000340e-01,1.739022666666666964e+03
1.745500000000000000e+03,8.877714000000000283e+01,4.952639999999999820e-01,1.759308666666666568e+03
1.755500000000000000e+03,8.875001000000000317e+01,4.924540999999999502e-01,1.779712666666666792e+03
1.765500000000000000e+03,8.877714000000000283e+01,4.777369000000000199e-01,1.800228333333333239e+03
1.775500000000000000e+03,8.891429000000002247e+01,4.815237000000000545e-01,1.820861666666666451e+03
1.785500000000000000e+03,8.879570999999999970e+01,4.985485000000000610e-01,1.841617333333333136e+03
1.795500000000000000e+03,8.892856000000000449e+01,5.202685999999998590e-01,1.862492999999999938e+03
1.805500000000000000e+03,8.895143000000000200e+01,5.006699000000000011e-01,1.883484999999999900e+03
1.815500000000000000e+03,8.893856999999999857e+01,5.043897999999999993e-01,1.904593000000000075e+03
1.825500000000000000e+03,8.880856999999998891e+01,5.119928000000000257e-01,1.925817999999999756e+03
1.835500000000000000e+03,8.889570999999997980e+01,4.912451999999999375e-01,1.947165666666666539e+03
1.845500000000000000e+03,8.885999999999999943e+01,5.176483000000000612e-01,1.968638666666666495e+03
1.855500000000000000e+03,8.892713999999998009e+01,5.087719000000000547e-01,1.990223666666666759e+03
1.865500000000000000e+03,8.886430000000000007e+01,5.039054000000000588e-01,2.011918999999999869e+03
1.875500000000000000e+03,8.903285999999999945e+01,4.668619999999999992e-01,2.033724333333333107e+03
1.885500000000000000e+03,8.892142999999998665e+01,4.860249999999999848e-01,2.055640333333333729e+03
1.895500000000000000e+03,8.902858000000000516e+01,5.065535000000001009e-01,2.077668333333333521e+03
1.905500000000000000e+03,8.891570999999999003e+01,4.901398000000000144e-01,2.099811999999999443e+03
1.915500000000000000e+03,8.896713000000001159e+01,4.772617999999999583e-01,2.122086666666666588e+03
1.925500000000000000e+03,8.881428000000001077e+01,4.931533000000000166e-01,2.144483000000000629e+03
1.935500000000000000e+03,8.889428999999998382e+01,4.653343999999999814e-01,2.166998333333333449e+03
1.945500000000000000e+03,8.894570999999999117e+01,4.888016999999999501e-01,2.189633333333333667e+03
1.955500000000000000e+03,8.895714999999999861e+01,4.699077999999999866e-01,2.212385333333333165e+03
1.965500000000000000e+03,8.887715000000000032e+01,4.945499999999999896e-01,2.235251999999999498e+03
1.975500000000000000e+03,8.901286000000000342e+01,4.928715999999999653e-01,2.258232666666666319e+03
1.985500000000000000e+03,8.897429000000001054e+01,4.779817000000000649e-01,2.281327999999999975e+03
1.995500000000000000e+03,8.894572000000000855e+01,4.919900000000000384e-01,2.304543000000000120e+03
2.005500000000000000e+03,8.880428000000000566e+01,4.932163000000001074e-01,2.327877666666666300e+03
2.015500000000000000e+03,8.890429000000000315e+01,4.898417999999999384e-01,2.351329999999999927e+03
2.025500000000000000e+03,8.898286000000000229e+01,5.127671999999999786e-01,2.374894333333333179e+03
2.035500000000000000e+03,8.895858000000001198e+01,4.961779000000000606e-01,2.398574666666666417e+03
2.045500000000000000e+03,8.893715000000000259e+01,4.794781000000000182e-01,2.422370333333333747e+03
2.055500000000000000e+03,8.897999000000000080e+01,4.934678000000000120e-01,2.446286999999999807e+03
2.065500000000000000e+03,8.894856000000000051e+01,5.066656000000000493e-01,2.470319333333333816e+03
2.075500000000000000e+03,8.900142999999999915e+01,5.029576000000000047e-01,2.494470666666666602e+03
2.085500000000000000e+03,8.894858000000000686e+01,4.982427000000000383e-01,2.518733999999999924e+03
2.095500000000000000e+03,8.901284999999998604e+01,5.026075999999999322e-01,2.543109333333333325e+03
2.105500000000000000e+03,8.897855999999998744e+01,4.881862000000000146e-01,2.567596999999999298e+03
2.115500000000000000e+03,8.894427999999997780e+01,4.987193000000000320e-01,2.592194666666667217e+03
2.125500000000000000e+03,8.895430000000000348e+01,4.934680999999999651e-01,2.616903000000000247e+03
2.135500000000000000e+03,8.890572000000000230e+01,5.083775000000000377e-01,2.641719999999999800e+03
2.145500000000000000e+03,8.895000000000001705e+01,4.984061999999999659e-01,2.666647666666666737e+03
2.155500000000000000e+03,8.892855000000000132e+01,4.953848000000000695e-01,2.691675000000000182e+03
2.165500000000000000e+03,8.894571999999999434e+01,4.908705999999999348e-01,2.716807333333333190e+03
2.175500000000000000e+03,8.892428999999999917e+01,4.906214000000000408e-01,2.742052666666667392e+03
2.185500000000000000e+03,8.902429999999999666e+01,4.914503000000000066e-01,2.767421333333333223e+03
2.195500000000000000e+03,8.896428999999999121e+01,4.961356999999999573e-01,2.792909666666666453e+03
2.205500000000000000e+03,8.911141999999999541e+01,4.864424999999999999e-01,2.818524333333333288e+03
2.215500000000000000e+03,8.886285999999998353e+01,4.888446000000000180e-01,2.844268999999999778e+03
2.225500000000000000e+03,8.900714000000000681e+01,4.791405000000000247e-01,2.870134333333333416e+03
2.235500000000000000e+03,8.895284999999998377e+01,4.833270000000000621e-01,2.896114666666666835e+03
2.245500000000000000e+03,8.899714999999999065e+01,4.870620999999999978e-01,2.922211333333333641e+03
2.255500000000000000e+03,8.899001000000001227e+01,4.830581999999999931e-01,2.948427333333333536e+03
2.265500000000000000e+03,8.900856999999999175e+01,4.827057999999999072e-01,2.974759333333332961e+03
2.275500000000000000e+03,8.896856999999999971e+01,4.823428000000000715e-01,3.001205333333333328e+03
2.285500000000000000e+03,8.903857999999999606e+01,4.738679000000000086e-01,3.027773333333333539e+03
2.295500000000000000e+03,8.896716000000000690e+01,4.818673999999999458e-01,3.054466999999999643e+03
2.305500000000000000e+03,8.905855999999999995e+01,4.754516000000000853e-01,3.081283666666666704e+03
2.315500000000000000e+03,8.892000999999999067e+01,4.776002999999999221e-01,3.108220999999999549e+03
2.325500000000000000e+03,8.902428000000000452e+01,4.784728999999999788e-01,3.135275666666666439e+03
2.335500000000000000e+03,8.894855999999998630e+01,4.767156999999999090e-01,3.162437333333333299e+03
2.345500000000000000e+03,8.891002000000000294e+01,4.769545000000000035e-01,3.189706666666666479e+03
2.355500000000000000e+03,8.894856000000001472e+01,4.788823000000000940e-01,3.217085666666666839e+03
2.365500000000000000e+03,8.898855999999999256e+01,4.731463999999999670e-01,3.244577000000000226e+03
2.375500000000000000e+03,8.889572000000001140e+01,4.696268000000000109e-01,3.272187333333333299e+03
2.385500000000000000e+03,8.901713999999999771e+01,4.771402999999999617e-01,3.299917666666666719e+03
2.395500000000000000e+03,8.902858000000000516e+01,4.712666999999999828e-01,3.327766333333333023e+03
2.405500000000000000e+03,8.890429000000000315e+01,4.671256999999999771e-01,3.355750333333333401e+03
2.415500000000000000e+03,8.891713999999998919e+01,4.684288999999999814e-01,3.383848666666666304e+03
2.425500000000000000e+03,8.890999999999999659e+01,4.679808000000000301e-01,3.412059333333333143e+03
2.435500000000000000e+03,8.890427999999999997e+01,4.723426000000000013e-01,3.440386999999999716e+03
2.445500000000000000e+03,8.897571999999999548e+01,4.665204999999999491e-01,3.468830333333332874e+03
2.455500000000000000e+03,8.894856999999998948e+01,4.644693999999999212e-01,3.497389000000000124e+03
2.465500000000000000e+03,8.897001000000000204e+01,4.653329000000000493e-01,3.526068333333333612e+03
2.475500000000000000e+03,8.894714000000000453e+01,4.618280000000000163e-01,3.554865333333333638e+03
2.485500000000000000e+03,8.892713000000000534e+01,4.606147999999999909e-01,3.583770666666666330e+03
2.495500000000000000e+03,8.900428999999999746e+01,4.607724000000000264e-01,3.612786333333333459e+03
2.505500000000000000e+03,8.899572000000000571e+01,4.670448999999999851e-01,3.641922999999999774e+03
2.515500000000000000e+03,8.902427999999999031e+01,4.589307999999999721e-01,3.671183333333333394e+03
2.525500000000000000e+03,8.895858000000001198e+01,4.560421000000000058e-01,3.700573666666666213e+03
2.535500000000000000e+03,8.901140999999999792e+01,4.536163999999999197e-01,3.730086333333333641e+03
2.545500000000000000e+03,8.900999999999999091e+01,4.578033000000000241e-01,3.759719333333333452e+03
2.555500000000000000e+03,8.908000999999998726e+01,4.558865000000000833e-01,3.789464333333333343e+03
2.565500000000000000e+03,8.904571999999998866e+01,4.532435000000000214e-01,3.819324000000000524e+03
2.575500000000000000e+03,8.902712999999999965e+01,4.532211999999999352e-01,3.849298999999999978e+03
2.585500000000000000e+03,8.909286000000000172e+01,4.532161000000000106e-01,3.879381333333333259e+03
2.595500000000000000e+03,8.901856999999999687e+01,4.552090999999999776e-01,3.909580999999999676e+03
2.605500000000000000e+03,8.909714999999998497e+01,4.533235000000000459e-01,3.939904666666666799e+03
2.615500000000000000e+03,8.897570999999999231e+01,4.522747000000000850e-01,3.970356666666666570e+03
2.625500000000000000e+03,8.897142999999999802e+01,4.457575000000000287e-01,4.000930000000000291e+03
2.635500000000000000e+03,8.899712999999999852e+01,4.453121000000000440e-01,4.031613999999999123e+03
2.645500000000000000e+03,8.902000999999999920e+01,4.433058000000000831e-01,4.062413333333332957e+03
2.655500000000000000e+03,8.906143000000000143e+01,4.438195999999999808e-01,4.093317000000000007e+03
2.665500000000000000e+03,8.897714000000001988e+01,4.440944000000000003e-01,4.124322999999999411e+03
2.675500000000000000e+03,8.898571999999998638e+01,4.459138999999998632e-01,4.155445666666666511e+03
2.685500000000000000e+03,8.908714999999999407e+01,4.446915999999999647e-01,4.186690333333333911e+03
2.695500000000000000e+03,8.909427999999999770e+01,4.426381000000000343e-01,4.218063333333333503e+03
2.705500000000000000e+03,8.908570999999999174e+01,4.412726000000000148e-01,4.249565666666666402e+03
2.715500000000000000e+03,8.906143000000000143e+01,4.386765000000000247e-01,4.281191666666666606e+03
2.725500000000000000e+03,8.909143000000001678e+01,4.356963999999999837e-01,4.312938000000000102e+03
2.735500000000000000e+03,8.910714000000000112e+01,4.337410000000000432e-01,4.344808666666666795e+03
2.745500000000000000e+03,8.907714999999998895e+01,4.379500999999999533e-01,4.376805333333332783e+03
2.755500000000000000e+03,8.908428000000000679e+01,4.348194999999999699e-01,4.408933666666665886e+03
2.765500000000000000e+03,8.908571000000000595e+01,4.354682000000000275e-01,4.441199999999999818e+03
2.775500000000000000e+03,8.910855999999999710e+01,4.323551999999999396e-01,4.473596333333332950e+03
2.785500000000000000e+03,8.911427999999997951e+01,4.300067000000000195e-01,4.506117333333333590e+03
2.795500000000000000e+03,8.914428000000000907e+01,4.300450999999999580e-01,4.538752666666667210e+03
2.805500000000000000e+03,8.905429000000000883e+01,4.289509999999999712e-01,4.571503333333333103e+03
2.815500000000000000e+03,8.903141999999999712e+01,4.310669999999999780e-01,4.604365333333334092e+03
2.825500000000000000e+03,8.909286999999999068e+01,4.315547999999999607e-01,4.637349999999999454e+03
2.835500000000000000e+03,8.905857999999999208e+01,4.308207999999999482e-01,4.670446666666665806e+03
2.845500000000000000e+03,8.914858000000000970e+01,4.311196999999999946e-01,4.703657333333332645e+03
2.855500000000000000e+03,8.908284000000000447e+01,4.253565000000000262e-01,4.736983000000000175e+03
2.865500000000000000e+03,8.911142999999999859e+01,4.287070000000000047e-01,4.770426333333334696e+03
2.875500000000000000e+03,8.907285999999999149e+01,4.215621000000000507e-01,4.803987666666665973e+03
2.885500000000000000e+03,8.906859000000000037e+01,4.226962999999999693e-01,4.837661000000000058e+03
2.895500000000000000e+03,8.907286999999999466e+01,4.241428999999999894e-01,4.871452333333332717e+03
2.905500000000000000e+03,8.908571999999999491e+01,4.234321999999999808e-01,4.905362666666666883e+03
2.915500000000000000e+03,8.910713000000001216e+01,4.222094999999999598e-01,4.939393000000000939e+03
2.925500000000000000e+03,8.914284999999999570e+01,4.224121000000000126e-01,4.973542666666666264e+03
2.935500000000000000e+03,8.906714999999999804e+01,4.258148999999999407e-01,5.007813333333332594e+03
2.945500000000000000e+03,8.916857000000001676e+01,4.197995999999999950e-01,5.042197000000000116e+03
2.955500000000000000e+03,8.912142000000000053e+01,4.229735000000000023e-01,5.076690666666666402e+03
2.965500000000000000e+03,8.914144000000000290e+01,4.192731000000000097e-01,5.111294333333333270e+03
2.975500000000000000e+03,8.909857000000000937e+01,4.193846999999999992e-01,5.146014333333333525e+03
2.985500000000000000e+03,8.912573000000000434e+01,4.159856000000000664e-01,5.180850666666666257e+03
2.995500000000000000e+03,8.918574000000000979e+01,4.171370999999999829e-01,5.215813000000000102e+03
3.005500000000000000e+03,8.907428000000000168e+01,4.175042999999999394e-01,5.250891999999999825e+03
3.015500000000000000e+03,8.908286000000001081e+01,4.204094000000000442e-01,5.286095333333333656e+03
3.025500000000000000e+03,8.909143000000001678e+01,4.174162000000000705e-01,5.321421999999999571e+03
3.035500000000000000e+03,8.904999000000000819e+01,4.173612000000000433e-01,5.356872333333332790e+03
3.045500000000000000e+03,8.913572999999999524e+01,4.166247999999999618e-01,5.392445999999999003e+03
3.055500000000000000e+03,8.908572000000000912e+01,4.159768999999999828e-01,5.428144333333333634e+03
3.065500000000000000e+03,8.906571999999999889e+01,4.186941000000000135e-01,5.463966999999999643e+03
3.075500000000000000e+03,8.901142999999999006e+01,4.130602999999999914e-01,5.499907333333333554e+03
3.085500000000000000e+03,8.904141999999998802e+01,4.174514000000000280e-01,5.535967666666666446e+03
3.095500000000000000e+03,8.909857999999999834e+01,4.170565999999999995e-01,5.572148333333333539e+03
3.105500000000000000e+03,8.906284999999999741e+01,4.170748999999999707e-01,5.608444000000000415e+03
3.115500000000000000e+03,8.909569999999999368e+01,4.169923999999999853e-01,5.644856666666666570e+03
3.125500000000000000e+03,8.904714000000001306e+01,4.174225999999999770e-01,5.681380000000000109e+03
3.135500000000000000e+03,8.910143000000000768e+01,4.143796000000000146e-01,5.718016333333333932e+03
3.145500000000000000e+03,8.908572999999999809e+01,4.138463000000000003e-01,5.754767333333333227e+03
3.155500000000000000e+03,8.902858000000000516e+01,4.125175999999999843e-01,5.791627666666667210e+03
3.165500000000000000e+03,8.909572000000000003e+01,4.149987999999999455e-01,5.828597999999999956e+03
3.175500000000000000e+03,8.903716000000000008e+01,4.169330000000000536e-01,5.865685333333333801e+03
3.185500000000000000e+03,8.904858000000000118e+01,4.179760000000000142e-01,5.902885666666666111e+03
3.195500000000000000e+03,8.908000000000001251e+01,4.121450000000000391e-01,5.940204666666666526e+03
3.205500000000000000e+03,8.908001000000000147e+01,4.094826000000000299e-01,5.977640000000000327e+03
3.215500000000000000e+03,8.909999999999999432e+01,4.144702000000000663e-01,6.015192000000000917e+03
3.225500000000000000e+03,8.909713000000000704e+01,4.105419999999999625e-01,6.052851333333333969e+03
3.235500000000000000e+03,8.905855999999999995e+01,4.120319999999999538e-01,6.090604000000000269e+03
3.245500000000000000e+03,8.905857000000000312e+01,4.101760000000000406e-01,6.128454999999999018e+03
3.255500000000000000e+03,8.903857999999999606e+01,4.091962999999999573e-01,6.166405333333334056e+03
3.265500000000000000e+03,8.908429000000000997e+01,4.172816000000000303e-01,6.204460333333334347e+03
3.275500000000000000e+03,8.912428000000001305e+01,4.131102000000000385e-01,6.242618666666667195e+03
3.285500000000000000e+03,8.907856999999998493e+01,4.087668999999999886e-01,6.280896000000000640e+03
3.295500000000000000e+03,8.911571999999999605e+01,4.162296999999999803e-01,6.319292333333332863e+03
3.305500000000000000e+03,8.908571000000002016e+01,4.109271999999999925e-01,6.357800666666665165e+03
3.315500000000000000e+03,8.909143999999999153e+01,4.111101999999999812e-01,6.396418666666666468e+03
3.325500000000000000e+03,8.905429000000000883e+01,4.101743999999999946e-01,6.435134000000000015e+03
3.335500000000000000e+03,8.908428999999998155e+01,4.045334999999999903e-01,6.473949999999999818e+03
3.345500000000000000e+03,8.906713999999999487e+01,4.065198999999999896e-01,6.512871000000001004e+03
3.355500000000000000e+03,8.908857000000000426e+01,4.077325999999999451e-01,6.551902000000000044e+03
3.365500000000000000e+03,8.912569999999999482e+01,4.047619000000000078e-01,6.591047333333332972e+03
3.375500000000000000e+03,8.913714000000000226e+01,4.091292000000000262e-01,6.630305333333332783e+03
3.385500000000000000e+03,8.916003000000000611e+01,4.010343999999999021e-01,6.669672999999999774e+03
3.395500000000000000e+03,8.915000000000000568e+01,4.159920999999999758e-01,6.709153333333333649e+03
3.405500000000000000e+03,8.913000000000000966e+01,4.098462999999999967e-01,6.748752333333332899e+03
3.415500000000000000e+03,8.922142000000000905e+01,4.030079999999999774e-01,6.788475666666667166e+03
3.425500000000000000e+03,8.915999999999999659e+01,4.041062000000000265e-01,6.828320666666666511e+03
3.435500000000000000e+03,8.919428000000000623e+01,4.034555000000000224e-01,6.868288666666665449e+03
3.445500000000000000e+03,8.918712999999999624e+01,4.150406999999999291e-01,6.908384666666667727e+03
3.455500000000000000e+03,8.925000000000000000e+01,4.192680000000000295e-01,6.948595333333333656e+03
3.465500000000000000e+03,8.920572000000001367e+01,4.018344000000000915e-01,6.988905666666667457e+03
3.475500000000000000e+03,8.926285999999998921e+01,4.135804000000000147e-01,7.029326333333332514e+03
3.485500000000000000e+03,8.924287999999998533e+01,4.125055999999999723e-01,7.069865666666666584e+03
3.495500000000000000e+03,8.917428999999999917e+01,4.051850000000000174e-01,7.110526333333333241e+03
3.505500000000000000e+03,8.920000000000000284e+01,4.171742999999999979e-01,7.151309333333333598e+03
3.515500000000000000e+03,8.926858000000001425e+01,4.242568000000000450e-01,7.192227666666667574e+03
3.525500000000000000e+03,8.920571999999999946e+01,4.014045000000000529e-01,7.233257333333333008e+03
3.535500000000000000e+03,8.923285999999998808e+01,4.161077999999999721e-01,7.274393666666665922e+03
3.545500000000000000e+03,8.924714999999999065e+01,4.271246999999999683e-01,7.315648666666666031e+03
3.555500000000000000e+03,8.920000000000000284e+01,4.100263000000000102e-01,7.357027333333331626e+03
3.565500000000000000e+03,8.927572000000000685e+01,4.218954000000000315e-01,7.398527666666666846e+03
3.575500000000000000e+03,8.922000999999998783e+01,4.509359999999998925e-01,7.440154333333333852e+03
3.585500000000000000e+03,8.922570000000000334e+01,4.193904999999999994e-01,7.481902000000000044e+03
3.595500000000000000e+03,8.928144000000000347e+01,4.291113000000000288e-01,7.523763333333333321e+03
3.605500000000000000e+03,8.929285999999999035e+01,4.436691000000000384e-01,7.565725666666667166e+03
3.615500000000000000e+03,8.923857000000000994e+01,4.265270999999999368e-01,7.607805666666667094e+03
3.625500000000000000e+03,8.926143999999999323e+01,4.223530000000000340e-01,7.649997999999999593e+03
3.635500000000000000e+03,8.926570999999998435e+01,4.276686000000000654e-01,7.692301666666666279e+03
3.645500000000000000e+03,8.923429000000001565e+01,4.389605000000000312e-01,7.734722666666666555e+03
3.655500000000000000e+03,8.927427999999999031e+01,4.257349000000000272e-01,7.777259999999999309e+03
3.665500000000000000e+03,8.928570000000000562e+01,4.386937999999999671e-01,7.819921999999998661e+03
3.675500000000000000e+03,8.927430000000001087e+01,4.289774000000000642e-01,7.862702666666667028e+03
3.685500000000000000e+03,8.925285999999999831e+01,4.408529999999999949e-01,7.905592333333333954e+03
3.695500000000000000e+03,8.926715000000000089e+01,4.370051000000000352e-01,7.948591999999999643e+03
3.705500000000000000e+03,8.922143000000001223e+01,4.341956999999999622e-01,7.991694333333334725e+03
3.715500000000000000e+03,8.925001000000000317e+01,4.427636000000000349e-01,8.034909999999998945e+03
3.725500000000000000e+03,8.926143000000000427e+01,4.418376000000000525e-01,8.078238333333334594e+03
3.735500000000000000e+03,8.926572000000000173e+01,4.319819000000000853e-01,8.121680666666667094e+03
3.745500000000000000e+03,8.921428999999999121e+01,4.307738000000000400e-01,8.165235666666667385e+03
3.755500000000000000e+03,8.927858000000000516e+01,4.417422000000000293e-01,8.208902333333333445e+03
3.765500000000000000e+03,8.924428000000000338e+01,4.360159000000000118e-01,8.252682000000000698e+03
3.775500000000000000e+03,8.925428999999999746e+01,4.384827999999999504e-01,8.296578999999999724e+03
3.785500000000000000e+03,8.925143999999998812e+01,4.323792000000000191e-01,8.340590333333331728e+03
3.795500000000000000e+03,8.929000000000000625e+01,4.428583000000000380e-01,8.384719666666665944e+03
3.805500000000000000e+03,8.931713000000000591e+01,4.389237999999999751e-01,8.428969000000000960e+03
3.815500000000000000e+03,8.924855999999999767e+01,4.335964999999999958e-01,8.473341666666667152e+03
3.825500000000000000e+03,8.925857999999999493e+01,4.398551999999999462e-01,8.517834666666667545e+03
3.835500000000000000e+03,8.925428999999999746e+01,4.365124999999999700e-01,8.562439999999998690e+03
3.845500000000000000e+03,8.917285000000001105e+01,4.331308999999999854e-01,8.607158333333332848e+03
3.855500000000000000e+03,8.925285999999998410e+01,4.411930000000000018e-01,8.651997666666666191e+03
3.865500000000000000e+03,8.924429000000000656e+01,4.341532000000000169e-01,8.696953333333332921e+03
3.875500000000000000e+03,8.925570000000000448e+01,4.364628999999999870e-01,8.742024999999999636e+03
3.885500000000000000e+03,8.924715000000000487e+01,4.348424999999999652e-01,8.787216000000000349e+03
3.895500000000000000e+03,8.925001999999999214e+01,4.369627999999999846e-01,8.832526333333333241e+03
3.905500000000000000e+03,8.919714000000000453e+01,4.356369999999999965e-01,8.877941333333332295e+03
3.915500000000000000e+03,8.920713000000000648e+01,4.317650000000000654e-01,8.923459333333332324e+03
3.925500000000000000e+03,8.923857000000000994e+01,4.314646999999999788e-01,8.969078666666668141e+03
3.935500000000000000e+03,8.919142999999999688e+01,4.309918999999999834e-01,9.014808333333332484e+03
3.945500000000000000e+03,8.921285000000000309e+01,4.299163999999999208e-01,9.060656999999999243e+03
3.955500000000000000e+03,8.927428000000000452e+01,4.313987000000000238e-01,9.106626666666667006e+03
3.965500000000000000e+03,8.923999999999999488e+01,4.307964000000000238e-01,9.152718666666665740e+03
3.975500000000000000e+03,8.925427999999999429e+01,4.314680999999999100e-01,9.198922000000002299e+03
3.985500000000000000e+03,8.924998999999999683e+01,4.291953999999999492e-01,9.245231000000001586e+03
3.995500000000000000e+03,8.925714999999999577e+01,4.299984999999999502e-01,9.291647333333332426e+03
4.005500000000000000e+03,8.925285999999999831e+01,4.261823999999999613e-01,9.338177666666666482e+03
4.015500000000000000e+03,8.926714999999998668e+01,4.278887000000000107e-01,9.384823333333333721e+03
4.025500000000000000e+03,8.928858999999999924e+01,4.258252999999999622e-01,9.431582333333333736e+03
4.035500000000000000e+03,8.928714999999999691e+01,4.258775000000000199e-01,9.478459333333334143e+03
4.045500000000000000e+03,8.928858999999999924e+01,4.258562999999999654e-01,9.525454333333333125e+03
4.055500000000000000e+03,8.930714000000000397e+01,4.224615999999999927e-01,9.572559666666664270e+03
4.065500000000000000e+03,8.931998999999999000e+01,4.284507000000000732e-01,9.619777666666665027e+03
4.075500000000000000e+03,8.931428999999999974e+01,4.266075999999999757e-01,9.667114333333334798e+03
4.085500000000000000e+03,8.925715999999999894e+01,4.241707000000000116e-01,9.714561333333334915e+03
4.095500000000000000e+03,8.931142000000002668e+01,4.249670999999999310e-01,9.762123666666666395e+03
4.105500000000000000e+03,8.924713999999998748e+01,4.229330000000000034e-01,9.809811666666666497e+03
4.115500000000000000e+03,8.930286000000000968e+01,4.215332999999999442e-01,9.857639000000001033e+03
4.125500000000000000e+03,8.930143000000001052e+01,4.219851000000000019e-01,9.905581333333331713e+03
4.135500000000000000e+03,8.932000000000000739e+01,4.246297999999999462e-01,9.953648666666666031e+03
4.145500000000000000e+03,8.926856999999999687e+01,4.233111999999999986e-01,1.000182933333333494e+04
4.155500000000000000e+03,8.926857000000001108e+01,4.207367999999999664e-01,1.005012133333333259e+04
4.165500000000000000e+03,8.928714999999999691e+01,4.185463000000000378e-01,1.009853400000000147e+04
4.175500000000000000e+03,8.927426999999998714e+01,4.222397999999999985e-01,1.014704333333333307e+04
4.185500000000000000e+03,8.929856999999998379e+01,4.220291999999999932e-01,1.019568000000000029e+04
4.195500000000000000e+03,8.933572000000000912e+01,4.206494999999999540e-01,1.024443666666666650e+04
4.205500000000000000e+03,8.928143000000000029e+01,4.182461000000000095e-01,1.029330333333333328e+04
4.215500000000000000e+03,8.930142000000000735e+01,4.183223999999999831e-01,1.034229333333333307e+04
4.225500000000000000e+03,8.931287000000000376e+01,4.168566000000000216e-01,1.039138333333333503e+04
4.235500000000000000e+03,8.933570999999999174e+01,4.190013999999999683e-01,1.044059000000000015e+04
4.245500000000000000e+03,8.933572000000000912e+01,4.172941000000000011e-01,1.048994999999999891e+04
4.255500000000000000e+03,8.929856999999999800e+01,4.162441999999999531e-01,1.053942333333333409e+04
4.265500000000000000e+03,8.931570999999999572e+01,4.187675000000000702e-01,1.058902333333333445e+04
4.275500000000000000e+03,8.932571000000000083e+01,4.204225000000000323e-01,1.063874333333333379e+04
4.285500000000000000e+03,8.932572999999999297e+01,4.184824999999999795e-01,1.068858333333333212e+04
4.295500000000000000e+03,8.936572000000001026e+01,4.180887000000000353e-01,1.073853000000000065e+04
4.305500000000000000e+03,8.930714000000000397e+01,4.162180999999999242e-01,1.078858666666666613e+04
4.315500000000000000e+03,8.935713999999998691e+01,4.164402999999999855e-01,1.083876333333333241e+04
4.325500000000000000e+03,8.931143999999999039e+01,4.164383999999999864e-01,1.088906333333333350e+04
4.335500000000000000e+03,8.935572999999999411e+01,4.157616000000000089e-01,1.093947333333333154e+04
4.345500000000000000e+03,8.931427999999998235e+01,4.167446000000000206e-01,1.099000999999999840e+04
4.355500000000000000e+03,8.937142000000000053e+01,4.153041000000000094e-01,1.104066666666666606e+04
4.365500000000000000e+03,8.938428999999999292e+01,4.182823999999999987e-01,1.109144666666666672e+04
4.375500000000000000e+03,8.933284999999997922e+01,4.184604000000000101e-01,1.114234666666666635e+04
4.385500000000000000e+03,8.935715000000000430e+01,4.172914999999999819e-01,1.119337666666666701e+04
4.395500000000000000e+03,8.933286999999998557e+01,4.183085999999999194e-01,1.124453666666666504e+04
4.405500000000000000e+03,8.937426000000000670e+01,4.149095999999999895e-01,1.129578333333333103e+04
4.415500000000000000e+03,8.932713999999999999e+01,4.155365999999999782e-01,1.134715999999999985e+04
4.425500000000000000e+03,8.938570999999998890e+01,4.176745000000000596e-01,1.139864666666666562e+04
4.435500000000000000e+03,8.934855999999999199e+01,4.163344999999999407e-01,1.145026333333333241e+04
4.445500000000000000e+03,8.933856000000000108e+01,4.175238999999999479e-01,1.150197666666666737e+04
4.455500000000000000e+03,8.935571999999999093e+01,4.169804999999999207e-01,1.155381333333333532e+04
4.465500000000000000e+03,8.938857000000000141e+01,4.174666000000000210e-01,1.160575999999999840e+04
4.475500000000000000e+03,8.939714000000000738e+01,4.171607999999999983e-01,1.165780999999999949e+04
4.485500000000000000e+03,8.938714000000000226e+01,4.157970999999999751e-01,1.170997666666666555e+04
4.495500000000000000e+03,8.935857000000000028e+01,4.155942999999999721e-01,1.176227333333333445e+04
4.505500000000000000e+03,8.938428999999999292e+01,4.161318000000000517e-01,1.181466333333333387e+04
4.515500000000000000e+03,8.938428999999999292e+01,4.162790000000000101e-01,1.186716666666666788e+04
4.525500000000000000e+03,8.939714999999999634e+01,4.171787999999999608e-01,1.191977666666666664e+04
4.535500000000000000e+03,8.939714999999999634e+01,4.167345000000000077e-01,1.197251000000000022e+04
4.545500000000000000e+03,8.936428999999999689e+01,4.143485999999999558e-01,1.202535666666666657e+04
4.555500000000000000e+03,8.937570999999999799e+01,4.170118999999999909e-01,1.207831666666666752e+04
4.565500000000000000e+03,8.937426999999999566e+01,4.157313999999999732e-01,1.213140666666666584e+04
4.575500000000000000e+03,8.940713999999999828e+01,4.135633000000000226e-01,1.218461666666666679e+04
4.585500000000000000e+03,8.942712999999999113e+01,4.162819999999999854e-01,1.223792333333333590e+04
4.595500000000000000e+03,8.941855999999999938e+01,4.150736000000000425e-01,1.229134333333333234e+04
4.605500000000000000e+03,8.943429000000000428e+01,4.169878999999999669e-01,1.234486000000000058e+04
4.615500000000000000e+03,8.937287000000000603e+01,4.159382999999999830e-01,1.239851000000000022e+04
4.625500000000000000e+03,8.937427999999999884e+01,4.154681999999999542e-01,1.245226666666666642e+04
4.635500000000000000e+03,8.944142999999999688e+01,4.153526000000000162e-01,1.250614333333333343e+04
4.645500000000000000e+03,8.940855999999999426e+01,4.135608000000000617e-01,1.256013666666666541e+04
4.655500000000000000e+03,8.940715000000000146e+01,4.161867000000000205e-01,1.261424666666666599e+04
4.665500000000000000e+03,8.945000000000000284e+01,4.164575000000000360e-01,1.266846999999999753e+04
4.675500000000000000e+03,8.943997999999999138e+01,4.176957000000000586e-01,1.272278666666666504e+04
4.685500000000000000e+03,8.946000999999999692e+01,4.137148000000000492e-01,1.277722666666666555e+04
4.695500000000000000e+03,8.944857000000000369e+01,4.162038000000000126e-01,1.283176333333333241e+04
4.705500000000000000e+03,8.942427000000000703e+01,4.156362999999999586e-01,1.288642333333333409e+04
4.715500000000000000e+03,8.952142999999999518e+01,4.153547000000000766e-01,1.294119000000000051e+04
4.725500000000000000e+03,8.947285999999999717e+01,4.155452000000000590e-01,1.299607333333333372e+04
4.735500000000000000e+03,8.954286000000000456e+01,4.149764000000000230e-01,1.305106999999999971e+04
4.745500000000000000e+03,8.955285999999998126e+01,4.166717999999999256e-01,1.310616333333333387e+04
4.755500000000000000e+03,8.951858000000001425e+01,4.158409000000000688e-01,1.316136000000000058e+04
4.765500000000000000e+03,8.942143000000001507e+01,4.144884000000000346e-01,1.321669333333333270e+04
4.775500000000000000e+03,8.945144000000000517e+01,4.158198999999999645e-01,1.327213999999999942e+04
4.785500000000000000e+03,8.940429000000001736e+01,4.160828000000000304e-01,1.332770666666666511e+04
4.795500000000000000e+03,8.953287000000001683e+01,4.146368000000000831e-01,1.338339999999999964e+04
4.805500000000000000e+03,8.956285999999998637e+01,4.162195999999999674e-01,1.343928333333333467e+04
4.815500000000000000e+03,8.942428999999998496e+01,4.137005999999999739e-01,1.349527000000000044e+04
4.825500000000000000e+03,8.951142999999999006e+01,4.156711999999999629e-01,1.355138666666666722e+04
4.835500000000000000e+03,8.952714000000000283e+01,4.142851000000000172e-01,1.360761000000000058e+04
4.845500000000000000e+03,8.950571999999999662e+01,4.153890999999999556e-01,1.366396333333333314e+04
4.855500000000000000e+03,8.946429000000000542e+01,4.145960999999999674e-01,1.372043999999999869e+04
4.865500000000000000e+03,8.959716000000000236e+01,4.168560999999999517e-01,1.377703999999999905e+04
4.875500000000000000e+03,8.955428999999999462e+01,4.150834000000000468e-01,1.383374333333333198e+04
4.885500000000000000e+03,8.952571000000001789e+01,4.150603000000000486e-01,1.389056333333333350e+04
4.895500000000000000e+03,8.946286000000000627e+01,4.152599999999999625e-01,1.394748999999999978e+04
4.905500000000000000e+03,8.946286000000000627e+01,4.142244999999999955e-01,1.400454666666666708e+04
4.915500000000000000e+03,8.946998999999999569e+01,4.146464999999999179e-01,1.406171000000000095e+04
4.925500000000000000e+03,8.950427999999999429e+01,4.154790999999999346e-01,1.411899666666666781e+04
4.935500000000000000e+03,8.956000000000000227e+01,4.143013000000000945e-01,1.417641333333333387e+04
4.945500000000000000e+03,8.948141999999998575e+01,4.138078000000000034e-01,1.423392666666666992e+04
4.955500000000000000e+03,8.947427000000000419e+01,4.143179000000000167e-01,1.429155999999999767e+04
4.965500000000000000e+03,8.957856999999999914e+01,4.136870000000000269e-01,1.434929666666666526e+04
4.975500000000000000e+03,8.945287000000000432e+01,4.142846999999999502e-01,1.440714333333333161e+04
4.985500000000000000e+03,8.943285999999999092e+01,4.125289999999999790e-01,1.446511000000000058e+04
4.995500000000000000e+03,8.945713999999999544e+01,4.113025999999999627e-01,1.452320999999999731e+04
