5.500000000000000000e+00,8.798571000000001163e+01,6.747670000000000812e+01,3.287754199999999571e-02
1.550000000000000000e+01,8.723857999999999890e+01,1.076504900000000120e+01,1.954334666666666664e-01
2.550000000000000000e+01,8.748283999999999594e+01,7.844165000000001164e+00,5.039691000000000587e-01
3.550000000000000000e+01,8.869857000000000369e+01,7.301089000000000162e+00,9.472852333333335872e-01
4.550000000000000000e+01,8.999572000000000571e+01,6.257240000000000357e+00,1.527428333333333388e+00
5.550000000000000000e+01,8.970284999999999798e+01,5.286934999999999718e+00,2.248521333333333594e+00
6.550000000000000000e+01,8.891999999999998749e+01,4.569227999999999845e+00,3.116584666666666781e+00
7.550000000000000000e+01,8.988286999999999694e+01,4.096467000000000525e+00,4.126344333333333836e+00
8.550000000000000000e+01,9.011715000000000941e+01,3.531616000000000533e+00,5.274776333333333511e+00
9.550000000000000000e+01,9.042001000000000488e+01,3.175443999999999711e+00,6.558128333333331561e+00
1.055000000000000000e+02,9.037429000000000201e+01,2.792371000000000159e+00,7.972494333333332683e+00
1.155000000000000000e+02,9.035713999999998691e+01,2.731465000000000032e+00,9.519433000000001144e+00
1.255000000000000000e+02,9.020999999999999375e+01,2.699983000000000022e+00,1.120524333333333367e+01
1.355000000000000000e+02,9.093715000000000259e+01,2.417456000000000493e+00,1.303196999999999761e+01
1.455000000000000000e+02,9.045857999999998356e+01,2.510663000000000089e+00,1.499525999999999826e+01
1.555000000000000000e+02,9.079428000000000054e+01,2.244690999999999992e+00,1.710682333333333105e+01
1.655000000000000000e+02,9.102142999999999518e+01,2.250573999999999852e+00,1.938547333333333356e+01
1.755000000000000000e+02,9.087573000000000434e+01,1.991419000000000050e+00,2.182252666666666840e+01
1.855000000000000000e+02,9.092571999999998411e+01,1.967349000000000014e+00,2.440069333333333290e+01
1.955000000000000000e+02,9.076856999999999687e+01,1.856769999999999810e+00,2.712926999999999822e+01
2.055000000000000000e+02,9.105001000000001454e+01,1.715542999999999818e+00,3.000505333333332914e+01
2.155000000000000000e+02,9.083571000000000595e+01,1.692352000000000078e+00,3.303549000000000291e+01
2.255000000000000000e+02,9.099430000000000973e+01,1.574152999999999913e+00,3.621216000000000435e+01
2.355000000000000000e+02,9.096856999999999971e+01,1.519254000000000104e+00,3.953800333333333583e+01
2.455000000000000000e+02,9.090000999999999465e+01,1.537411000000000083e+00,4.301240333333333865e+01
2.555000000000000000e+02,9.102000000000001023e+01,1.450340999999999880e+00,4.662346999999999753e+01
2.655000000000000000e+02,9.098286000000000229e+01,1.416656999999999833e+00,5.036777999999999622e+01
2.755000000000000000e+02,9.099715000000000487e+01,1.363818999999999892e+00,5.424616333333333529e+01
2.855000000000000000e+02,9.109141999999999939e+01,1.307111000000000134e+00,5.825542333333334000e+01
2.955000000000000000e+02,9.116141999999999257e+01,1.294293000000000138e+00,6.241347666666666782e+01
3.055000000000000000e+02,9.111858999999999753e+01,1.227241999999999944e+00,6.672395666666665193e+01
3.155000000000000000e+02,9.114000000000001478e+01,1.193460000000000187e+00,7.118896666666668693e+01
3.255000000000000000e+02,9.112570999999999799e+01,1.172904999999999864e+00,7.580746000000000606e+01
3.355000000000000000e+02,9.084857000000000937e+01,1.139313999999999938e+00,8.057516333333333591e+01
3.455000000000000000e+02,9.118714000000001363e+01,1.089307499999999873e+00,8.547505666666666002e+01
3.555000000000000000e+02,9.114856999999999232e+01,1.082743000000000011e+00,9.048875666666666007e+01
3.655000000000000000e+02,9.104999999999999716e+01,1.007009499999999891e+00,9.562017999999999063e+01
3.755000000000000000e+02,9.109427999999999770e+01,1.037725400000000020e+00,1.008842233333333240e+02
3.855000000000000000e+02,9.106000000000000227e+01,9.917507999999999324e-01,1.062902666666666676e+02
3.955000000000000000e+02,9.120571999999999946e+01,9.557550999999999686e-01,1.118326333333333480e+02
4.055000000000000000e+02,9.101999000000000706e+01,9.402490999999999488e-01,1.175105333333333419e+02
4.155000000000000000e+02,9.104857000000001221e+01,9.377352999999999383e-01,1.233207999999999913e+02
4.255000000000000000e+02,9.089858000000000970e+01,9.147626000000000923e-01,1.292486000000000104e+02
4.355000000000000000e+02,9.094856999999998948e+01,8.946446999999999594e-01,1.352955000000000041e+02
4.455000000000000000e+02,9.106141999999999825e+01,8.830099999999999616e-01,1.414670666666666534e+02
4.555000000000000000e+02,9.092713999999999430e+01,8.658416000000001000e-01,1.477740333333333353e+02
4.655000000000000000e+02,9.079284999999998718e+01,8.472111999999999421e-01,1.542228333333333126e+02
4.755000000000000000e+02,9.086144000000001597e+01,8.314505000000000923e-01,1.608059000000000083e+02
4.855000000000000000e+02,9.095856999999999459e+01,8.165252000000000621e-01,1.675362666666666769e+02
4.955000000000000000e+02,9.096858000000000288e+01,7.980877000000001775e-01,1.744111999999999796e+02
5.055000000000000000e+02,9.099143000000000825e+01,7.842127999999999322e-01,1.814216333333333466e+02
5.155000000000000000e+02,9.105715999999999610e+01,7.694172999999999707e-01,1.885789333333333389e+02
5.255000000000000000e+02,9.113998999999998318e+01,7.842397999999999314e-01,1.958802999999999770e+02
5.355000000000000000e+02,9.096428000000000225e+01,7.560812999999999562e-01,2.033242666666666878e+02
5.455000000000000000e+02,9.098857000000000994e+01,7.659175000000001399e-01,2.109175000000000182e+02
5.555000000000000000e+02,9.115427999999999997e+01,7.654088999999999476e-01,2.186612333333333424e+02
5.655000000000000000e+02,9.103999000000000308e+01,7.482404999999999751e-01,2.265431666666666501e+02
5.755000000000000000e+02,9.104856999999999800e+01,7.200537000000000187e-01,2.345806666666666729e+02
5.855000000000000000e+02,9.097143000000001223e+01,7.321699999999999875e-01,2.427812666666666814e+02
5.955000000000000000e+02,9.102713999999998862e+01,7.177553999999999323e-01,2.511302999999999770e+02
6.055000000000000000e+02,9.101430000000001996e+01,7.218740000000000157e-01,2.596306333333333214e+02
6.155000000000000000e+02,9.098571000000001163e+01,7.146206000000000502e-01,2.682779666666666571e+02
6.255000000000000000e+02,9.098285999999998808e+01,7.152475000000000360e-01,2.770737666666666428e+02
6.355000000000000000e+02,9.105571000000000481e+01,6.990488000000000257e-01,2.860299333333333038e+02
6.455000000000000000e+02,9.099429000000000656e+01,7.040908999999999640e-01,2.951431666666666160e+02
6.555000000000000000e+02,9.097856999999999061e+01,6.717751000000001804e-01,3.044040666666667221e+02
6.655000000000000000e+02,9.099428000000000338e+01,6.844086999999999810e-01,3.138124333333333880e+02
6.755000000000000000e+02,9.101570999999999856e+01,6.706927999999999779e-01,3.233678999999999633e+02
6.855000000000000000e+02,9.102000000000001023e+01,6.646575000000000122e-01,3.330668333333333635e+02
6.955000000000000000e+02,9.097856999999999061e+01,6.711308000000000273e-01,3.429085666666666725e+02
7.055000000000000000e+02,9.097858000000000800e+01,6.431134999999998936e-01,3.528968666666666536e+02
7.155000000000000000e+02,9.101142999999999006e+01,6.533377000000000212e-01,3.630339333333333798e+02
7.255000000000000000e+02,9.108286999999999978e+01,6.478470000000000617e-01,3.733094666666667081e+02
7.355000000000000000e+02,9.096858000000000288e+01,6.473446999999998841e-01,3.837308666666666568e+02
7.455000000000000000e+02,9.100429000000001167e+01,6.406703999999999732e-01,3.943079333333333238e+02
7.555000000000000000e+02,9.097855999999998744e+01,6.339463000000000736e-01,4.050420333333333360e+02
7.655000000000000000e+02,9.098431000000000779e+01,6.532672999999999952e-01,4.159336666666666247e+02
7.755000000000000000e+02,9.094286999999999921e+01,6.151157999999999904e-01,4.269737666666666200e+02
7.855000000000000000e+02,9.093998000000000559e+01,5.927999999999999936e-01,4.381619333333333088e+02
7.955000000000000000e+02,9.095286000000001536e+01,5.948284999999999823e-01,4.495060666666666407e+02
8.055000000000000000e+02,9.091431000000000040e+01,6.003309000000000006e-01,4.609908666666667045e+02
8.155000000000000000e+02,9.092286000000000001e+01,5.973310000000000564e-01,4.726239666666666608e+02
8.255000000000000000e+02,9.094714000000000453e+01,5.863960999999999757e-01,4.844005000000000223e+02
8.355000000000000000e+02,9.093285999999999092e+01,5.802259999999999085e-01,4.963239666666666494e+02
8.455000000000000000e+02,9.090142999999999063e+01,5.925933000000001005e-01,5.083937333333333299e+02
8.555000000000000000e+02,9.095143000000000200e+01,5.615729000000000415e-01,5.206125333333333174e+02
8.655000000000000000e+02,9.095001000000000602e+01,5.665207999999999355e-01,5.329774666666666008e+02
8.755000000000000000e+02,9.091999999999998749e+01,5.511648000000000103e-01,5.454783666666667159e+02
8.855000000000000000e+02,9.092000000000000171e+01,5.446239000000000496e-01,5.581163333333332730e+02
8.955000000000000000e+02,9.090143000000000484e+01,5.501935000000000020e-01,5.708925999999999021e+02
9.055000000000000000e+02,9.085569999999999879e+01,5.587465000000000348e-01,5.838116333333333614e+02
9.155000000000000000e+02,9.093998999999999455e+01,5.379372000000000043e-01,5.968825999999999112e+02
9.255000000000000000e+02,9.084855999999999199e+01,5.580522999999999456e-01,6.100969000000000051e+02
9.355000000000000000e+02,9.089430000000000121e+01,5.479247000000000423e-01,6.234586333333334096e+02
9.455000000000000000e+02,9.082571999999998980e+01,5.495783000000000751e-01,6.369674666666666099e+02
9.555000000000000000e+02,9.085857000000000028e+01,5.388140999999999625e-01,6.506149666666667599e+02
9.655000000000000000e+02,9.081428000000001077e+01,5.289201000000000041e-01,6.644173666666667941e+02
9.755000000000000000e+02,9.087571999999998695e+01,5.187254999999999505e-01,6.783662666666666610e+02
9.855000000000000000e+02,9.083428000000000679e+01,5.440864999999999174e-01,6.924523333333333994e+02
9.955000000000000000e+02,9.087142000000000053e+01,5.433382999999999408e-01,7.066805666666666639e+02
1.005500000000000000e+03,9.081570999999999572e+01,5.425760000000000582e-01,7.210551333333332877e+02
1.015500000000000000e+03,9.084857999999999834e+01,5.263683000000000112e-01,7.355822666666666692e+02
1.025500000000000000e+03,9.080000000000001137e+01,5.115795999999999122e-01,7.502563999999999851e+02
1.035500000000000000e+03,9.078000999999999010e+01,5.176437999999999873e-01,7.650755333333333965e+02
1.045500000000000000e+03,9.084570999999999685e+01,5.085706999999999312e-01,7.800320666666666511e+02
1.055500000000000000e+03,9.079427999999998633e+01,5.201852000000000142e-01,7.951256666666666888e+02
1.065500000000000000e+03,9.081570000000000675e+01,5.188811999999999314e-01,8.103566666666665697e+02
1.075500000000000000e+03,9.084572000000001424e+01,5.208589999999999609e-01,8.257232999999999947e+02
1.085500000000000000e+03,9.084285999999998751e+01,5.166797000000000750e-01,8.412368333333331520e+02
1.095500000000000000e+03,9.084427999999999770e+01,5.063796000000000408e-01,8.568907999999998992e+02
1.105500000000000000e+03,9.080855999999999995e+01,5.247341999999999285e-01,8.726744333333333543e+02
1.115500000000000000e+03,9.086857000000000539e+01,5.096903000000000405e-01,8.885856666666666115e+02
1.125500000000000000e+03,9.084713999999999601e+01,5.092735000000000456e-01,9.046243666666665604e+02
1.135500000000000000e+03,9.081714999999999804e+01,5.181112999999999413e-01,9.208052666666666255e+02
1.145500000000000000e+03,9.090286000000000399e+01,5.078438000000000674e-01,9.371281333333333805e+02
1.155500000000000000e+03,9.084714999999999918e+01,5.127906000000000963e-01,9.535742666666667446e+02
1.165500000000000000e+03,9.080857000000000312e+01,5.095627000000000351e-01,9.701400666666664847e+02
1.175500000000000000e+03,9.085857000000001449e+01,4.934919999999999862e-01,9.868420666666664829e+02
1.185500000000000000e+03,9.080001000000000033e+01,5.082030999999999077e-01,1.003682966666666516e+03
1.195500000000000000e+03,9.085572000000000514e+01,5.108511000000000024e-01,1.020662233333333234e+03
1.205500000000000000e+03,9.081856000000000506e+01,5.049877000000000393e-01,1.037783866666666654e+03
1.215500000000000000e+03,9.084426999999999452e+01,4.974552000000000973e-01,1.055053033333333360e+03
1.225500000000000000e+03,9.079426999999999737e+01,5.033429999999998739e-01,1.072462666666666792e+03
1.235500000000000000e+03,9.083857000000000426e+01,5.026784999999998060e-01,1.090008666666666613e+03
1.245500000000000000e+03,9.086141999999999541e+01,4.938446000000000780e-01,1.107692333333332954e+03
1.255500000000000000e+03,9.080714999999999293e+01,4.992696999999999830e-01,1.125508666666666613e+03
1.265500000000000000e+03,9.086714000000002045e+01,5.062657999999998770e-01,1.143461666666666588e+03
1.275500000000000000e+03,9.085856000000001131e+01,5.044252000000000180e-01,1.161559333333333143e+03
1.285500000000000000e+03,9.089286999999998784e+01,4.975101999999999580e-01,1.179807333333333418e+03
1.295500000000000000e+03,9.088142999999999461e+01,4.945269999999999944e-01,1.198212666666666792e+03
1.305500000000000000e+03,9.092143000000001507e+01,4.992096000000000311e-01,1.216775333333333492e+03
1.315500000000000000e+03,9.092428999999999917e+01,4.954572999999999894e-01,1.235487666666666655e+03
1.325500000000000000e+03,9.088998999999999739e+01,4.927685000000000537e-01,1.254338999999999942e+03
1.335500000000000000e+03,9.090001999999999782e+01,4.889001999999999515e-01,1.273330666666666730e+03
1.345500000000000000e+03,9.091572000000000742e+01,5.013335999999999348e-01,1.292461666666666588e+03
1.355500000000000000e+03,9.088714000000000226e+01,4.876883999999999664e-01,1.311721333333333405e+03
1.365500000000000000e+03,9.092285999999998580e+01,4.869335000000000191e-01,1.331112666666666655e+03
1.375500000000000000e+03,9.088429000000000713e+01,4.837683000000000400e-01,1.350632333333333236e+03
1.385500000000000000e+03,9.089143999999998869e+01,4.842224999999998891e-01,1.370272333333333336e+03
1.395500000000000000e+03,9.092427999999999599e+01,4.823305999999999427e-01,1.390043333333333521e+03
1.405500000000000000e+03,9.091142999999999574e+01,4.863545999999999703e-01,1.409943666666666559e+03
1.415500000000000000e+03,9.088857999999999038e+01,4.830374000000000057e-01,1.429980000000000018e+03
1.425500000000000000e+03,9.085571000000001618e+01,4.855291999999999386e-01,1.450147333333333563e+03
1.435500000000000000e+03,9.089572000000001140e+01,4.847629000000000521e-01,1.470450666666666621e+03
1.445500000000000000e+03,9.087429000000000201e+01,4.822319000000000466e-01,1.490891333333333250e+03
1.455500000000000000e+03,9.085571000000000197e+01,4.882735999999999743e-01,1.511472333333333154e+03
1.465500000000000000e+03,9.089571999999999719e+01,4.855740000000000056e-01,1.532196666666666715e+03
1.475500000000000000e+03,9.085143999999999664e+01,4.845645000000000091e-01,1.553059666666666544e+03
1.485500000000000000e+03,9.082427999999998747e+01,4.828606000000000842e-01,1.574075000000000045e+03
1.495500000000000000e+03,9.083427000000000362e+01,4.824027000000000731e-01,1.595233666666666750e+03
1.505500000000000000e+03,9.087287000000000603e+01,4.873645999999999257e-01,1.616534333333333052e+03
1.515500000000000000e+03,9.086999000000000137e+01,4.817576000000000080e-01,1.637970333333333201e+03
1.525500000000000000e+03,9.085857000000000028e+01,4.815292000000000461e-01,1.659552666666666482e+03
1.535500000000000000e+03,9.085142000000000451e+01,4.823340000000000960e-01,1.681282333333333327e+03
1.545500000000000000e+03,9.088428999999999292e+01,4.820124000000000075e-01,1.703157666666666728e+03
1.555500000000000000e+03,9.085571000000000197e+01,4.816922000000000148e-01,1.725164666666666790e+03
1.565500000000000000e+03,9.089430000000000121e+01,4.815483000000000402e-01,1.747308000000000220e+03
1.575500000000000000e+03,9.087714000000002557e+01,4.830963999999999814e-01,1.769585333333333210e+03
1.585500000000000000e+03,9.085287999999999897e+01,4.802773000000000181e-01,1.792002666666666755e+03
1.595500000000000000e+03,9.086571999999998184e+01,4.852627999999999941e-01,1.814558666666666568e+03
1.605500000000000000e+03,9.084859000000000151e+01,4.814359999999999751e-01,1.837257666666666864e+03
1.615500000000000000e+03,9.084000000000000341e+01,4.790632000000000223e-01,1.860100333333333083e+03
1.625500000000000000e+03,9.087426999999999566e+01,4.809331999999999496e-01,1.883086999999999989e+03
1.635500000000000000e+03,9.085143000000000768e+01,4.854042000000000634e-01,1.906222333333333154e+03
1.645500000000000000e+03,9.087143000000000370e+01,4.870060999999999973e-01,1.929510333333333165e+03
1.655500000000000000e+03,9.086428000000000793e+01,4.800227999999999717e-01,1.952948666666666668e+03
1.665500000000000000e+03,9.087283999999999651e+01,4.822371999999999770e-01,1.976541666666666742e+03
1.675500000000000000e+03,9.083286000000001081e+01,4.843864999999999976e-01,2.000281666666666524e+03
1.685500000000000000e+03,9.086287000000000091e+01,4.798633999999999955e-01,2.024167333333333318e+03
1.695500000000000000e+03,9.085714000000000112e+01,4.877211000000000185e-01,2.048193666666666559e+03
1.705500000000000000e+03,9.088855999999998403e+01,4.856585999999999959e-01,2.072360333333333983e+03
1.715500000000000000e+03,9.086428000000000793e+01,4.857371999999999801e-01,2.096664333333333161e+03
1.725500000000000000e+03,9.086428999999999689e+01,4.815026999999999502e-01,2.121099333333333107e+03
1.735500000000000000e+03,9.082428000000000168e+01,4.805016999999999205e-01,2.145675000000000182e+03
1.745500000000000000e+03,9.088857000000001563e+01,4.799936999999999676e-01,2.170395333333333383e+03
1.755500000000000000e+03,9.087001000000000772e+01,4.810777999999999999e-01,2.195257666666665955e+03
1.765500000000000000e+03,9.087714000000001136e+01,4.807401000000000590e-01,2.220274333333333743e+03
1.775500000000000000e+03,9.084999000000000535e+01,4.820931999999998885e-01,2.245433333333333394e+03
1.785500000000000000e+03,9.086572999999998501e+01,4.879651999999999878e-01,2.270722999999999956e+03
1.795500000000000000e+03,9.084430999999999301e+01,4.840587999999999558e-01,2.296153666666666140e+03
1.805500000000000000e+03,9.087142999999998949e+01,4.850340000000000207e-01,2.321730999999999767e+03
1.815500000000000000e+03,9.084857999999999834e+01,4.821600000000000330e-01,2.347450666666666621e+03
1.825500000000000000e+03,9.086429000000001110e+01,4.799744000000000232e-01,2.373321000000000367e+03
1.835500000000000000e+03,9.084286000000000172e+01,4.861969000000000429e-01,2.399326333333333423e+03
1.845500000000000000e+03,9.085430999999999813e+01,4.858688000000001006e-01,2.425459666666666635e+03
1.855500000000000000e+03,9.086142999999999859e+01,4.837155999999999123e-01,2.451727333333333263e+03
1.865500000000000000e+03,9.086141999999999541e+01,4.814768000000000936e-01,2.478129666666666708e+03
1.875500000000000000e+03,9.086142999999999859e+01,4.833024000000000209e-01,2.504669666666666217e+03
1.885500000000000000e+03,9.086715999999999838e+01,4.808814000000000144e-01,2.531354333333333670e+03
1.895500000000000000e+03,9.085998999999999626e+01,4.800302000000000180e-01,2.558180666666666639e+03
1.905500000000000000e+03,9.086428000000000793e+01,4.836788000000000198e-01,2.585135999999999967e+03
1.915500000000000000e+03,9.085571999999999093e+01,4.812768000000000046e-01,2.612216000000000349e+03
1.925500000000000000e+03,9.086141000000000645e+01,4.900232999999999395e-01,2.639418333333333067e+03
1.935500000000000000e+03,9.084286000000000172e+01,4.785705000000000098e-01,2.666753666666666504e+03
1.945500000000000000e+03,9.084427999999999770e+01,4.827785999999999467e-01,2.694224333333333561e+03
1.955500000000000000e+03,9.084570999999999685e+01,4.822359999999999980e-01,2.721849666666666508e+03
1.965500000000000000e+03,9.086714999999999520e+01,4.828851999999999589e-01,2.749626999999999953e+03
1.975500000000000000e+03,9.085427999999998860e+01,4.855615999999999266e-01,2.777559999999999945e+03
1.985500000000000000e+03,9.083717000000000041e+01,4.819687000000000277e-01,2.805648333333333539e+03
1.995500000000000000e+03,9.082858000000000231e+01,4.775055999999999190e-01,2.833882666666666410e+03
2.005500000000000000e+03,9.084284999999998433e+01,4.811780000000000501e-01,2.862246333333333496e+03
2.015500000000000000e+03,9.086571999999998184e+01,4.788364000000000509e-01,2.890737000000000080e+03
2.025500000000000000e+03,9.084000999999999237e+01,4.822864000000000040e-01,2.919358999999999469e+03
2.035500000000000000e+03,9.085714999999999009e+01,4.776850999999999736e-01,2.948116666666666788e+03
2.045500000000000000e+03,9.084000999999997816e+01,4.739161000000000068e-01,2.977005666666666912e+03
2.055500000000000000e+03,9.084142999999998835e+01,4.679016999999999760e-01,3.006019999999999982e+03
2.065500000000000000e+03,9.085569999999998458e+01,4.702753000000000627e-01,3.035152333333333445e+03
2.075500000000000000e+03,9.083572000000000912e+01,4.711416999999998856e-01,3.064389666666666926e+03
2.085500000000000000e+03,9.084714999999998497e+01,4.683842000000000283e-01,3.093740333333333183e+03
2.095500000000000000e+03,9.082859000000000549e+01,4.736844999999999528e-01,3.123216000000000349e+03
2.105500000000000000e+03,9.082713999999999999e+01,4.691267999999998994e-01,3.152839000000000397e+03
2.115500000000000000e+03,9.081857999999999720e+01,4.677797000000000205e-01,3.182623999999999796e+03
2.125500000000000000e+03,9.085287000000001001e+01,4.620600999999999736e-01,3.212575666666666621e+03
2.135500000000000000e+03,9.083999000000000024e+01,4.665939000000000614e-01,3.242668999999999869e+03
2.145500000000000000e+03,9.083002000000000464e+01,4.647188999999999903e-01,3.272902333333332990e+03
2.155500000000000000e+03,9.083428999999999576e+01,4.661528000000000338e-01,3.303281333333333805e+03
2.165500000000000000e+03,9.084856999999999516e+01,4.649191000000000296e-01,3.333807333333333190e+03
2.175500000000000000e+03,9.084144000000000574e+01,4.682565999999999673e-01,3.364481333333333168e+03
2.185500000000000000e+03,9.081713999999999487e+01,4.658139999999999503e-01,3.395301666666666279e+03
2.195500000000000000e+03,9.083571999999999491e+01,4.658322999999999214e-01,3.426254666666666708e+03
2.205500000000000000e+03,9.081857999999998299e+01,4.622821000000000291e-01,3.457342000000000553e+03
2.215500000000000000e+03,9.083714999999999407e+01,4.641911999999999705e-01,3.488568000000000211e+03
2.225500000000000000e+03,9.081857999999999720e+01,4.630841999999999459e-01,3.519927999999999884e+03
2.235500000000000000e+03,9.083142999999999745e+01,4.626069000000000431e-01,3.551427333333333081e+03
2.245500000000000000e+03,9.082141999999998916e+01,4.613715000000001010e-01,3.583057999999999538e+03
2.255500000000000000e+03,9.081430000000000291e+01,4.649058000000000357e-01,3.614825666666666621e+03
2.265500000000000000e+03,9.081428999999999974e+01,4.645777000000000934e-01,3.646741999999999734e+03
2.275500000000000000e+03,9.081573000000000206e+01,4.614964999999999762e-01,3.678806333333332532e+03
2.285500000000000000e+03,9.083428000000000679e+01,4.639414999999999512e-01,3.711013333333333776e+03
2.295500000000000000e+03,9.080572999999999695e+01,4.658457999999999766e-01,3.743397333333332881e+03
2.305500000000000000e+03,9.080571999999999377e+01,4.638030999999999682e-01,3.775955999999999676e+03
2.315500000000000000e+03,9.080858000000000629e+01,4.644413999999999487e-01,3.808656999999999243e+03
2.325500000000000000e+03,9.081428999999999974e+01,4.618401000000000312e-01,3.841502666666666300e+03
2.335500000000000000e+03,9.081573000000000206e+01,4.646146999999999916e-01,3.874488000000000284e+03
2.345500000000000000e+03,9.082572000000001822e+01,4.647536999999999918e-01,3.907611666666666679e+03
2.355500000000000000e+03,9.081856999999999402e+01,4.612770999999999399e-01,3.940860999999999876e+03
2.365500000000000000e+03,9.081571999999998468e+01,4.646042000000000227e-01,3.974244999999999891e+03
2.375500000000000000e+03,9.080143000000001052e+01,4.601759000000000266e-01,4.007767333333333227e+03
2.385500000000000000e+03,9.081144000000000460e+01,4.621475000000000444e-01,4.041423666666666577e+03
2.395500000000000000e+03,9.080858000000000629e+01,4.635772000000000226e-01,4.075233333333333576e+03
2.405500000000000000e+03,9.082715000000000316e+01,4.620472999999999386e-01,4.109245333333333292e+03
2.415500000000000000e+03,9.081284999999999741e+01,4.646813999999999112e-01,4.143409333333333052e+03
2.425500000000000000e+03,9.078714999999999691e+01,4.660341000000000067e-01,4.177715999999999440e+03
2.435500000000000000e+03,9.082428000000000168e+01,4.622203999999999757e-01,4.212164333333334071e+03
2.445500000000000000e+03,9.082429999999999382e+01,4.596893000000000784e-01,4.246765333333333729e+03
2.455500000000000000e+03,9.080858000000000629e+01,4.635149999999999548e-01,4.281522666666666737e+03
2.465500000000000000e+03,9.078571000000000879e+01,4.622340000000000337e-01,4.316438666666666904e+03
2.475500000000000000e+03,9.081001999999999441e+01,4.637985000000000579e-01,4.351495333333334202e+03
2.485500000000000000e+03,9.080284999999999229e+01,4.651932000000000289e-01,4.386693000000000211e+03
2.495500000000000000e+03,9.079712999999999568e+01,4.637207999999999330e-01,4.422025999999999840e+03
2.505500000000000000e+03,9.082000999999999635e+01,4.595767999999998965e-01,4.457498333333333903e+03
2.515500000000000000e+03,9.079428000000000054e+01,4.651146000000000447e-01,4.493117000000000189e+03
2.525500000000000000e+03,9.077428000000000452e+01,4.639927000000000357e-01,4.528867666666666992e+03
2.535500000000000000e+03,9.079429000000000372e+01,4.601029000000000369e-01,4.564744333333333998e+03
2.545500000000000000e+03,9.078714000000000794e+01,4.650577000000000183e-01,4.600739666666667290e+03
2.555500000000000000e+03,9.079141999999998802e+01,4.623573999999999740e-01,4.636866666666666788e+03
2.565500000000000000e+03,9.078571999999999775e+01,4.640589000000000519e-01,4.673128999999998996e+03
2.575500000000000000e+03,9.079143999999999437e+01,4.642750000000000488e-01,4.709535333333333256e+03
2.585500000000000000e+03,9.077286999999999750e+01,4.621887000000000079e-01,4.746082333333333736e+03
2.595500000000000000e+03,9.078857000000002131e+01,4.653642999999999530e-01,4.782773666666666941e+03
2.605500000000000000e+03,9.078714999999999691e+01,4.636985000000000134e-01,4.819591000000000349e+03
2.615500000000000000e+03,9.076286000000000342e+01,4.618997000000000241e-01,4.856532666666666955e+03
2.625500000000000000e+03,9.078428999999999860e+01,4.639430999999999972e-01,4.893604000000000269e+03
2.635500000000000000e+03,9.075428999999999746e+01,4.670433999999999974e-01,4.930810999999999694e+03
2.645500000000000000e+03,9.077286000000000854e+01,4.654969999999999386e-01,4.968148333333332630e+03
2.655500000000000000e+03,9.076143000000001848e+01,4.603327000000000391e-01,5.005612666666666883e+03
2.665500000000000000e+03,9.077000999999999920e+01,4.623118999999998868e-01,5.043203999999999724e+03
2.675500000000000000e+03,9.076285999999998921e+01,4.655669000000000612e-01,5.080923333333334085e+03
2.685500000000000000e+03,9.077856999999998777e+01,4.634677999999999298e-01,5.118768333333334340e+03
2.695500000000000000e+03,9.075430000000000064e+01,4.639852000000000420e-01,5.156751000000000204e+03
2.705500000000000000e+03,9.077428999999999348e+01,4.576125000000000331e-01,5.194883333333334122e+03
2.715500000000000000e+03,9.074286000000000740e+01,4.609441000000000233e-01,5.233165333333332455e+03
2.725500000000000000e+03,9.073713999999999658e+01,4.582909000000000010e-01,5.271591333333332841e+03
2.735500000000000000e+03,9.072428999999999633e+01,4.624631000000000158e-01,5.310171333333333678e+03
2.745500000000000000e+03,9.073143000000000313e+01,4.609569999999999501e-01,5.348902000000000044e+03
2.755500000000000000e+03,9.073000999999999294e+01,4.643538999999999861e-01,5.387761999999999716e+03
2.765500000000000000e+03,9.074143000000000825e+01,4.653272000000000519e-01,5.426750333333333401e+03
2.775500000000000000e+03,9.074999000000001104e+01,4.621205000000000451e-01,5.465871666666666897e+03
2.785500000000000000e+03,9.073000000000000398e+01,4.639266000000000223e-01,5.505135000000000218e+03
2.795500000000000000e+03,9.073572999999998956e+01,4.611026999999999765e-01,5.544552666666665573e+03
2.805500000000000000e+03,9.070285000000001219e+01,4.622329000000000576e-01,5.584135000000000218e+03
2.815500000000000000e+03,9.071572000000000457e+01,4.586819000000000313e-01,5.623885333333332710e+03
2.825500000000000000e+03,9.073713999999998236e+01,4.643372000000000055e-01,5.663788333333332957e+03
2.835500000000000000e+03,9.072286999999998613e+01,4.642479999999999940e-01,5.703843666666667559e+03
2.845500000000000000e+03,9.071714000000000055e+01,4.612507999999999053e-01,5.744039666666666562e+03
2.855500000000000000e+03,9.073428000000001248e+01,4.618027999999999578e-01,5.784396333333333132e+03
2.865500000000000000e+03,9.069714999999999350e+01,4.563379999999999659e-01,5.824920000000000073e+03
2.875500000000000000e+03,9.070142999999998779e+01,4.622003000000000084e-01,5.865586999999999534e+03
2.885500000000000000e+03,9.069856999999998948e+01,4.602624999999999633e-01,5.906402666666666846e+03
2.895500000000000000e+03,9.068857999999998754e+01,4.579385000000000261e-01,5.947379333333333307e+03
2.905500000000000000e+03,9.070570000000000732e+01,4.574121999999999910e-01,5.988502666666667210e+03
2.915500000000000000e+03,9.070430000000000348e+01,4.517161000000000648e-01,6.029773333333332630e+03
2.925500000000000000e+03,9.070429999999998927e+01,4.529488999999999876e-01,6.071188333333333503e+03
2.935500000000000000e+03,9.070286000000001536e+01,4.622517999999999350e-01,6.112757666666666410e+03
2.945500000000000000e+03,9.069286000000001025e+01,4.544784000000000601e-01,6.154476333333333059e+03
2.955500000000000000e+03,9.069570999999999117e+01,4.554232999999999754e-01,6.196334333333334143e+03
2.965500000000000000e+03,9.069142999999999688e+01,4.544173000000000795e-01,6.238335666666665929e+03
2.975500000000000000e+03,9.070144999999999413e+01,4.540431000000000883e-01,6.280463000000000648e+03
2.985500000000000000e+03,9.070000000000000284e+01,4.523843000000000170e-01,6.322717999999998938e+03
2.995500000000000000e+03,9.068140999999999963e+01,4.573793000000000442e-01,6.365109333333334689e+03
3.005500000000000000e+03,9.069428000000000623e+01,4.551647999999999250e-01,6.407639666666666926e+03
3.015500000000000000e+03,9.067999000000000365e+01,4.493196000000000412e-01,6.450319333333332906e+03
3.025500000000000000e+03,9.068285999999999092e+01,4.473715999999999804e-01,6.493139666666666926e+03
3.035500000000000000e+03,9.068427999999998690e+01,4.538820000000000077e-01,6.536101666666667370e+03
3.045500000000000000e+03,9.068713999999999942e+01,4.486009000000000246e-01,6.579207666666666228e+03
3.055500000000000000e+03,9.068712000000000728e+01,4.540968999999999700e-01,6.622457666666667137e+03
3.065500000000000000e+03,9.068142000000000280e+01,4.474542000000000241e-01,6.665853666666666868e+03
3.075500000000000000e+03,9.068855999999999540e+01,4.528806000000000220e-01,6.709390333333333729e+03
3.085500000000000000e+03,9.067571000000000936e+01,4.476149000000000377e-01,6.753067333333332499e+03
3.095500000000000000e+03,9.067283999999999367e+01,4.474051999999999474e-01,6.796889333333332615e+03
3.105500000000000000e+03,9.067714000000000851e+01,4.458890999999999272e-01,6.840855999999999767e+03
3.115500000000000000e+03,9.067283999999999367e+01,4.477145000000000152e-01,6.884960000000000946e+03
3.125500000000000000e+03,9.066857999999999151e+01,4.500162000000000329e-01,6.929202333333332717e+03
3.135500000000000000e+03,9.066858000000000573e+01,4.471878000000000242e-01,6.973586666666667043e+03
3.145500000000000000e+03,9.066999000000001274e+01,4.495873999999999704e-01,7.018106666666666570e+03
3.155500000000000000e+03,9.065856000000000847e+01,4.528962000000000820e-01,7.062764666666666926e+03
3.165500000000000000e+03,9.066570999999999003e+01,4.565276999999999252e-01,7.107563333333333503e+03
3.175500000000000000e+03,9.067426000000000386e+01,4.450954000000000299e-01,7.152495333333332383e+03
3.185500000000000000e+03,9.065712999999999511e+01,4.495148999999999395e-01,7.197571333333335133e+03
3.195500000000000000e+03,9.065571000000001334e+01,4.438601000000000352e-01,7.242762666666666519e+03
3.205500000000000000e+03,9.064572000000001140e+01,4.498535000000000172e-01,7.288062999999999192e+03
3.215500000000000000e+03,9.066285000000000593e+01,4.444258000000000375e-01,7.333483999999999469e+03
3.225500000000000000e+03,9.063714999999999122e+01,4.433354999999999935e-01,7.379024000000000342e+03
3.235500000000000000e+03,9.064142000000001076e+01,4.472229999999999817e-01,7.424694333333332906e+03
3.245500000000000000e+03,9.064144000000000290e+01,4.478721999999999426e-01,7.470498666666666395e+03
3.255500000000000000e+03,9.064572000000001140e+01,4.495420999999999445e-01,7.516445666666666511e+03
3.265500000000000000e+03,9.064144999999999186e+01,4.482039000000000439e-01,7.562544666666666672e+03
3.275500000000000000e+03,9.063999999999998636e+01,4.432947999999999888e-01,7.608780666666667457e+03
3.285500000000000000e+03,9.065569999999999595e+01,4.479659999999999753e-01,7.655152000000000044e+03
3.295500000000000000e+03,9.063288000000000011e+01,4.426479000000000386e-01,7.701654333333333852e+03
3.305500000000000000e+03,9.064428999999999803e+01,4.435687999999999853e-01,7.748293999999999869e+03
3.315500000000000000e+03,9.062857999999998526e+01,4.433382000000000156e-01,7.795070666666666511e+03
3.325500000000000000e+03,9.064427999999999486e+01,4.513614000000000237e-01,7.841988333333332776e+03
3.335500000000000000e+03,9.063142999999999461e+01,4.461307999999999940e-01,7.889040333333333365e+03
3.345500000000000000e+03,9.063145000000000095e+01,4.457678999999999947e-01,7.936222333333334063e+03
3.355500000000000000e+03,9.062429000000000201e+01,4.430946999999999525e-01,7.983541666666666970e+03
3.365500000000000000e+03,9.064144000000000290e+01,4.494513000000000535e-01,8.030995999999999185e+03
3.375500000000000000e+03,9.061857000000000539e+01,4.419982999999999551e-01,8.078591666666665333e+03
3.385500000000000000e+03,9.063145000000000095e+01,4.489029999999999410e-01,8.126332666666666228e+03
3.395500000000000000e+03,9.062572000000000116e+01,4.387037999999999771e-01,8.174218333333333248e+03
3.405500000000000000e+03,9.062430000000001939e+01,4.448507999999999352e-01,8.222243333333331975e+03
3.415500000000000000e+03,9.061142999999999859e+01,4.442434999999999579e-01,8.270422999999998865e+03
3.425500000000000000e+03,9.062572000000000116e+01,4.459802999999998852e-01,8.318754666666667617e+03
3.435500000000000000e+03,9.061142999999999859e+01,4.399088000000000998e-01,8.367236333333334187e+03
3.445500000000000000e+03,9.062144000000000688e+01,4.529526000000000385e-01,8.415868666666665376e+03
3.455500000000000000e+03,9.060713999999998691e+01,4.449782999999999933e-01,8.464649999999999636e+03
3.465500000000000000e+03,9.061288000000001830e+01,4.400693999999999440e-01,8.513570333333333110e+03
3.475500000000000000e+03,9.060858000000000345e+01,4.469656999999999658e-01,8.562640666666666220e+03
3.485500000000000000e+03,9.061571999999999605e+01,4.444002000000000230e-01,8.611871333333334405e+03
3.495500000000000000e+03,9.061573000000001343e+01,4.455608999999999820e-01,8.661255999999999403e+03
3.505500000000000000e+03,9.062573999999997909e+01,4.451270999999999978e-01,8.710773666666666031e+03
3.515500000000000000e+03,9.060715999999999326e+01,4.448825999999999614e-01,8.760425000000001091e+03
3.525500000000000000e+03,9.060143000000002189e+01,4.543287999999999771e-01,8.810216000000002168e+03
3.535500000000000000e+03,9.061716000000001259e+01,4.456190000000000428e-01,8.860168666666668287e+03
3.545500000000000000e+03,9.060713999999998691e+01,4.467483999999999900e-01,8.910279666666667254e+03
3.555500000000000000e+03,9.060285999999999262e+01,4.473500999999999728e-01,8.960546666666667079e+03
3.565500000000000000e+03,9.060428999999999178e+01,4.522943999999999853e-01,9.010956000000000131e+03
3.575500000000000000e+03,9.061143999999998755e+01,4.484081000000000872e-01,9.061493333333333794e+03
3.585500000000000000e+03,9.059999999999999432e+01,4.435053999999999941e-01,9.112164666666667472e+03
3.595500000000000000e+03,9.060572000000000514e+01,4.505568000000000350e-01,9.162969999999999345e+03
3.605500000000000000e+03,9.060430000000000916e+01,4.468659999999999854e-01,9.213911333333333459e+03
3.615500000000000000e+03,9.058143999999998641e+01,4.504796999999999829e-01,9.265011666666665406e+03
3.625500000000000000e+03,9.059143000000000256e+01,4.480799999999999228e-01,9.316261999999998807e+03
3.635500000000000000e+03,9.058570000000000277e+01,4.455513999999999863e-01,9.367662333333331844e+03
3.645500000000000000e+03,9.060571999999999093e+01,4.474584999999999257e-01,9.419202333333334536e+03
3.655500000000000000e+03,9.058714000000000510e+01,4.447831000000000978e-01,9.470882999999999811e+03
3.665500000000000000e+03,9.059713999999999601e+01,4.476589999999999736e-01,9.522709666666665726e+03
3.675500000000000000e+03,9.058285999999999660e+01,4.474078000000000221e-01,9.574674333333332470e+03
3.685500000000000000e+03,9.058428000000000679e+01,4.446456999999999771e-01,9.626801999999999680e+03
3.695500000000000000e+03,9.058714000000000510e+01,4.430524000000000129e-01,9.679063000000000102e+03
3.705500000000000000e+03,9.058999000000000024e+01,4.468865000000000198e-01,9.731501666666667006e+03
3.715500000000000000e+03,9.059284999999998433e+01,4.472446999999998840e-01,9.784093666666667559e+03
3.725500000000000000e+03,9.058142000000000849e+01,4.502601000000000520e-01,9.836838666666666541e+03
3.735500000000000000e+03,9.059713999999999601e+01,4.507004999999999484e-01,9.889740666666664765e+03
3.745500000000000000e+03,9.058856000000000108e+01,4.500018000000000074e-01,9.942791666666666060e+03
3.755500000000000000e+03,9.058001000000000147e+01,4.460525000000000739e-01,9.996005333333332601e+03
3.765500000000000000e+03,9.058570000000000277e+01,4.459817000000000364e-01,1.004935966666666718e+04
3.775500000000000000e+03,9.057000000000002160e+01,4.530152000000001178e-01,1.010287500000000000e+04
3.785500000000000000e+03,9.058141999999999427e+01,4.485906000000000060e-01,1.015655633333333390e+04
3.795500000000000000e+03,9.057572000000000401e+01,4.455799999999999206e-01,1.021038766666666561e+04
3.805500000000000000e+03,9.057713000000001102e+01,4.493413000000000546e-01,1.026437066666666578e+04
3.815500000000000000e+03,9.057570000000001187e+01,4.474087999999999399e-01,1.031848600000000079e+04
3.825500000000000000e+03,9.055857000000000312e+01,4.473990999999999940e-01,1.037276766666666481e+04
3.835500000000000000e+03,9.055285000000000650e+01,4.472452999999999568e-01,1.042716699999999764e+04
3.845500000000000000e+03,9.057426999999999850e+01,4.481217000000000672e-01,1.048172433333333356e+04
3.855500000000000000e+03,9.054997999999999081e+01,4.443420999999999621e-01,1.053641666666666606e+04
3.865500000000000000e+03,9.055142000000000735e+01,4.491654000000000480e-01,1.059125333333333219e+04
3.875500000000000000e+03,9.055572000000000799e+01,4.466895000000000171e-01,1.064621333333333314e+04
3.885500000000000000e+03,9.054143999999999437e+01,4.482286999999999244e-01,1.070132333333333372e+04
3.895500000000000000e+03,9.054286000000000456e+01,4.458049000000000039e-01,1.075656000000000131e+04
3.905500000000000000e+03,9.054145000000001176e+01,4.469284000000000034e-01,1.081195333333333292e+04
3.915500000000000000e+03,9.056000000000000227e+01,4.489267000000000118e-01,1.086750333333333219e+04
3.925500000000000000e+03,9.056285999999998637e+01,4.464223000000000496e-01,1.092319333333333270e+04
3.935500000000000000e+03,9.055286000000000968e+01,4.466078000000000547e-01,1.097903333333333285e+04
3.945500000000000000e+03,9.053572999999998672e+01,4.444251000000000174e-01,1.103501999999999862e+04
3.955500000000000000e+03,9.055855999999999995e+01,4.454859999999999931e-01,1.109115666666666766e+04
3.965500000000000000e+03,9.056856999999999402e+01,4.468848999999999738e-01,1.114745333333333292e+04
3.975500000000000000e+03,9.053856999999999289e+01,4.455745000000000400e-01,1.120387666666666701e+04
3.985500000000000000e+03,9.054856999999999800e+01,4.510462999999999556e-01,1.126049333333333198e+04
3.995500000000000000e+03,9.055143000000001052e+01,4.438514999999999544e-01,1.131724666666666599e+04
4.005500000000000000e+03,9.055571000000000481e+01,4.460910999999999627e-01,1.137414666666666744e+04
4.015500000000000000e+03,9.053716000000000008e+01,4.467228000000000310e-01,1.143119666666666672e+04
4.025500000000000000e+03,9.054999000000000819e+01,4.465177000000000729e-01,1.148838333333333321e+04
4.035500000000000000e+03,9.054287000000000774e+01,4.471465000000000023e-01,1.154570000000000073e+04
4.045500000000000000e+03,9.055000000000001137e+01,4.472558000000000367e-01,1.160314666666666744e+04
4.055500000000000000e+03,9.055285000000000650e+01,4.464875000000000371e-01,1.166074333333333379e+04
4.065500000000000000e+03,9.055286999999999864e+01,4.472376999999999603e-01,1.171846999999999935e+04
4.075500000000000000e+03,9.053714999999999691e+01,4.449567000000000938e-01,1.177635000000000036e+04
4.085500000000000000e+03,9.053857999999999606e+01,4.458999999999999631e-01,1.183437000000000080e+04
4.095500000000000000e+03,9.054572000000000287e+01,4.449622999999999773e-01,1.189253000000000065e+04
4.105500000000000000e+03,9.053714999999999691e+01,4.465321000000000429e-01,1.195084666666666635e+04
4.115500000000000000e+03,9.053001000000000431e+01,4.439889000000000197e-01,1.200928333333333285e+04
4.125500000000000000e+03,9.051572000000000173e+01,4.498597000000000290e-01,1.206788000000000102e+04
4.135500000000000000e+03,9.052430000000001087e+01,4.448321999999998999e-01,1.212660333333333256e+04
4.145500000000000000e+03,9.052860000000001151e+01,4.479348000000000773e-01,1.218548000000000138e+04
4.155500000000000000e+03,9.050858000000000914e+01,4.485267999999999478e-01,1.224450000000000000e+04
4.165500000000000000e+03,9.052000999999999920e+01,4.475939000000000445e-01,1.230366333333333205e+04
4.175500000000000000e+03,9.052002000000001658e+01,4.441325999999999885e-01,1.236299666666666599e+04
4.185500000000000000e+03,9.051000999999999408e+01,4.436561999999999450e-01,1.242244666666666672e+04
4.195500000000000000e+03,9.050572999999999979e+01,4.436120000000000063e-01,1.248206333333333350e+04
4.205500000000000000e+03,9.051430000000000575e+01,4.447582999999999953e-01,1.254180333333333328e+04
4.215500000000000000e+03,9.051286999999999239e+01,4.423967999999999234e-01,1.260171666666666533e+04
4.225500000000000000e+03,9.051713999999999771e+01,4.466875000000000151e-01,1.266173333333333358e+04
4.235500000000000000e+03,9.049713999999998748e+01,4.540085000000000370e-01,1.272192000000000189e+04
4.245500000000000000e+03,9.049427999999998917e+01,4.469152999999999598e-01,1.278225666666666621e+04
4.255500000000000000e+03,9.049999999999998579e+01,4.464055000000000106e-01,1.284273333333333176e+04
4.265500000000000000e+03,9.050000000000000000e+01,4.464357000000000464e-01,1.290334666666666817e+04
4.275500000000000000e+03,9.048570999999999742e+01,4.470371999999999124e-01,1.296408666666666613e+04
4.285500000000000000e+03,9.049714000000000169e+01,4.465510000000000312e-01,1.302494666666666672e+04
4.295500000000000000e+03,9.050000000000000000e+01,4.445816000000000767e-01,1.308594666666666672e+04
4.305500000000000000e+03,9.050000000000000000e+01,4.504689000000000609e-01,1.314710000000000036e+04
4.315500000000000000e+03,9.047857999999999379e+01,4.439049999999999940e-01,1.320840333333333183e+04
4.325500000000000000e+03,9.049714000000000169e+01,4.481448000000000098e-01,1.326984666666666817e+04
4.335500000000000000e+03,9.049141999999999086e+01,4.425791000000000031e-01,1.333143333333333430e+04
4.345500000000000000e+03,9.047712999999998829e+01,4.421618999999999966e-01,1.339317999999999847e+04
4.355500000000000000e+03,9.047285000000000821e+01,4.495943999999999496e-01,1.345505333333333328e+04
4.365500000000000000e+03,9.047713000000001671e+01,4.459811000000000192e-01,1.351706666666666570e+04
4.375500000000000000e+03,9.048000999999999294e+01,4.431525000000000603e-01,1.357922000000000116e+04
4.385500000000000000e+03,9.046426999999999907e+01,4.511231000000000546e-01,1.364151666666666642e+04
4.395500000000000000e+03,9.047284999999999400e+01,4.483051999999999593e-01,1.370396000000000095e+04
4.405500000000000000e+03,9.046569000000000926e+01,4.462189999999999768e-01,1.376654999999999927e+04
4.415500000000000000e+03,9.045570000000000732e+01,4.495355999999999241e-01,1.382928333333333103e+04
4.425500000000000000e+03,9.047569999999998913e+01,4.452679000000000498e-01,1.389215666666666584e+04
4.435500000000000000e+03,9.047283999999999082e+01,4.486910999999998984e-01,1.395517666666666628e+04
4.445500000000000000e+03,9.045854999999998824e+01,4.581034000000000495e-01,1.401835000000000036e+04
4.455500000000000000e+03,9.045144000000000517e+01,4.492584000000000022e-01,1.408164666666666744e+04
4.465500000000000000e+03,9.045141999999999882e+01,4.497473000000000165e-01,1.414510666666666475e+04
4.475500000000000000e+03,9.047999000000000080e+01,4.466546000000000127e-01,1.420866333333333387e+04
4.485500000000000000e+03,9.045856999999999459e+01,4.529021000000000297e-01,1.427237333333333299e+04
4.495500000000000000e+03,9.046997999999999251e+01,4.463524999999999854e-01,1.433622999999999956e+04
4.505500000000000000e+03,9.046286000000000627e+01,4.454858999999999902e-01,1.440024666666666781e+04
4.515500000000000000e+03,9.045143000000000200e+01,4.489492000000000482e-01,1.446439999999999964e+04
4.525500000000000000e+03,9.044428000000000623e+01,4.494291000000000258e-01,1.452869666666666672e+04
4.535500000000000000e+03,9.044998999999999967e+01,4.441320000000000823e-01,1.459312666666666701e+04
4.545500000000000000e+03,9.045570999999999628e+01,4.519938999999998930e-01,1.465767666666666628e+04
4.555500000000000000e+03,9.044856999999998948e+01,4.507376000000000715e-01,1.472238333333333139e+04
4.565500000000000000e+03,9.046142000000000394e+01,4.536798000000000219e-01,1.478722666666666919e+04
4.575500000000000000e+03,9.044570000000000221e+01,4.477274000000000531e-01,1.485222000000000116e+04
4.585500000000000000e+03,9.045426999999999396e+01,4.514580000000000259e-01,1.491735666666666475e+04
4.595500000000000000e+03,9.046428000000000225e+01,4.471726000000000312e-01,1.498262999999999920e+04
4.605500000000000000e+03,9.044857999999999265e+01,4.561289000000000593e-01,1.504802666666666664e+04
4.615500000000000000e+03,9.045570000000000732e+01,4.531162999999999164e-01,1.511357666666666591e+04
4.625500000000000000e+03,9.045713999999999544e+01,4.436297999999999631e-01,1.517927666666666664e+04
4.635500000000000000e+03,9.045286000000001536e+01,4.463959000000000121e-01,1.524510666666666475e+04
4.645500000000000000e+03,9.045570999999999628e+01,4.452404999999999835e-01,1.531106333333333350e+04
4.655500000000000000e+03,9.045000000000000284e+01,4.430182000000000286e-01,1.537715333333333183e+04
4.665500000000000000e+03,9.045714000000000965e+01,4.422335000000000571e-01,1.544335333333332892e+04
4.675500000000000000e+03,9.045427999999999713e+01,4.458396999999999499e-01,1.550970000000000073e+04
4.685500000000000000e+03,9.044572999999999752e+01,4.429676999999999643e-01,1.557620333333333292e+04
4.695500000000000000e+03,9.044714999999999350e+01,4.541821999999999804e-01,1.564281000000000131e+04
4.705500000000000000e+03,9.045144000000000517e+01,4.451611999999999791e-01,1.570956000000000131e+04
4.715500000000000000e+03,9.045142999999998779e+01,4.485566000000000275e-01,1.577645000000000073e+04
4.725500000000000000e+03,9.046284999999998888e+01,4.557841999999999727e-01,1.584348333333333358e+04
4.735500000000000000e+03,9.046425999999999590e+01,4.507069000000000214e-01,1.591062666666666701e+04
4.745500000000000000e+03,9.045286000000000115e+01,4.513090999999999076e-01,1.597790666666666766e+04
4.755500000000000000e+03,9.045141999999999882e+01,4.540225999999999429e-01,1.604527666666666664e+04
4.765500000000000000e+03,9.046571000000000140e+01,4.531730000000000480e-01,1.611280666666666730e+04
4.775500000000000000e+03,9.045570999999998207e+01,4.512861000000000233e-01,1.618044333333333452e+04
4.785500000000000000e+03,9.044858000000000686e+01,4.536649999999999849e-01,1.624821666666666533e+04
4.795500000000000000e+03,9.045715000000001282e+01,4.485520000000000063e-01,1.631618666666666650e+04
4.805500000000000000e+03,9.046000000000000796e+01,4.531090999999999869e-01,1.638437333333333299e+04
4.815500000000000000e+03,9.045284999999999798e+01,4.514311999999999214e-01,1.645271666666666715e+04
4.825500000000000000e+03,9.046572000000000457e+01,4.530482999999999594e-01,1.652120000000000073e+04
4.835500000000000000e+03,9.046426000000001011e+01,4.511570999999999776e-01,1.658983666666666613e+04
4.845500000000000000e+03,9.046713000000001159e+01,4.530049000000000992e-01,1.665861333333333459e+04
4.855500000000000000e+03,9.046855999999999653e+01,4.488630000000000675e-01,1.672750333333333401e+04
4.865500000000000000e+03,9.046857000000001392e+01,4.488706999999999558e-01,1.679655333333333328e+04
4.875500000000000000e+03,9.047141000000000588e+01,4.489866000000000135e-01,1.686574666666666599e+04
4.885500000000000000e+03,9.046571000000000140e+01,4.496106000000000269e-01,1.693511333333333459e+04
4.895500000000000000e+03,9.046142999999999290e+01,4.515203999999999884e-01,1.700461666666666861e+04
4.905500000000000000e+03,9.046283999999999992e+01,4.535869000000000151e-01,1.707423333333333358e+04
4.915500000000000000e+03,9.046712999999998317e+01,4.480768999999999447e-01,1.714398666666666759e+04
4.925500000000000000e+03,9.046283999999999992e+01,4.551329000000000069e-01,1.721389999999999782e+04
4.935500000000000000e+03,9.047426000000000101e+01,4.484879999999999423e-01,1.728393666666666832e+04
4.945500000000000000e+03,9.046427000000001328e+01,4.521211999999999454e-01,1.735411000000000422e+04
4.955500000000000000e+03,9.046567999999999188e+01,4.531207999999999347e-01,1.742442666666666628e+04
4.965500000000000000e+03,9.046568999999999505e+01,4.500463000000000102e-01,1.749482999999999811e+04
4.975500000000000000e+03,9.047569000000000017e+01,4.522209000000000367e-01,1.756536666666666497e+04
4.985500000000000000e+03,9.046427000000001328e+01,4.556257999999999697e-01,1.763603333333333285e+04
4.995500000000000000e+03,9.046568999999999505e+01,4.488423000000000274e-01,1.770685666666666657e+04
