5.500000000000000000e+00,8.510714000000000112e+01,4.037469799999999509e+01,5.816826633333334329e-02
1.550000000000000000e+01,8.612572000000000116e+01,4.641070999999999280e+00,3.513836000000000181e-01
2.550000000000000000e+01,8.415427999999999997e+01,2.920501000000000236e+00,9.109401333333332351e-01
3.550000000000000000e+01,8.708713000000001614e+01,1.976237000000000021e+00,1.723228666666666742e+00
4.550000000000000000e+01,8.605429000000000883e+01,1.424556000000000155e+00,2.795567666666666895e+00
5.550000000000000000e+01,8.728284999999999627e+01,1.586349000000000009e+00,4.151960333333333253e+00
6.550000000000000000e+01,8.849715000000000487e+01,1.316353899999999966e+00,5.796675333333334734e+00
7.550000000000000000e+01,8.684000999999999237e+01,8.953094999999999803e-01,7.698868666666666805e+00
8.550000000000000000e+01,8.832713000000001102e+01,8.295103999999999811e-01,9.855463000000000306e+00
9.550000000000000000e+01,8.910142999999997926e+01,7.278447000000000111e-01,1.226616666666666688e+01
1.055000000000000000e+02,8.964144000000000290e+01,8.006008999999998377e-01,1.494633333333333347e+01
1.155000000000000000e+02,8.894285999999999603e+01,7.527401999999999704e-01,1.788301000000000229e+01
1.255000000000000000e+02,8.943427999999998690e+01,6.409968000000001442e-01,2.108878666666666746e+01
1.355000000000000000e+02,9.055572999999999695e+01,6.607506999999999131e-01,2.456960333333333324e+01
1.455000000000000000e+02,8.993858000000000175e+01,5.850683999999999330e-01,2.830899000000000143e+01
1.555000000000000000e+02,8.993572000000000344e+01,6.239386999999998462e-01,3.230075000000000074e+01
1.655000000000000000e+02,9.012142000000000053e+01,5.642452000000000023e-01,3.654560999999999638e+01
1.755000000000000000e+02,9.023715000000001396e+01,5.638478000000001211e-01,4.105870333333333377e+01
1.855000000000000000e+02,8.982142000000000337e+01,5.390490999999999477e-01,4.585852666666666266e+01
1.955000000000000000e+02,9.028857000000000710e+01,5.091586999999999641e-01,5.096304999999999552e+01
2.055000000000000000e+02,9.036144000000000176e+01,4.964922999999999975e-01,5.637053333333333427e+01
2.155000000000000000e+02,8.997714000000000567e+01,4.895056999999999325e-01,6.207871000000000095e+01
2.255000000000000000e+02,9.043427999999998690e+01,5.004581999999999642e-01,6.807832666666666910e+01
2.355000000000000000e+02,9.079715000000000202e+01,4.981729999999999769e-01,7.437012666666666405e+01
2.455000000000000000e+02,9.067143000000000086e+01,4.644614000000000797e-01,8.094869666666666319e+01
2.555000000000000000e+02,9.057142999999999233e+01,4.959546999999999706e-01,8.780278333333333762e+01
2.655000000000000000e+02,9.068429000000000428e+01,4.791062000000000376e-01,9.492565999999999349e+01
2.755000000000000000e+02,9.071428000000000225e+01,4.614570999999999534e-01,1.023328899999999919e+02
2.855000000000000000e+02,9.082428000000000168e+01,4.547935999999999090e-01,1.100305333333333238e+02
2.955000000000000000e+02,9.101998999999999285e+01,4.864964000000000510e-01,1.180138999999999925e+02
3.055000000000000000e+02,9.075287000000000148e+01,4.631283000000000483e-01,1.262983000000000118e+02
3.155000000000000000e+02,9.097713000000000250e+01,4.764381000000000310e-01,1.348790333333333251e+02
3.255000000000000000e+02,9.080429000000000883e+01,4.791159999999999863e-01,1.437552666666666710e+02
3.355000000000000000e+02,9.085285999999999262e+01,4.738441999999999932e-01,1.529241666666666504e+02
3.455000000000000000e+02,9.092999000000000365e+01,4.677407000000000648e-01,1.623771666666666533e+02
3.555000000000000000e+02,9.094429999999999836e+01,4.634003999999999346e-01,1.721145666666666898e+02
3.655000000000000000e+02,9.100571999999999662e+01,4.561778999999999695e-01,1.821354666666666731e+02
3.755000000000000000e+02,9.088714000000000226e+01,4.681228000000000056e-01,1.924389000000000181e+02
3.855000000000000000e+02,9.101858000000000004e+01,4.842084999999999861e-01,2.030283333333333360e+02
3.955000000000000000e+02,9.106143000000000143e+01,4.770306999999999742e-01,2.138950333333333162e+02
4.055000000000000000e+02,9.091427999999999088e+01,4.677409000000000150e-01,2.250415333333333479e+02
4.155000000000000000e+02,9.088570999999998890e+01,4.667596999999999996e-01,2.364570999999999970e+02
4.255000000000000000e+02,9.118998999999999455e+01,4.673105999999999649e-01,2.481235000000000070e+02
4.355000000000000000e+02,9.100714000000002102e+01,4.632473000000000285e-01,2.600402666666666960e+02
4.455000000000000000e+02,9.091571999999999321e+01,4.636192999999999564e-01,2.722141333333333364e+02
4.555000000000000000e+02,9.107715000000000316e+01,4.695190000000000197e-01,2.846519666666666240e+02
4.655000000000000000e+02,9.105143000000001052e+01,4.711324999999999541e-01,2.973560333333333006e+02
4.755000000000000000e+02,9.103713999999999373e+01,4.702397000000000382e-01,3.103252999999999702e+02
4.855000000000000000e+02,9.103284999999998206e+01,4.642279999999999740e-01,3.235614333333333548e+02
4.955000000000000000e+02,9.099428000000000338e+01,4.693114000000000452e-01,3.370567333333333409e+02
5.055000000000000000e+02,9.103000999999999010e+01,4.652850000000000041e-01,3.507998999999999796e+02
5.155000000000000000e+02,9.104856999999999800e+01,4.668424999999999936e-01,3.647897666666666510e+02
5.255000000000000000e+02,9.104141999999998802e+01,4.740531000000000050e-01,3.790313999999999623e+02
5.355000000000000000e+02,9.110142000000001872e+01,4.654980000000000229e-01,3.935394333333333066e+02
5.455000000000000000e+02,9.107286000000001991e+01,4.641471000000000346e-01,4.082987666666666655e+02
5.555000000000000000e+02,9.100287000000000148e+01,4.752561000000000146e-01,4.233042666666667060e+02
5.655000000000000000e+02,9.097857000000000482e+01,4.766549000000000480e-01,4.385590000000000259e+02
5.755000000000000000e+02,9.100284999999999513e+01,4.622659000000000629e-01,4.540730333333333988e+02
5.855000000000000000e+02,9.100572999999999979e+01,4.725530999999999482e-01,4.698531666666665956e+02
5.955000000000000000e+02,9.099430000000000973e+01,4.665282999999999514e-01,4.858970666666667171e+02
6.055000000000000000e+02,9.093857999999998754e+01,4.751559999999999673e-01,5.022202000000000339e+02
6.155000000000000000e+02,9.095286000000001536e+01,4.752217999999999165e-01,5.188232333333334054e+02
6.255000000000000000e+02,9.098285999999998808e+01,4.693279000000000201e-01,5.356975999999998521e+02
6.355000000000000000e+02,9.090427999999999997e+01,4.704526999999999459e-01,5.528531333333332896e+02
6.455000000000000000e+02,9.086143000000001280e+01,4.788582000000000116e-01,5.702876999999999725e+02
6.555000000000000000e+02,9.095857999999999777e+01,4.706262999999999974e-01,5.880121666666666442e+02
6.655000000000000000e+02,9.087143000000000370e+01,4.719885999999999804e-01,6.060123333333333449e+02
6.755000000000000000e+02,9.094714000000001874e+01,4.718233000000000565e-01,6.242725333333332856e+02
6.855000000000000000e+02,9.084999999999999432e+01,4.623896000000000117e-01,6.428138333333333776e+02
6.955000000000000000e+02,9.100285999999999831e+01,4.682870000000000088e-01,6.616421333333333905e+02
7.055000000000000000e+02,9.094144000000000005e+01,4.717089999999999894e-01,6.807280666666666775e+02
7.155000000000000000e+02,9.085000000000000853e+01,4.718077999999999994e-01,7.000795666666666648e+02
7.255000000000000000e+02,9.081571999999999889e+01,4.725965000000000305e-01,7.196962000000000899e+02
7.355000000000000000e+02,9.093144000000000915e+01,4.622091000000000394e-01,7.396016333333332113e+02
7.455000000000000000e+02,9.090999999999999659e+01,4.650967000000000295e-01,7.597776333333333696e+02
7.555000000000000000e+02,9.099285999999999319e+01,4.654650000000000176e-01,7.802057999999999538e+02
7.655000000000000000e+02,9.083144000000000062e+01,4.695448999999999873e-01,8.008861333333334187e+02
7.755000000000000000e+02,9.078000000000000114e+01,4.736809000000000158e-01,8.218374000000000024e+02
7.855000000000000000e+02,9.082715000000000316e+01,4.730715999999999255e-01,8.430665666666666311e+02
7.955000000000000000e+02,9.084429000000000087e+01,4.713281000000000276e-01,8.645939666666666881e+02
8.055000000000000000e+02,9.080857000000000312e+01,4.621327000000000074e-01,8.864324666666667554e+02
8.155000000000000000e+02,9.078570999999998037e+01,4.752458999999999989e-01,9.085568333333333157e+02
8.255000000000000000e+02,9.078287000000000262e+01,4.809508000000000116e-01,9.309386333333332004e+02
8.355000000000000000e+02,9.080141999999999314e+01,4.760324999999999696e-01,9.535743333333333567e+02
8.455000000000000000e+02,9.084572000000000003e+01,4.770236999999999949e-01,9.764556000000000040e+02
8.555000000000000000e+02,9.082286000000001991e+01,4.732291000000000136e-01,9.995865000000000009e+02
8.655000000000000000e+02,9.082142999999999233e+01,4.780375999999999515e-01,1.022975266666666585e+03
8.755000000000000000e+02,9.073715999999998871e+01,4.751169000000000087e-01,1.046617266666666410e+03
8.855000000000000000e+02,9.075428999999999746e+01,4.740752000000000299e-01,1.070509333333333416e+03
8.955000000000000000e+02,9.082856000000001018e+01,4.736964000000000174e-01,1.094646333333333587e+03
9.055000000000000000e+02,9.075428000000000850e+01,4.757581000000000171e-01,1.119023666666666486e+03
9.155000000000000000e+02,9.071286000000000627e+01,4.708015000000000394e-01,1.143638666666666495e+03
9.255000000000000000e+02,9.076572999999999070e+01,4.817723999999999895e-01,1.168500999999999976e+03
9.355000000000000000e+02,9.080001000000000033e+01,4.724500999999999840e-01,1.193613333333333230e+03
9.455000000000000000e+02,9.068143000000000598e+01,4.855051000000000228e-01,1.218971000000000004e+03
9.555000000000000000e+02,9.075572000000001083e+01,4.749591000000000784e-01,1.244566666666666606e+03
9.655000000000000000e+02,9.072856000000000165e+01,4.759038000000000435e-01,1.270392666666666855e+03
9.755000000000000000e+02,9.070143000000000200e+01,4.703775999999999513e-01,1.296460666666666611e+03
9.855000000000000000e+02,9.070284999999999798e+01,4.679737999999999398e-01,1.322778999999999996e+03
9.955000000000000000e+02,9.072857000000000482e+01,4.763397000000000325e-01,1.349361333333333278e+03
1.005500000000000000e+03,9.068713999999998521e+01,4.701756000000000268e-01,1.376212333333333163e+03
1.015500000000000000e+03,9.060286000000000683e+01,4.825904999999999778e-01,1.403305000000000064e+03
1.025500000000000000e+03,9.062431000000000836e+01,4.761545999999999834e-01,1.430641999999999825e+03
1.035500000000000000e+03,9.068286000000001934e+01,4.683657999999999433e-01,1.458224333333333334e+03
1.045500000000000000e+03,9.068569999999999709e+01,4.681673000000000084e-01,1.486070666666666739e+03
1.055500000000000000e+03,9.062856000000002155e+01,4.745265999999999096e-01,1.514173333333333403e+03
1.065500000000000000e+03,9.064857000000000653e+01,4.656565999999999761e-01,1.542518666666666832e+03
1.075500000000000000e+03,9.060571000000000197e+01,4.688959000000000321e-01,1.571114000000000033e+03
1.085500000000000000e+03,9.061713000000000306e+01,4.786577000000000193e-01,1.599963333333333367e+03
1.095500000000000000e+03,9.062570999999999799e+01,4.617443999999999993e-01,1.629068333333333157e+03
1.105500000000000000e+03,9.064857999999999549e+01,4.730577000000000254e-01,1.658429333333333489e+03
1.115500000000000000e+03,9.062715000000000032e+01,4.686298999999999881e-01,1.688047666666666601e+03
1.125500000000000000e+03,9.064714000000000738e+01,4.760417000000000121e-01,1.717934666666666772e+03
1.135500000000000000e+03,9.065144000000000801e+01,4.721789000000000125e-01,1.748092333333333272e+03
1.145500000000000000e+03,9.062712999999999397e+01,4.728002000000000038e-01,1.778538666666666813e+03
1.155500000000000000e+03,9.064428999999999803e+01,4.879857999999999696e-01,1.809252333333333354e+03
1.165500000000000000e+03,9.065858000000000061e+01,4.752976999999999341e-01,1.840221000000000004e+03
1.175500000000000000e+03,9.064001000000000374e+01,4.787884000000000029e-01,1.871440666666666857e+03
1.185500000000000000e+03,9.061286000000001195e+01,4.781854999999999301e-01,1.902909999999999854e+03
1.195500000000000000e+03,9.063142999999999461e+01,4.826959999999999584e-01,1.934621666666666670e+03
1.205500000000000000e+03,9.062427999999999884e+01,4.816877999999998883e-01,1.966622666666666191e+03
1.215500000000000000e+03,9.062001000000000772e+01,4.817890000000000228e-01,1.998902000000000498e+03
1.225500000000000000e+03,9.064286000000001309e+01,4.845584000000000557e-01,2.031454333333333125e+03
1.235500000000000000e+03,9.063142000000001985e+01,4.812756000000000256e-01,2.064262333333333117e+03
1.245500000000000000e+03,9.063286000000000797e+01,4.746746000000000021e-01,2.097321333333333314e+03
1.255500000000000000e+03,9.064857000000000653e+01,4.770578000000000318e-01,2.130636333333333369e+03
1.265500000000000000e+03,9.062000999999999351e+01,4.744891999999999999e-01,2.164206333333333077e+03
1.275500000000000000e+03,9.066857000000000255e+01,4.875434999999999630e-01,2.198030999999999949e+03
1.285500000000000000e+03,9.062999000000000649e+01,4.800650000000000750e-01,2.232115000000000236e+03
1.295500000000000000e+03,9.059998999999999114e+01,4.851644000000000512e-01,2.266456333333332623e+03
1.305500000000000000e+03,9.060856000000001131e+01,4.767428999999999695e-01,2.301052333333333536e+03
1.315500000000000000e+03,9.058284999999999343e+01,4.757498000000000005e-01,2.335920000000000073e+03
1.325500000000000000e+03,9.061286000000001195e+01,4.835073000000000287e-01,2.371038000000000466e+03
1.335500000000000000e+03,9.057000999999999635e+01,4.754629999999999690e-01,2.406407333333333554e+03
1.345500000000000000e+03,9.059570999999998264e+01,4.797331000000000789e-01,2.442029333333333398e+03
1.355500000000000000e+03,9.059713999999999601e+01,4.835229999999999251e-01,2.477909000000000106e+03
1.365500000000000000e+03,9.058142999999999745e+01,4.769564000000000026e-01,2.514056000000000495e+03
1.375500000000000000e+03,9.057571000000000083e+01,4.748234000000000066e-01,2.550474333333333561e+03
1.385500000000000000e+03,9.060285000000001787e+01,4.802604000000000317e-01,2.587181333333332987e+03
1.395500000000000000e+03,9.060427999999998860e+01,4.747666999999999859e-01,2.624158000000000357e+03
1.405500000000000000e+03,9.057570000000001187e+01,4.802031999999999412e-01,2.661398333333333539e+03
1.415500000000000000e+03,9.059140999999999622e+01,4.762373000000000300e-01,2.698899000000000342e+03
1.425500000000000000e+03,9.059571000000001106e+01,4.782185999999999382e-01,2.736654666666666799e+03
1.435500000000000000e+03,9.059000000000000341e+01,4.754381000000000301e-01,2.774674333333333379e+03
1.445500000000000000e+03,9.059571000000001106e+01,4.792456999999999967e-01,2.812967666666666446e+03
1.455500000000000000e+03,9.057856999999999914e+01,4.762855000000000283e-01,2.851535000000000309e+03
1.465500000000000000e+03,9.059857999999999834e+01,4.773619000000000057e-01,2.890372666666666646e+03
1.475500000000000000e+03,9.057143999999999551e+01,4.725336999999999454e-01,2.929462333333333390e+03
1.485500000000000000e+03,9.057143000000000654e+01,4.776250000000000773e-01,2.968790333333333365e+03
1.495500000000000000e+03,9.058284999999999343e+01,4.793665999999999761e-01,3.008357999999999720e+03
1.505500000000000000e+03,9.056285000000001162e+01,4.759176999999999991e-01,3.048168999999999869e+03
1.515500000000000000e+03,9.054572000000000287e+01,4.789074000000000386e-01,3.088227666666666664e+03
1.525500000000000000e+03,9.054857000000001221e+01,4.745453000000000587e-01,3.128527666666666846e+03
1.535500000000000000e+03,9.054287999999999670e+01,4.791097999999999746e-01,3.169073999999999614e+03
1.545500000000000000e+03,9.055285999999999547e+01,4.747315000000000285e-01,3.209864333333332979e+03
1.555500000000000000e+03,9.055427000000000248e+01,4.802653000000000061e-01,3.250911000000000058e+03
1.565500000000000000e+03,9.054859000000000435e+01,4.827275000000000316e-01,3.292219999999999800e+03
1.575500000000000000e+03,9.054142999999999120e+01,4.789869000000000487e-01,3.333786666666666861e+03
1.585500000000000000e+03,9.053999999999999204e+01,4.795388999999999347e-01,3.375625333333333401e+03
1.595500000000000000e+03,9.054570999999999970e+01,4.792246999999999479e-01,3.417735666666667385e+03
1.605500000000000000e+03,9.056570999999999572e+01,4.800202999999999554e-01,3.460112666666666428e+03
1.615500000000000000e+03,9.053570999999999458e+01,4.809736000000000011e-01,3.502755666666666912e+03
1.625500000000000000e+03,9.052714000000000283e+01,4.776289999999999702e-01,3.545694000000000415e+03
1.635500000000000000e+03,9.055429000000000883e+01,4.794047000000000169e-01,3.588911666666666861e+03
1.645500000000000000e+03,9.051000000000000512e+01,4.814007000000000147e-01,3.632393000000000029e+03
1.655500000000000000e+03,9.053857999999999606e+01,4.781057999999999697e-01,3.676139333333333525e+03
1.665500000000000000e+03,9.050856999999999175e+01,4.740928999999999283e-01,3.720143333333333430e+03
1.675500000000000000e+03,9.054571000000001391e+01,4.791958999999999524e-01,3.764401000000000295e+03
1.685500000000000000e+03,9.053716000000000008e+01,4.770120999999999389e-01,3.808935333333333347e+03
1.695500000000000000e+03,9.052143000000000939e+01,4.780830999999999831e-01,3.853737333333333481e+03
1.705500000000000000e+03,9.053714000000000794e+01,4.723817999999999628e-01,3.898805666666667094e+03
1.715500000000000000e+03,9.051286000000000342e+01,4.757452999999999821e-01,3.944135000000000673e+03
1.725500000000000000e+03,9.051144000000000744e+01,4.773023999999999600e-01,3.989735333333333074e+03
1.735500000000000000e+03,9.051571999999998752e+01,4.760774999999999868e-01,4.035613000000000284e+03
1.745500000000000000e+03,9.051286000000000342e+01,4.765681999999999974e-01,4.081764333333333525e+03
1.755500000000000000e+03,9.051427999999999940e+01,4.770736999999999339e-01,4.128184333333333598e+03
1.765500000000000000e+03,9.050857999999999493e+01,4.797822999999999949e-01,4.174862999999999374e+03
1.775500000000000000e+03,9.051144000000000744e+01,4.772661000000000264e-01,4.221788666666667268e+03
1.785500000000000000e+03,9.050713999999999260e+01,4.740121999999999391e-01,4.268979666666667072e+03
1.795500000000000000e+03,9.049999999999998579e+01,4.761948000000000292e-01,4.316458333333333940e+03
1.805500000000000000e+03,9.050000000000000000e+01,4.811829000000000245e-01,4.364216999999999643e+03
1.815500000000000000e+03,9.049141999999999086e+01,4.781521999999999717e-01,4.412264000000001033e+03
1.825500000000000000e+03,9.049143000000000825e+01,4.777074000000000598e-01,4.460593666666665740e+03
1.835500000000000000e+03,9.050141999999999598e+01,4.802982000000000085e-01,4.509176000000000386e+03
1.845500000000000000e+03,9.050141999999999598e+01,4.819632000000000360e-01,4.558012000000000626e+03
1.855500000000000000e+03,9.049714000000000169e+01,4.778580000000000605e-01,4.607091666666666242e+03
1.865500000000000000e+03,9.050286999999998727e+01,4.793383000000000504e-01,4.656413000000000466e+03
1.875500000000000000e+03,9.049284999999999002e+01,4.774935000000000151e-01,4.705995000000000800e+03
1.885500000000000000e+03,9.047713000000000250e+01,4.743214000000000041e-01,4.755857000000000880e+03
1.895500000000000000e+03,9.048570000000000846e+01,4.795717999999999925e-01,4.805988999999999578e+03
1.905500000000000000e+03,9.048283999999998173e+01,4.785378999999999605e-01,4.856389333333333525e+03
1.915500000000000000e+03,9.046855999999999653e+01,4.751241000000000492e-01,4.907074333333333925e+03
1.925500000000000000e+03,9.047285999999999717e+01,4.755970999999999949e-01,4.958047000000000480e+03
1.935500000000000000e+03,9.047999000000000080e+01,4.776562999999999226e-01,5.009283333333333758e+03
1.945500000000000000e+03,9.046283999999999992e+01,4.761267999999999612e-01,5.060788999999999760e+03
1.955500000000000000e+03,9.049142000000000507e+01,4.798028999999999766e-01,5.112557999999999993e+03
1.965500000000000000e+03,9.048569999999999425e+01,4.746511999999999953e-01,5.164580666666666730e+03
1.975500000000000000e+03,9.046998000000000673e+01,4.782383000000000051e-01,5.216862333333332572e+03
1.985500000000000000e+03,9.047284999999999400e+01,4.777029999999999887e-01,5.269426999999999680e+03
1.995500000000000000e+03,9.047426999999998998e+01,4.738860999999999768e-01,5.322246000000001004e+03
2.005500000000000000e+03,9.045855000000000246e+01,4.793119000000000129e-01,5.375311666666666497e+03
2.015500000000000000e+03,9.046572000000000457e+01,4.813427000000000122e-01,5.428624333333333198e+03
2.025500000000000000e+03,9.046999999999999886e+01,4.777605000000000324e-01,5.482190333333333911e+03
2.035500000000000000e+03,9.047427000000001840e+01,4.752723000000000364e-01,5.536007666666667319e+03
2.045500000000000000e+03,9.048283999999999594e+01,4.760201000000000571e-01,5.590078666666666322e+03
2.055500000000000000e+03,9.047284999999999400e+01,4.768351000000000672e-01,5.644408999999999651e+03
2.065500000000000000e+03,9.046141000000000076e+01,4.728940000000000365e-01,5.698985666666666475e+03
2.075500000000000000e+03,9.046141000000001497e+01,4.798733000000000581e-01,5.753798666666666577e+03
2.085500000000000000e+03,9.046855999999999653e+01,4.773737000000000674e-01,5.808851999999999862e+03
2.095500000000000000e+03,9.047426999999998998e+01,4.788885000000000502e-01,5.864163000000000466e+03
2.105500000000000000e+03,9.046854000000000440e+01,4.778732000000000535e-01,5.919735333333332164e+03
2.115500000000000000e+03,9.045999999999999375e+01,4.761659999999999782e-01,5.975567999999999302e+03
2.125500000000000000e+03,9.047141000000000588e+01,4.749958000000000236e-01,6.031669666666666672e+03
2.135500000000000000e+03,9.046282999999999674e+01,4.780707999999999624e-01,6.088034666666666453e+03
2.145500000000000000e+03,9.046141000000000076e+01,4.745047999999999488e-01,6.144677999999999884e+03
2.155500000000000000e+03,9.044714999999999350e+01,4.785055000000000835e-01,6.201585666666665929e+03
2.165500000000000000e+03,9.045856999999999459e+01,4.751377000000000517e-01,6.258754666666666708e+03
2.175500000000000000e+03,9.044285999999999603e+01,4.784268999999999883e-01,6.316156000000000859e+03
2.185500000000000000e+03,9.045140999999998144e+01,4.774480999999999864e-01,6.373792999999999665e+03
2.195500000000000000e+03,9.046283999999999992e+01,4.784823000000000270e-01,6.431669666666666672e+03
2.205500000000000000e+03,9.045143000000000200e+01,4.786663999999999919e-01,6.489777000000000044e+03
2.215500000000000000e+03,9.045286000000000115e+01,4.778338999999999781e-01,6.548119999999999891e+03
2.225500000000000000e+03,9.044714000000000453e+01,4.761239999999999917e-01,6.606714666666666744e+03
2.235500000000000000e+03,9.043142999999999176e+01,4.782152000000000069e-01,6.665559333333332688e+03
2.245500000000000000e+03,9.044144000000000005e+01,4.795375000000000054e-01,6.724636999999999716e+03
2.255500000000000000e+03,9.044713000000000136e+01,4.750207000000000734e-01,6.783953666666666322e+03
2.265500000000000000e+03,9.043143000000000598e+01,4.766926999999999692e-01,6.843533000000000357e+03
2.275500000000000000e+03,9.043573000000000661e+01,4.782281000000000448e-01,6.903376666666667916e+03
2.285500000000000000e+03,9.043859000000000492e+01,4.766118999999999772e-01,6.963458333333333030e+03
2.295500000000000000e+03,9.043287000000000830e+01,4.760540999999999801e-01,7.023775666666666439e+03
2.305500000000000000e+03,9.044570999999999117e+01,4.781986999999999766e-01,7.084329999999999927e+03
2.315500000000000000e+03,9.043285999999999092e+01,4.774713000000000429e-01,7.145132666666666410e+03
2.325500000000000000e+03,9.042715999999998644e+01,4.792325000000000057e-01,7.206193000000001120e+03
2.335500000000000000e+03,9.042000999999999067e+01,4.738661999999999597e-01,7.267508333333334122e+03
2.345500000000000000e+03,9.043285000000000196e+01,4.770442000000000293e-01,7.329073333333333721e+03
2.355500000000000000e+03,9.042714999999999748e+01,4.777612000000000525e-01,7.390883333333334122e+03
2.365500000000000000e+03,9.042286000000001422e+01,4.760564999999999936e-01,7.452959666666666635e+03
2.375500000000000000e+03,9.041715999999999553e+01,4.811135999999999191e-01,7.515304333333333489e+03
2.385500000000000000e+03,9.042431000000000552e+01,4.780949999999999922e-01,7.577911000000000058e+03
2.395500000000000000e+03,9.041001000000001397e+01,4.746046999999999905e-01,7.640783999999999651e+03
2.405500000000000000e+03,9.042715999999998644e+01,4.776316000000000450e-01,7.703923333333334085e+03
2.415500000000000000e+03,9.041858999999999469e+01,4.763815000000000133e-01,7.767330333333333328e+03
2.425500000000000000e+03,9.042571999999999832e+01,4.779181000000000124e-01,7.831005000000000109e+03
2.435500000000000000e+03,9.041715999999999553e+01,4.746766000000000041e-01,7.894936999999999898e+03
2.445500000000000000e+03,9.042430000000000234e+01,4.764866999999999853e-01,7.959131333333332805e+03
2.455500000000000000e+03,9.041143999999999892e+01,4.772140000000000271e-01,8.023602666666665755e+03
2.465500000000000000e+03,9.039713999999999317e+01,4.751743999999999413e-01,8.088349000000000160e+03
2.475500000000000000e+03,9.040000000000000568e+01,4.799532000000000243e-01,8.153363999999999578e+03
2.485500000000000000e+03,9.041143999999999892e+01,4.769712000000000396e-01,8.218635333333333620e+03
2.495500000000000000e+03,9.040286000000000399e+01,4.774407999999999985e-01,8.284165999999999258e+03
2.505500000000000000e+03,9.040285000000001503e+01,4.771975000000000522e-01,8.349979999999999563e+03
2.515500000000000000e+03,9.039714000000000738e+01,4.751605999999999885e-01,8.416064666666667108e+03
2.525500000000000000e+03,9.042002000000000805e+01,4.800944000000000322e-01,8.482391666666666424e+03
2.535500000000000000e+03,9.040286000000000399e+01,4.753596999999999961e-01,8.548965666666666948e+03
2.545500000000000000e+03,9.039142000000001076e+01,4.774384999999999879e-01,8.615774333333332834e+03
2.555500000000000000e+03,9.040429000000000315e+01,4.787371000000000265e-01,8.682829333333333125e+03
2.565500000000000000e+03,9.039713999999999317e+01,4.770075000000000287e-01,8.750130666666664183e+03
2.575500000000000000e+03,9.040143000000000484e+01,4.781807999999999614e-01,8.817686999999999898e+03
2.585500000000000000e+03,9.041143999999999892e+01,4.784990000000000632e-01,8.885519999999998618e+03
2.595500000000000000e+03,9.039714000000000738e+01,4.810551000000000132e-01,8.953605333333334784e+03
2.605500000000000000e+03,9.040572000000000230e+01,4.812352999999999770e-01,9.021956333333331713e+03
2.615500000000000000e+03,9.041286999999999807e+01,4.802812000000000192e-01,9.090577333333330898e+03
2.625500000000000000e+03,9.040000000000000568e+01,4.767238999999999782e-01,9.159456333333331713e+03
2.635500000000000000e+03,9.039142000000001076e+01,4.826376000000000555e-01,9.228585666666667748e+03
2.645500000000000000e+03,9.039570999999999401e+01,4.802122999999999808e-01,9.297965333333331728e+03
2.655500000000000000e+03,9.040000000000000568e+01,4.802810999999999053e-01,9.367601333333333969e+03
2.665500000000000000e+03,9.039570999999999401e+01,4.776410000000000378e-01,9.437498999999999796e+03
2.675500000000000000e+03,9.039571000000002243e+01,4.820431000000000021e-01,9.507661666666668680e+03
2.685500000000000000e+03,9.040715000000000146e+01,4.815502999999999867e-01,9.578079333333333125e+03
2.695500000000000000e+03,9.040143000000000484e+01,4.817580999999999669e-01,9.648776666666668461e+03
2.705500000000000000e+03,9.038855999999998403e+01,4.805296999999999485e-01,9.719736333333330549e+03
2.715500000000000000e+03,9.038712999999999909e+01,4.789429999999999521e-01,9.790945333333331291e+03
2.725500000000000000e+03,9.039285000000000991e+01,4.803908000000000067e-01,9.862413333333333867e+03
2.735500000000000000e+03,9.038569999999999993e+01,4.816198999999999342e-01,9.934145999999998821e+03
2.745500000000000000e+03,9.039142000000001076e+01,4.797098000000000195e-01,1.000613766666666743e+04
2.755500000000000000e+03,9.039856999999999232e+01,4.791291000000000300e-01,1.007839899999999943e+04
2.765500000000000000e+03,9.038570000000001414e+01,4.814744000000000246e-01,1.015095066666666753e+04
2.775500000000000000e+03,9.038426999999998657e+01,4.771924999999999639e-01,1.022375666666666621e+04
2.785500000000000000e+03,9.038427000000000078e+01,4.781596000000000179e-01,1.029680666666666548e+04
2.795500000000000000e+03,9.038856000000001245e+01,4.782051999999999969e-01,1.037015666666666584e+04
2.805500000000000000e+03,9.037854999999998995e+01,4.791718999999999840e-01,1.044376333333333241e+04
2.815500000000000000e+03,9.038140999999998826e+01,4.799426999999999444e-01,1.051763666666666722e+04
2.825500000000000000e+03,9.038570000000001414e+01,4.769826999999999262e-01,1.059181000000000131e+04
2.835500000000000000e+03,9.039571000000000822e+01,4.775752999999999804e-01,1.066626333333333241e+04
2.845500000000000000e+03,9.038569999999998572e+01,4.776831000000000271e-01,1.074098333333333358e+04
2.855500000000000000e+03,9.037711999999999080e+01,4.779686000000000767e-01,1.081597333333333336e+04
2.865500000000000000e+03,9.038284000000000162e+01,4.800091000000000219e-01,1.089125000000000000e+04
2.875500000000000000e+03,9.038141000000000247e+01,4.759238999999998998e-01,1.096680333333333328e+04
2.885500000000000000e+03,9.038140999999998826e+01,4.793538999999999994e-01,1.104264666666666562e+04
2.895500000000000000e+03,9.037998000000000332e+01,4.759306999999999843e-01,1.111876666666666824e+04
2.905500000000000000e+03,9.038141000000000247e+01,4.775125000000000064e-01,1.119518333333333430e+04
2.915500000000000000e+03,9.038427000000000078e+01,4.785040000000000404e-01,1.127188666666666722e+04
2.925500000000000000e+03,9.038284000000000162e+01,4.773533999999999833e-01,1.134889333333333161e+04
2.935500000000000000e+03,9.038569999999999993e+01,4.764806000000000319e-01,1.142617000000000189e+04
2.945500000000000000e+03,9.038283999999998741e+01,4.782787000000000011e-01,1.150373333333333358e+04
2.955500000000000000e+03,9.038569999999999993e+01,4.763244000000000367e-01,1.158156666666666752e+04
2.965500000000000000e+03,9.037997999999998910e+01,4.768218000000000734e-01,1.165967333333333409e+04
2.975500000000000000e+03,9.037712000000000501e+01,4.790746000000000171e-01,1.173806333333333532e+04
2.985500000000000000e+03,9.037854999999998995e+01,4.785043999999999964e-01,1.181673333333333358e+04
2.995500000000000000e+03,9.037568999999999164e+01,4.778008999999999729e-01,1.189567000000000007e+04
3.005500000000000000e+03,9.037282999999999333e+01,4.776352000000000375e-01,1.197489333333333343e+04
3.015500000000000000e+03,9.037139999999999418e+01,4.772047999999999845e-01,1.205439000000000124e+04
3.025500000000000000e+03,9.037854999999998995e+01,4.763439999999999896e-01,1.213417333333333409e+04
3.035500000000000000e+03,9.037425999999999249e+01,4.787220000000000364e-01,1.221423333333333176e+04
3.045500000000000000e+03,9.037712000000000501e+01,4.782113000000000058e-01,1.229454999999999927e+04
3.055500000000000000e+03,9.037568999999999164e+01,4.763987000000000083e-01,1.237512666666666701e+04
3.065500000000000000e+03,9.037139999999999418e+01,4.752071999999999963e-01,1.245596666666666533e+04
3.075500000000000000e+03,9.037568999999999164e+01,4.767293999999999699e-01,1.253704999999999927e+04
3.085500000000000000e+03,9.037568999999999164e+01,4.766032999999999520e-01,1.261840666666666766e+04
3.095500000000000000e+03,9.037282999999999333e+01,4.771391000000000382e-01,1.270001333333333423e+04
3.105500000000000000e+03,9.037139999999999418e+01,4.773530000000000273e-01,1.278189000000000124e+04
3.115500000000000000e+03,9.037139999999999418e+01,4.773523000000000627e-01,1.286398999999999978e+04
3.125500000000000000e+03,9.037139999999999418e+01,4.770799999999999486e-01,1.294632000000000153e+04
3.135500000000000000e+03,9.037282999999999333e+01,4.759035999999999822e-01,1.302888333333333321e+04
3.145500000000000000e+03,9.037139999999999418e+01,4.781000000000000805e-01,1.311166666666666788e+04
3.155500000000000000e+03,9.037139999999999418e+01,4.759323999999999222e-01,1.319472333333333336e+04
3.165500000000000000e+03,9.036854999999999905e+01,4.760343999999999687e-01,1.327806666666666933e+04
3.175500000000000000e+03,9.036996999999999503e+01,4.755171999999999732e-01,1.336168999999999869e+04
3.185500000000000000e+03,9.036996999999999503e+01,4.757428000000000767e-01,1.344554666666666526e+04
3.195500000000000000e+03,9.036996999999999503e+01,4.760287999999999187e-01,1.352964333333333525e+04
3.205500000000000000e+03,9.037282999999999333e+01,4.755965999999999805e-01,1.361401333333333605e+04
3.215500000000000000e+03,9.036426999999999055e+01,4.769679000000001112e-01,1.369864666666666744e+04
3.225500000000000000e+03,9.036854999999999905e+01,4.748224999999999807e-01,1.378354999999999927e+04
3.235500000000000000e+03,9.036997999999998399e+01,4.771263999999999506e-01,1.386873999999999978e+04
3.245500000000000000e+03,9.037139999999999418e+01,4.753847000000000489e-01,1.395417999999999847e+04
3.255500000000000000e+03,9.036284999999999457e+01,4.756375000000000464e-01,1.403988999999999942e+04
3.265500000000000000e+03,9.036284999999999457e+01,4.760266999999999693e-01,1.412586000000000422e+04
3.275500000000000000e+03,9.036425999999998737e+01,4.762110999999999983e-01,1.421210999999999694e+04
3.285500000000000000e+03,9.035713999999998691e+01,4.762856000000000312e-01,1.429861000000000058e+04
3.295500000000000000e+03,9.036997999999998399e+01,4.771546999999999317e-01,1.438540333333333183e+04
3.305500000000000000e+03,9.035143999999999664e+01,4.750321999999999600e-01,1.447247000000000116e+04
3.315500000000000000e+03,9.035856999999998607e+01,4.772017000000000064e-01,1.455980333333333328e+04
3.325500000000000000e+03,9.036141999999998120e+01,4.767942000000000569e-01,1.464740999999999985e+04
3.335500000000000000e+03,9.036569999999998970e+01,4.760450999999999988e-01,1.473525666666666802e+04
3.345500000000000000e+03,9.035712999999998374e+01,4.770295999999999981e-01,1.482338000000000102e+04
3.355500000000000000e+03,9.036425999999998737e+01,4.748122999999999649e-01,1.491174666666666781e+04
3.365500000000000000e+03,9.035001000000001170e+01,4.760386999999999813e-01,1.500034666666666817e+04
3.375500000000000000e+03,9.035285999999999262e+01,4.772442000000000628e-01,1.508922333333333336e+04
3.385500000000000000e+03,9.035714999999999009e+01,4.768195999999999546e-01,1.517838999999999942e+04
3.395500000000000000e+03,9.035713999999998691e+01,4.750334999999999974e-01,1.526782333333333372e+04
3.405500000000000000e+03,9.035142999999997926e+01,4.764557999999999849e-01,1.535753666666666686e+04
3.415500000000000000e+03,9.035002000000000066e+01,4.768671000000000437e-01,1.544748333333333176e+04
3.425500000000000000e+03,9.035000999999999749e+01,4.759867999999999322e-01,1.553767666666666628e+04
3.435500000000000000e+03,9.035142999999999347e+01,4.744112999999999802e-01,1.562812000000000080e+04
3.445500000000000000e+03,9.035426999999999964e+01,4.765419000000000738e-01,1.571882000000000153e+04
3.455500000000000000e+03,9.035286999999999580e+01,4.757574999999999998e-01,1.580977999999999884e+04
3.465500000000000000e+03,9.034716000000000236e+01,4.752544000000000213e-01,1.590100666666666802e+04
3.475500000000000000e+03,9.034431999999999618e+01,4.755270000000000330e-01,1.599252000000000044e+04
3.485500000000000000e+03,9.035000999999998328e+01,4.757923000000000013e-01,1.608430333333333328e+04
3.495500000000000000e+03,9.034716000000000236e+01,4.755473999999999535e-01,1.617635666666666475e+04
3.505500000000000000e+03,9.034716999999999132e+01,4.761183999999999972e-01,1.626868666666666650e+04
3.515500000000000000e+03,9.034145999999999788e+01,4.746837000000000417e-01,1.636129333333333125e+04
3.525500000000000000e+03,9.034290000000000020e+01,4.759413000000000116e-01,1.645417333333333227e+04
3.535500000000000000e+03,9.034716000000000236e+01,4.735020000000000340e-01,1.654729666666666890e+04
3.545500000000000000e+03,9.034431999999999618e+01,4.743518999999999930e-01,1.664067333333333227e+04
3.555500000000000000e+03,9.034431999999999618e+01,4.755063999999999957e-01,1.673432666666666410e+04
3.565500000000000000e+03,9.034288999999999703e+01,4.748480999999999952e-01,1.682822999999999956e+04
3.575500000000000000e+03,9.034146999999998684e+01,4.751317000000000457e-01,1.692236999999999898e+04
3.585500000000000000e+03,9.034290000000000020e+01,4.752343000000000539e-01,1.701677666666666482e+04
3.595500000000000000e+03,9.034004000000000190e+01,4.740552000000000099e-01,1.711143666666666832e+04
3.605500000000000000e+03,9.034290000000000020e+01,4.756306999999999618e-01,1.720633000000000175e+04
3.615500000000000000e+03,9.034145999999999788e+01,4.760081999999999924e-01,1.730148333333333358e+04
3.625500000000000000e+03,9.034290000000000020e+01,4.740391000000000465e-01,1.739693000000000029e+04
3.635500000000000000e+03,9.033861000000001695e+01,4.748676000000000563e-01,1.749263333333333139e+04
3.645500000000000000e+03,9.034004000000000190e+01,4.751804000000000028e-01,1.758858666666666613e+04
3.655500000000000000e+03,9.033860999999998853e+01,4.754614000000000340e-01,1.768482999999999811e+04
3.665500000000000000e+03,9.034147000000000105e+01,4.757328000000000112e-01,1.778135333333333256e+04
3.675500000000000000e+03,9.034004000000000190e+01,4.746900999999999482e-01,1.787813999999999578e+04
3.685500000000000000e+03,9.033861000000001695e+01,4.752050999999999914e-01,1.797519666666666672e+04
3.695500000000000000e+03,9.033860999999998853e+01,4.756520000000000192e-01,1.807251999999999680e+04
3.705500000000000000e+03,9.034004000000000190e+01,4.759197999999999484e-01,1.817011666666666497e+04
3.715500000000000000e+03,9.033717999999998938e+01,4.746100000000000319e-01,1.826798666666666759e+04
3.725500000000000000e+03,9.034002999999999872e+01,4.750792999999999822e-01,1.836609999999999854e+04
3.735500000000000000e+03,9.033860999999998853e+01,4.744068000000000174e-01,1.846451000000000204e+04
3.745500000000000000e+03,9.033574999999999022e+01,4.747495999999999938e-01,1.856319333333333270e+04
3.755500000000000000e+03,9.033431999999999107e+01,4.749446999999999974e-01,1.866215999999999985e+04
3.765500000000000000e+03,9.033860999999998853e+01,4.745223999999999553e-01,1.876138333333333139e+04
3.775500000000000000e+03,9.033718000000000359e+01,4.737248000000000014e-01,1.886090000000000146e+04
3.785500000000000000e+03,9.033860999999998853e+01,4.750425999999999815e-01,1.896070666666666148e+04
3.795500000000000000e+03,9.033717999999998938e+01,4.742548000000000319e-01,1.906079666666666890e+04
3.805500000000000000e+03,9.033431999999999107e+01,4.748377999999999766e-01,1.916116333333333750e+04
3.815500000000000000e+03,9.033574999999999022e+01,4.746146000000000531e-01,1.926179333333333489e+04
3.825500000000000000e+03,9.033145999999999276e+01,4.741288000000000169e-01,1.936268666666666832e+04
3.835500000000000000e+03,9.033002999999999361e+01,4.743762999999999730e-01,1.946386333333333459e+04
3.845500000000000000e+03,9.032716999999999530e+01,4.733164000000000260e-01,1.956529666666666890e+04
3.855500000000000000e+03,9.032716999999999530e+01,4.750652000000000763e-01,1.966699666666666599e+04
3.865500000000000000e+03,9.033003000000000782e+01,4.747544999999999682e-01,1.976898000000000320e+04
3.875500000000000000e+03,9.032859999999999445e+01,4.741332999999999798e-01,1.987122999999999956e+04
3.885500000000000000e+03,9.032716999999999530e+01,4.736611000000000016e-01,1.997374333333333561e+04
3.895500000000000000e+03,9.032287999999999784e+01,4.747666000000000386e-01,2.007655333333332965e+04
3.905500000000000000e+03,9.032144999999999868e+01,4.742307000000000050e-01,2.017960666666666657e+04
3.915500000000000000e+03,9.032001999999999953e+01,4.744485999999999981e-01,2.028293666666666832e+04
3.925500000000000000e+03,9.032859999999999445e+01,4.742209000000000008e-01,2.038653333333333285e+04
3.935500000000000000e+03,9.032430999999999699e+01,4.751670999999998979e-01,2.049040000000000146e+04
3.945500000000000000e+03,9.032573999999999614e+01,4.737761999999999807e-01,2.059452666666666482e+04
3.955500000000000000e+03,9.032001999999999953e+01,4.736751000000000156e-01,2.069892666666666628e+04
3.965500000000000000e+03,9.031573000000000206e+01,4.747149000000000507e-01,2.080359666666666453e+04
3.975500000000000000e+03,9.032144999999999868e+01,4.750767999999999658e-01,2.090852000000000044e+04
3.985500000000000000e+03,9.031859000000000037e+01,4.748952999999999092e-01,2.101365333333333183e+04
3.995500000000000000e+03,9.031716000000001543e+01,4.751909000000000272e-01,2.111906666666666570e+04
4.005500000000000000e+03,9.032144999999999868e+01,4.750167999999999613e-01,2.122471333333333314e+04
4.015500000000000000e+03,9.032287999999999784e+01,4.743426999999999505e-01,2.133062333333333663e+04
4.025500000000000000e+03,9.032144999999999868e+01,4.756661000000000361e-01,2.143678333333333285e+04
4.035500000000000000e+03,9.032001999999999953e+01,4.759461999999999859e-01,2.154322333333333154e+04
4.045500000000000000e+03,9.030858000000000629e+01,4.743168000000000939e-01,2.164993000000000029e+04
4.055500000000000000e+03,9.030858000000000629e+01,4.747505000000000197e-01,2.175690000000000146e+04
4.065500000000000000e+03,9.032144999999999868e+01,4.755027000000000004e-01,2.186414000000000306e+04
4.075500000000000000e+03,9.032144999999999868e+01,4.743989000000000122e-01,2.197165000000000146e+04
4.085500000000000000e+03,9.029713999999999885e+01,4.745242000000000071e-01,2.207943000000000029e+04
4.095500000000000000e+03,9.032001999999999953e+01,4.754517999999999800e-01,2.218747333333333518e+04
4.105500000000000000e+03,9.030571999999999377e+01,4.756057000000001311e-01,2.229577999999999884e+04
4.115500000000000000e+03,9.030429000000000883e+01,4.749425000000000452e-01,2.240437000000000262e+04
4.125500000000000000e+03,9.031573000000000206e+01,4.755228999999999706e-01,2.251329666666666890e+04
4.135500000000000000e+03,9.031429999999998870e+01,4.755952999999999986e-01,2.262251666666666279e+04
4.145500000000000000e+03,9.031716000000001543e+01,4.758512999999999771e-01,2.273206333333333532e+04
4.155500000000000000e+03,9.031001000000000545e+01,4.748408000000000628e-01,2.284190666666666584e+04
4.165500000000000000e+03,9.030285999999999547e+01,4.749343999999999788e-01,2.295206000000000131e+04
4.175500000000000000e+03,9.031144000000001881e+01,4.760807999999999707e-01,2.306251999999999680e+04
4.185500000000000000e+03,9.031287000000000376e+01,4.750619000000000369e-01,2.317329000000000087e+04
4.195500000000000000e+03,9.030857999999999208e+01,4.751569999999999960e-01,2.328436666666666133e+04
4.205500000000000000e+03,9.031287000000000376e+01,4.747411000000000270e-01,2.339576000000000204e+04
4.215500000000000000e+03,9.030429000000000883e+01,4.754691000000000334e-01,2.350746333333333314e+04
4.225500000000000000e+03,9.029715000000001623e+01,4.759568000000000687e-01,2.361947666666666919e+04
4.235500000000000000e+03,9.030572000000000799e+01,4.759954000000000685e-01,2.373177666666666482e+04
4.245500000000000000e+03,9.029999999999998295e+01,4.750165000000000082e-01,2.384438999999999942e+04
4.255500000000000000e+03,9.029999999999999716e+01,4.755767999999999662e-01,2.395730666666666730e+04
4.265500000000000000e+03,9.030429000000000883e+01,4.754913000000000056e-01,2.407054333333333489e+04
4.275500000000000000e+03,9.028856000000000392e+01,4.752876000000000323e-01,2.418406000000000131e+04
4.285500000000000000e+03,9.029143000000000541e+01,4.751624000000000403e-01,2.429781666666666933e+04
4.295500000000000000e+03,9.028569999999999141e+01,4.751808000000000698e-01,2.441182333333333372e+04
4.305500000000000000e+03,9.030143000000001052e+01,4.762390000000000789e-01,2.452607999999999811e+04
4.315500000000000000e+03,9.028570000000000562e+01,4.753053999999999890e-01,2.464062333333333299e+04
4.325500000000000000e+03,9.028713999999999373e+01,4.757419999999999982e-01,2.475540666666666584e+04
4.335500000000000000e+03,9.028143000000000029e+01,4.766443999999999681e-01,2.487043000000000029e+04
4.345500000000000000e+03,9.029713999999998464e+01,4.761811999999999157e-01,2.498572000000000480e+04
4.355500000000000000e+03,9.029142999999999120e+01,4.768418000000000379e-01,2.510129000000000087e+04
4.365500000000000000e+03,9.027571000000000367e+01,4.754861000000000226e-01,2.521712333333333299e+04
4.375500000000000000e+03,9.028284999999999627e+01,4.757322000000000495e-01,2.533323000000000320e+04
4.385500000000000000e+03,9.026856999999999687e+01,4.751302000000000580e-01,2.544957666666666773e+04
4.395500000000000000e+03,9.029285000000000139e+01,4.759567000000000658e-01,2.556619333333333634e+04
4.405500000000000000e+03,9.025570999999999344e+01,4.757269000000000081e-01,2.568306666666666570e+04
4.415500000000000000e+03,9.027142000000000621e+01,4.756780999999999371e-01,2.580018666666666832e+04
4.425500000000000000e+03,9.026855000000000473e+01,4.741739999999999289e-01,2.591753333333333285e+04
4.435500000000000000e+03,9.025998999999998773e+01,4.754038000000000430e-01,2.603515000000000146e+04
4.445500000000000000e+03,9.025856999999999175e+01,4.766295999999999866e-01,2.615301666666666642e+04
4.455500000000000000e+03,9.027284999999999116e+01,4.762129000000000500e-01,2.627110666666666657e+04
4.465500000000000000e+03,9.028427999999999543e+01,4.759282999999999708e-01,2.638945000000000073e+04
4.475500000000000000e+03,9.025285999999999831e+01,4.751920000000000033e-01,2.650805666666666366e+04
4.485500000000000000e+03,9.025997999999999877e+01,4.761683999999999917e-01,2.662692333333333227e+04
4.495500000000000000e+03,9.025854999999999961e+01,4.744378000000000206e-01,2.674608666666666977e+04
4.505500000000000000e+03,9.026712000000000558e+01,4.760454000000000074e-01,2.686549000000000160e+04
4.515500000000000000e+03,9.024998999999999683e+01,4.765377999999999004e-01,2.698514666666666017e+04
4.525500000000000000e+03,9.026999999999999602e+01,4.751204000000000538e-01,2.710507666666666773e+04
4.535500000000000000e+03,9.025141999999999598e+01,4.752537999999999485e-01,2.722526333333333605e+04
4.545500000000000000e+03,9.025428999999999746e+01,4.760633000000000226e-01,2.734569333333333634e+04
4.555500000000000000e+03,9.025284999999999513e+01,4.769641999999999493e-01,2.746638333333333867e+04
4.565500000000000000e+03,9.025713999999999260e+01,4.763480000000000492e-01,2.758734333333333416e+04
4.575500000000000000e+03,9.023286999999997704e+01,4.761070000000000024e-01,2.770854666666666890e+04
4.585500000000000000e+03,9.025140999999999281e+01,4.752454000000000400e-01,2.783003333333333285e+04
4.595500000000000000e+03,9.025715000000000998e+01,4.764681999999999529e-01,2.795173999999999796e+04
4.605500000000000000e+03,9.024143999999999721e+01,4.759127999999999692e-01,2.807371666666666715e+04
4.615500000000000000e+03,9.024859000000000719e+01,4.754514999999999714e-01,2.819596333333332950e+04
4.625500000000000000e+03,9.024001000000001227e+01,4.767233000000000165e-01,2.831847000000000116e+04
4.635500000000000000e+03,9.024855999999999767e+01,4.771357999999999988e-01,2.844125000000000000e+04
4.645500000000000000e+03,9.024857000000000085e+01,4.765197999999999934e-01,2.856427999999999884e+04
4.655500000000000000e+03,9.024998999999999683e+01,4.760888000000000342e-01,2.868758000000000538e+04
4.665500000000000000e+03,9.023861000000000843e+01,4.760720999999999981e-01,2.881117000000000189e+04
4.675500000000000000e+03,9.023001000000000715e+01,4.759348999999999386e-01,2.893503999999999724e+04
4.685500000000000000e+03,9.024143999999998300e+01,4.763716999999999535e-01,2.905917333333333227e+04
4.695500000000000000e+03,9.023286999999999125e+01,4.760847000000000273e-01,2.918358666666666977e+04
4.705500000000000000e+03,9.022001999999999100e+01,4.754904999999999826e-01,2.930825999999999840e+04
4.715500000000000000e+03,9.023859000000000208e+01,4.767956000000000971e-01,2.943320333333333110e+04
4.725500000000000000e+03,9.022430999999998846e+01,4.759325000000000361e-01,2.955842666666666628e+04
4.735500000000000000e+03,9.023857999999999890e+01,4.772339000000000442e-01,2.968387666666666701e+04
4.745500000000000000e+03,9.023857999999998469e+01,4.768237000000000170e-01,2.980959000000000378e+04
4.755500000000000000e+03,9.021715999999999269e+01,4.767107000000000427e-01,2.993555666666666366e+04
4.765500000000000000e+03,9.022715999999999781e+01,4.766617000000000215e-01,3.006176666666667006e+04
4.775500000000000000e+03,9.022717000000000098e+01,4.754116999999999926e-01,3.018824666666666599e+04
4.785500000000000000e+03,9.023000999999999294e+01,4.760320000000000107e-01,3.031496333333332950e+04
4.795500000000000000e+03,9.023000999999999294e+01,4.757181000000000326e-01,3.044200000000000000e+04
4.805500000000000000e+03,9.023001999999999612e+01,4.759565999999999519e-01,3.056938666666666541e+04
4.815500000000000000e+03,9.021715999999999269e+01,4.759833999999999454e-01,3.069705999999999767e+04
4.825500000000000000e+03,9.022287000000000035e+01,4.775541999999999843e-01,3.082496333333332950e+04
4.835500000000000000e+03,9.022428999999999633e+01,4.761364000000000152e-01,3.095312666666665973e+04
4.845500000000000000e+03,9.021715999999999269e+01,4.759674999999999878e-01,3.108153333333333649e+04
4.855500000000000000e+03,9.022571999999999548e+01,4.761730999999999048e-01,3.121023333333332994e+04
4.865500000000000000e+03,9.022430999999998846e+01,4.755683999999999467e-01,3.133917333333333227e+04
4.875500000000000000e+03,9.021858999999999185e+01,4.763376999999999195e-01,3.146837333333333299e+04
4.885500000000000000e+03,9.021858999999997764e+01,4.751954999999999929e-01,3.159783666666666977e+04
4.895500000000000000e+03,9.022287999999998931e+01,4.759578999999999338e-01,3.172759333333333416e+04
4.905500000000000000e+03,9.021715999999999269e+01,4.766533999999998938e-01,3.185761000000000422e+04
4.915500000000000000e+03,9.022144999999997594e+01,4.758434000000000275e-01,3.198789666666666744e+04
4.925500000000000000e+03,9.021715999999999269e+01,4.755435000000000079e-01,3.211846666666666351e+04
4.935500000000000000e+03,9.021715999999999269e+01,4.754896999999999596e-01,3.224931666666666933e+04
4.945500000000000000e+03,9.021429999999999438e+01,4.753876000000000213e-01,3.238043666666666468e+04
4.955500000000000000e+03,9.021715999999999269e+01,4.767506999999999162e-01,3.251182333333333372e+04
4.965500000000000000e+03,9.021572999999999354e+01,4.773047000000000262e-01,3.264348333333332994e+04
4.975500000000000000e+03,9.021429999999999438e+01,4.766656000000000226e-01,3.277541666666666424e+04
4.985500000000000000e+03,9.021715999999999269e+01,4.753546000000000160e-01,3.290759333333333780e+04
4.995500000000000000e+03,9.021572999999997933e+01,4.765550000000000064e-01,3.304002999999999884e+04
