5.500000000000000000e+00,8.394428000000000623e+01,6.609423999999999921e+01,4.360624066666666382e-02
1.550000000000000000e+01,8.407142999999999233e+01,8.202999000000000152e+00,2.437737000000000376e-01
2.550000000000000000e+01,8.526713999999999771e+01,5.705687000000000175e+00,6.246004666666666871e-01
3.550000000000000000e+01,8.532857999999998810e+01,4.184648999999999397e+00,1.184807299999999897e+00
4.550000000000000000e+01,8.569714000000001874e+01,3.477940000000000254e+00,1.930017666666666631e+00
5.550000000000000000e+01,8.719998999999998546e+01,3.145656999999999481e+00,2.862484999999999502e+00
6.550000000000000000e+01,8.803141999999999712e+01,2.485736000000000168e+00,3.980818666666666950e+00
7.550000000000000000e+01,8.814000000000000057e+01,2.206790999999999947e+00,5.292844000000000548e+00
8.550000000000000000e+01,8.959286000000000172e+01,2.082066999999999890e+00,6.802015999999999174e+00
9.550000000000000000e+01,8.889712999999998999e+01,1.871708999999999845e+00,8.497689333333333650e+00
1.055000000000000000e+02,8.955713999999998975e+01,1.841200999999999866e+00,1.037818933333333504e+01
1.155000000000000000e+02,8.932856000000001018e+01,1.542027000000000259e+00,1.244221333333333313e+01
1.255000000000000000e+02,9.046428999999999121e+01,1.518958999999999948e+00,1.468979666666666972e+01
1.355000000000000000e+02,9.072000000000001307e+01,1.500482000000000093e+00,1.712589333333333386e+01
1.455000000000000000e+02,9.030998999999999910e+01,1.364174999999999915e+00,1.975719666666666896e+01
1.555000000000000000e+02,9.094002000000000407e+01,1.348705000000000043e+00,2.258838000000000079e+01
1.655000000000000000e+02,9.084569999999999368e+01,1.230960000000000054e+00,2.559796000000000049e+01
1.755000000000000000e+02,9.140143000000000484e+01,1.248316999999999899e+00,2.878314666666666355e+01
1.855000000000000000e+02,9.104001999999998418e+01,1.163010000000000099e+00,3.215617333333333505e+01
1.955000000000000000e+02,9.134430000000000405e+01,1.121250000000000080e+00,3.572109333333333581e+01
2.055000000000000000e+02,9.112000000000000455e+01,1.015786199999999972e+00,3.947841999999999985e+01
2.155000000000000000e+02,9.109713999999999601e+01,1.066019699999999792e+00,4.343493999999999744e+01
2.255000000000000000e+02,9.107858000000000231e+01,1.068504400000000132e+00,4.758302666666666170e+01
2.355000000000000000e+02,9.123286000000000229e+01,9.555141000000000329e-01,5.194331999999999283e+01
2.455000000000000000e+02,9.136713000000000306e+01,9.618219999999999548e-01,5.650628666666666788e+01
2.555000000000000000e+02,9.118858000000000175e+01,9.211386000000001406e-01,6.126339333333332604e+01
2.655000000000000000e+02,9.127286000000000854e+01,8.584544000000000619e-01,6.620642333333333340e+01
2.755000000000000000e+02,9.126857000000001108e+01,8.950789000000000106e-01,7.134459333333333575e+01
2.855000000000000000e+02,9.131000000000000227e+01,8.202155000000000973e-01,7.665941333333333318e+01
2.955000000000000000e+02,9.142859000000001402e+01,8.341022999999999632e-01,8.214909000000000106e+01
3.055000000000000000e+02,9.139286999999998784e+01,7.942087000000001007e-01,8.783450333333333049e+01
3.155000000000000000e+02,9.129570999999999970e+01,7.944260999999999129e-01,9.372189333333334105e+01
3.255000000000000000e+02,9.128857000000000710e+01,7.584696999999999134e-01,9.979338666666667734e+01
3.355000000000000000e+02,9.116857000000000255e+01,7.553851999999999789e-01,1.060340566666666717e+02
3.455000000000000000e+02,9.136141999999999541e+01,7.176595000000000057e-01,1.124482666666666830e+02
3.555000000000000000e+02,9.136999999999999034e+01,7.339476999999999807e-01,1.190307333333333446e+02
3.655000000000000000e+02,9.128142999999998608e+01,7.309666000000001329e-01,1.257902333333333473e+02
3.755000000000000000e+02,9.120000999999999181e+01,6.980722000000000316e-01,1.327321333333333371e+02
3.855000000000000000e+02,9.116141999999999257e+01,6.654645000000000143e-01,1.398543333333333578e+02
3.955000000000000000e+02,9.120856000000000563e+01,6.665225999999999651e-01,1.471672666666666487e+02
4.055000000000000000e+02,9.116427000000000191e+01,6.783778999999999781e-01,1.546727666666666607e+02
4.155000000000000000e+02,9.125858999999999810e+01,6.539479999999999738e-01,1.623770999999999844e+02
4.255000000000000000e+02,9.113285999999997955e+01,6.526363999999998944e-01,1.702703999999999951e+02
4.355000000000000000e+02,9.112716000000000349e+01,6.440350000000000241e-01,1.783354999999999961e+02
4.455000000000000000e+02,9.117286000000001422e+01,6.299628000000000450e-01,1.865715666666666834e+02
4.555000000000000000e+02,9.104715999999999099e+01,6.036873999999999851e-01,1.949653000000000134e+02
4.655000000000000000e+02,9.086427999999999372e+01,5.842391999999999586e-01,2.035071666666666488e+02
4.755000000000000000e+02,9.121712999999999738e+01,5.917114999999999458e-01,2.122162333333333208e+02
4.855000000000000000e+02,9.108999000000001445e+01,5.852625000000000188e-01,2.211082666666666796e+02
4.955000000000000000e+02,9.111857000000000539e+01,5.677227999999999719e-01,2.301906333333333237e+02
5.055000000000000000e+02,9.101143999999999323e+01,5.587717999999999297e-01,2.394583666666666772e+02
5.155000000000000000e+02,9.097713000000001671e+01,5.363200999999999663e-01,2.488974000000000046e+02
5.255000000000000000e+02,9.112285000000001389e+01,5.461159999999999348e-01,2.585227333333333490e+02
5.355000000000000000e+02,9.098857999999999890e+01,5.572276999999999925e-01,2.683408333333333076e+02
5.455000000000000000e+02,9.089141999999999655e+01,5.316191999999999585e-01,2.783497999999999593e+02
5.555000000000000000e+02,9.097715000000000884e+01,5.455105999999999566e-01,2.885432000000000130e+02
5.655000000000000000e+02,9.103427999999999543e+01,5.176271000000000067e-01,2.989275333333333720e+02
5.755000000000000000e+02,9.100142999999999915e+01,5.363858999999999710e-01,3.094943000000000097e+02
5.855000000000000000e+02,9.088428000000001816e+01,5.079397000000001050e-01,3.202294666666666672e+02
5.955000000000000000e+02,9.106856000000000506e+01,5.260260999999999409e-01,3.311334666666667204e+02
6.055000000000000000e+02,9.096143000000000711e+01,5.238032000000000243e-01,3.422235000000000582e+02
6.155000000000000000e+02,9.098427000000000930e+01,5.152062999999998949e-01,3.534917666666666491e+02
6.255000000000000000e+02,9.106428000000001077e+01,4.976520999999999861e-01,3.649312333333333527e+02
6.355000000000000000e+02,9.112999999999999545e+01,5.029696999999999640e-01,3.765490666666667039e+02
6.455000000000000000e+02,9.100571000000000765e+01,4.986276000000000042e-01,3.883630666666666684e+02
6.555000000000000000e+02,9.099429999999998131e+01,4.972775000000000389e-01,4.003745666666666807e+02
6.655000000000000000e+02,9.099285000000000423e+01,5.029364000000000612e-01,4.125848666666666986e+02
6.755000000000000000e+02,9.089143999999998869e+01,4.850001999999999924e-01,4.250018999999999210e+02
6.855000000000000000e+02,9.092427999999999599e+01,4.839173999999999976e-01,4.376203666666666550e+02
6.955000000000000000e+02,9.108571999999999491e+01,4.855762999999999607e-01,4.504318333333333726e+02
7.055000000000000000e+02,9.098714000000001079e+01,4.685403000000000762e-01,4.634457666666666000e+02
7.155000000000000000e+02,9.090712999999999511e+01,4.693397000000000263e-01,4.766587666666666223e+02
7.255000000000000000e+02,9.093572000000000344e+01,4.788379999999999859e-01,4.900655666666667685e+02
7.355000000000000000e+02,9.093143000000000598e+01,4.645274999999999821e-01,5.036677333333333877e+02
7.455000000000000000e+02,9.102285999999999433e+01,4.969390999999999670e-01,5.174982666666667228e+02
7.555000000000000000e+02,9.096858000000000288e+01,4.739088999999999663e-01,5.315418333333333294e+02
7.655000000000000000e+02,9.089856000000000336e+01,4.754088000000000203e-01,5.457773666666666941e+02
7.755000000000000000e+02,9.085002000000000066e+01,4.753255999999999593e-01,5.601965666666667403e+02
7.855000000000000000e+02,9.094570999999999117e+01,4.720614999999999672e-01,5.747926999999999680e+02
7.955000000000000000e+02,9.094283999999998969e+01,4.685127000000000597e-01,5.895709333333334143e+02
8.055000000000000000e+02,9.087999999999999545e+01,4.540635000000000088e-01,6.045351666666667825e+02
8.155000000000000000e+02,9.100570999999999344e+01,4.624158999999999908e-01,6.196895333333333156e+02
8.255000000000000000e+02,9.094714999999999350e+01,4.557848000000001010e-01,6.350260000000000673e+02
8.355000000000000000e+02,9.090428999999998894e+01,4.620716999999999741e-01,6.505394000000000005e+02
8.455000000000000000e+02,9.095430000000000348e+01,4.827334999999999821e-01,6.662210666666666157e+02
8.555000000000000000e+02,9.091285000000002015e+01,4.639190000000000258e-01,6.820810333333331528e+02
8.655000000000000000e+02,9.093999999999999773e+01,4.533671000000000229e-01,6.981218000000000075e+02
8.755000000000000000e+02,9.087856999999999630e+01,4.719939999999999136e-01,7.143520666666665875e+02
8.855000000000000000e+02,9.093714000000001363e+01,4.642509999999999692e-01,7.307763666666667177e+02
8.955000000000000000e+02,9.084999999999999432e+01,4.616263999999999368e-01,7.473963666666667223e+02
9.055000000000000000e+02,9.092857000000000767e+01,4.624355000000000548e-01,7.642128333333333785e+02
9.155000000000000000e+02,9.083142999999998324e+01,4.653287999999999869e-01,7.812524666666665780e+02
9.255000000000000000e+02,9.087143000000000370e+01,4.672830999999999513e-01,7.985054000000001224e+02
9.355000000000000000e+02,9.083857000000000426e+01,4.621062999999999699e-01,8.159681333333334123e+02
9.455000000000000000e+02,9.078285000000001048e+01,4.679800000000000071e-01,8.336306999999999334e+02
9.555000000000000000e+02,9.080999999999998806e+01,4.626230999999999538e-01,8.514919666666667126e+02
9.655000000000000000e+02,9.090142000000000166e+01,4.513060000000000405e-01,8.695505000000000564e+02
9.755000000000000000e+02,9.089714000000000738e+01,4.583459999999999757e-01,8.877987333333333027e+02
9.855000000000000000e+02,9.084856000000000620e+01,4.521426999999998975e-01,9.062389333333334207e+02
9.955000000000000000e+02,9.080142999999999631e+01,4.675506000000000384e-01,9.248777000000000044e+02
1.005500000000000000e+03,9.074859000000000719e+01,4.556780999999999748e-01,9.437281999999999016e+02
1.015500000000000000e+03,9.082570000000001187e+01,4.596797999999999718e-01,9.627952333333332717e+02
1.025500000000000000e+03,9.083428000000000679e+01,4.791066999999999965e-01,9.820726333333334424e+02
1.035500000000000000e+03,9.085715000000000430e+01,4.757358999999999893e-01,1.001562466666666637e+03
1.045500000000000000e+03,9.075999000000000194e+01,4.557976000000000250e-01,1.021262366666666594e+03
1.055500000000000000e+03,9.079143000000000541e+01,4.644412999999999458e-01,1.041172699999999850e+03
1.065500000000000000e+03,9.074572999999999467e+01,4.548178999999999972e-01,1.061317233333333434e+03
1.075500000000000000e+03,9.079855999999998062e+01,4.596260999999999264e-01,1.081696999999999889e+03
1.085500000000000000e+03,9.081857999999999720e+01,4.459160999999999819e-01,1.102287666666666610e+03
1.095500000000000000e+03,9.079572000000000287e+01,4.525205999999999951e-01,1.123089333333333343e+03
1.105500000000000000e+03,9.077998999999999796e+01,4.624313999999999925e-01,1.144092666666666673e+03
1.115500000000000000e+03,9.082571999999998980e+01,4.625633999999999579e-01,1.165301333333333332e+03
1.125500000000000000e+03,9.077286999999999750e+01,4.621945000000000081e-01,1.186698666666666668e+03
1.135500000000000000e+03,9.078142999999998608e+01,4.580887999999999627e-01,1.208275666666666893e+03
1.145500000000000000e+03,9.080857999999997787e+01,4.596856000000000830e-01,1.230041666666666515e+03
1.155500000000000000e+03,9.075571000000000765e+01,4.623166000000001330e-01,1.251996666666666442e+03
1.165500000000000000e+03,9.077429999999999666e+01,4.661207999999999463e-01,1.274131333333333487e+03
1.175500000000000000e+03,9.076144000000000744e+01,4.641916000000000375e-01,1.296450000000000045e+03
1.185500000000000000e+03,9.077142999999999518e+01,4.670359999999999512e-01,1.318962333333333390e+03
1.195500000000000000e+03,9.071716000000000690e+01,4.659404000000000323e-01,1.341676666666666733e+03
1.205500000000000000e+03,9.075857999999999493e+01,4.533123999999998932e-01,1.364612333333333254e+03
1.215500000000000000e+03,9.073430000000000462e+01,4.543409999999999949e-01,1.387759666666666590e+03
1.225500000000000000e+03,9.074857999999998981e+01,4.643851999999999980e-01,1.411110666666666702e+03
1.235500000000000000e+03,9.072713000000000250e+01,4.616683000000000314e-01,1.434677666666666710e+03
1.245500000000000000e+03,9.073286000000000229e+01,4.610737999999999781e-01,1.458457666666666682e+03
1.255500000000000000e+03,9.070856000000000563e+01,4.753504999999999536e-01,1.482449666666666872e+03
1.265500000000000000e+03,9.069714000000001874e+01,4.707079999999999598e-01,1.506643000000000029e+03
1.275500000000000000e+03,9.066999999999998749e+01,4.644983999999999780e-01,1.531031333333333350e+03
1.285500000000000000e+03,9.066141999999999257e+01,4.748974000000000251e-01,1.555619999999999891e+03
1.295500000000000000e+03,9.067141999999998347e+01,4.659723999999999533e-01,1.580406333333333123e+03
1.305500000000000000e+03,9.065000999999998044e+01,4.845139000000000529e-01,1.605404333333333170e+03
1.315500000000000000e+03,9.064999000000000251e+01,4.728887000000000507e-01,1.630609333333333325e+03
1.325500000000000000e+03,9.065999000000000763e+01,4.769887000000000432e-01,1.656008000000000266e+03
1.335500000000000000e+03,9.065858000000000061e+01,4.810201000000000060e-01,1.681591999999999871e+03
1.345500000000000000e+03,9.064569999999999084e+01,4.800298999999998983e-01,1.707364333333333434e+03
1.355500000000000000e+03,9.064284999999998149e+01,4.728659999999999530e-01,1.733329666666666526e+03
1.365500000000000000e+03,9.062000000000000455e+01,4.767641000000000240e-01,1.759488000000000056e+03
1.375500000000000000e+03,9.063429000000000713e+01,4.738636000000000514e-01,1.785826999999999998e+03
1.385500000000000000e+03,9.059999999999999432e+01,4.758775000000000088e-01,1.812361000000000104e+03
1.395500000000000000e+03,9.064143000000001393e+01,4.818194000000000088e-01,1.839078666666666777e+03
1.405500000000000000e+03,9.064570999999999401e+01,4.874674999999999980e-01,1.865993999999999915e+03
1.415500000000000000e+03,9.061571999999999605e+01,4.821870999999999796e-01,1.893071333333333314e+03
1.425500000000000000e+03,9.064286000000001309e+01,4.878146000000000981e-01,1.920313333333333048e+03
1.435500000000000000e+03,9.058856000000000108e+01,4.771253000000000855e-01,1.947728333333333239e+03
1.445500000000000000e+03,9.059426999999999452e+01,4.844774000000000025e-01,1.975320666666666511e+03
1.455500000000000000e+03,9.057571000000000083e+01,4.929319000000000339e-01,2.003078333333333376e+03
1.465500000000000000e+03,9.055284000000000333e+01,4.837961000000000067e-01,2.031019333333333634e+03
1.475500000000000000e+03,9.059141000000001043e+01,4.913877000000000383e-01,2.059158666666666250e+03
1.485500000000000000e+03,9.059000000000000341e+01,4.880787000000000875e-01,2.087492333333333136e+03
1.495500000000000000e+03,9.060713999999998691e+01,4.905418000000000278e-01,2.116016999999999825e+03
1.505500000000000000e+03,9.059000000000000341e+01,4.908028999999999864e-01,2.144724000000000160e+03
1.515500000000000000e+03,9.059428999999998666e+01,4.931090999999999669e-01,2.173615999999999985e+03
1.525500000000000000e+03,9.063000999999999863e+01,4.880457999999999741e-01,2.202705999999999676e+03
1.535500000000000000e+03,9.059286000000000172e+01,4.886827999999999728e-01,2.231985666666666930e+03
1.545500000000000000e+03,9.056570999999999572e+01,4.904210999999999987e-01,2.261449666666666417e+03
1.555500000000000000e+03,9.061570999999999287e+01,4.952268000000000225e-01,2.291085333333333438e+03
1.565500000000000000e+03,9.056286000000000058e+01,4.915608000000000755e-01,2.320893666666666832e+03
1.575500000000000000e+03,9.063000000000000966e+01,4.926403999999999783e-01,2.350880333333333510e+03
1.585500000000000000e+03,9.060143999999999664e+01,4.910658999999999996e-01,2.381063333333333503e+03
1.595500000000000000e+03,9.060998999999999626e+01,4.905850000000001043e-01,2.411435666666666748e+03
1.605500000000000000e+03,9.059286000000000172e+01,4.942095000000000238e-01,2.442005666666666457e+03
1.615500000000000000e+03,9.059856999999999516e+01,4.860554000000000263e-01,2.472777999999999793e+03
1.625500000000000000e+03,9.062856999999999630e+01,4.878425000000000122e-01,2.503741333333333387e+03
1.635500000000000000e+03,9.061428000000000793e+01,4.857615999999999046e-01,2.534900333333333492e+03
1.645500000000000000e+03,9.061143999999998755e+01,4.896171999999999747e-01,2.566243666666666741e+03
1.655500000000000000e+03,9.063570999999998890e+01,4.876379000000000130e-01,2.597782999999999902e+03
1.665500000000000000e+03,9.060286999999998159e+01,4.875520999999999883e-01,2.629525333333333492e+03
1.675500000000000000e+03,9.061571000000000708e+01,4.853015999999999996e-01,2.661472666666667010e+03
1.685500000000000000e+03,9.059286000000001593e+01,4.852735999999999161e-01,2.693634999999999764e+03
1.695500000000000000e+03,9.059141999999999939e+01,4.820105000000000639e-01,2.726005333333333510e+03
1.705500000000000000e+03,9.060999999999999943e+01,4.845981000000000316e-01,2.758581666666666024e+03
1.715500000000000000e+03,9.062287000000000603e+01,4.866967999999999850e-01,2.791359999999999673e+03
1.725500000000000000e+03,9.060997999999999308e+01,4.853164000000000367e-01,2.824330333333333328e+03
1.735500000000000000e+03,9.059713999999999601e+01,4.755208999999999686e-01,2.857487999999999829e+03
1.745500000000000000e+03,9.062856999999999630e+01,4.822353999999999807e-01,2.890851333333333059e+03
1.755500000000000000e+03,9.059429000000000087e+01,4.801377000000000561e-01,2.924425333333333583e+03
1.765500000000000000e+03,9.060428000000000281e+01,4.818024000000000195e-01,2.958212666666666792e+03
1.775500000000000000e+03,9.057142000000000337e+01,4.822406000000000192e-01,2.992212666666667246e+03
1.785500000000000000e+03,9.063144000000001199e+01,4.818932000000000215e-01,3.026418000000000120e+03
1.795500000000000000e+03,9.057284000000001356e+01,4.780847999999999764e-01,3.060818333333333157e+03
1.805500000000000000e+03,9.062999999999999545e+01,4.778497999999999912e-01,3.095399666666666690e+03
1.815500000000000000e+03,9.060855999999999710e+01,4.765911999999999371e-01,3.130164999999999964e+03
1.825500000000000000e+03,9.063143999999998357e+01,4.800144000000000633e-01,3.165108000000000175e+03
1.835500000000000000e+03,9.058428999999998155e+01,4.741396000000001054e-01,3.200240999999999985e+03
1.845500000000000000e+03,9.060427999999998860e+01,4.777918999999999916e-01,3.235562333333333299e+03
1.855500000000000000e+03,9.059856999999999516e+01,4.780579999999999830e-01,3.271070333333333110e+03
1.865500000000000000e+03,9.060285000000001787e+01,4.737498000000000542e-01,3.306753999999999905e+03
1.875500000000000000e+03,9.058572000000000912e+01,4.720824999999999605e-01,3.342609000000000378e+03
1.885500000000000000e+03,9.062572000000000116e+01,4.709721999999999520e-01,3.378647333333332881e+03
1.895500000000000000e+03,9.061857000000000539e+01,4.719613000000000835e-01,3.414858999999999469e+03
1.905500000000000000e+03,9.062714000000001136e+01,4.736371000000000331e-01,3.451248333333332994e+03
1.915500000000000000e+03,9.062999999999999545e+01,4.699921999999999711e-01,3.487833000000000084e+03
1.925500000000000000e+03,9.060571999999999093e+01,4.707020000000000093e-01,3.524618333333333339e+03
1.935500000000000000e+03,9.061856000000001643e+01,4.650418000000000052e-01,3.561605333333333874e+03
1.945500000000000000e+03,9.061285999999999774e+01,4.680244000000000071e-01,3.598793000000000120e+03
1.955500000000000000e+03,9.059001000000000658e+01,4.656396999999999897e-01,3.636175000000000637e+03
1.965500000000000000e+03,9.062714000000001136e+01,4.666963000000000084e-01,3.673747666666667101e+03
1.975500000000000000e+03,9.062000000000000455e+01,4.698217999999999561e-01,3.711518666666666832e+03
1.985500000000000000e+03,9.062715000000000032e+01,4.695293000000000383e-01,3.749495333333333292e+03
1.995500000000000000e+03,9.060427999999998860e+01,4.672394000000000824e-01,3.787680999999999585e+03
2.005500000000000000e+03,9.059430000000000405e+01,4.621485000000000731e-01,3.826075333333334129e+03
2.015500000000000000e+03,9.057571000000000083e+01,4.668337000000000181e-01,3.864670999999999822e+03
2.025500000000000000e+03,9.058429999999999893e+01,4.633979000000000292e-01,3.903471666666666806e+03
2.035500000000000000e+03,9.063285000000000480e+01,4.660204999999999487e-01,3.942465666666666948e+03
2.045500000000000000e+03,9.061572000000001026e+01,4.685051000000000632e-01,3.981648000000000138e+03
2.055500000000000000e+03,9.062857999999999947e+01,4.640540999999999694e-01,4.021016666666666424e+03
2.065500000000000000e+03,9.064857999999999549e+01,4.674612999999999685e-01,4.060565999999999804e+03
2.075500000000000000e+03,9.062570999999999799e+01,4.646530999999999301e-01,4.100304999999999382e+03
2.085500000000000000e+03,9.059713000000000704e+01,4.657769999999999966e-01,4.140235333333333074e+03
2.095500000000000000e+03,9.062856999999999630e+01,4.668105999999999645e-01,4.180344666666665944e+03
2.105500000000000000e+03,9.061713000000000306e+01,4.612847000000000475e-01,4.220621333333333496e+03
2.115500000000000000e+03,9.060856000000001131e+01,4.644470999999999461e-01,4.261071666666667625e+03
2.125500000000000000e+03,9.062999000000000649e+01,4.605439000000000616e-01,4.301699999999998909e+03
2.135500000000000000e+03,9.061285999999999774e+01,4.621592999999999951e-01,4.342505999999999403e+03
2.145500000000000000e+03,9.062999999999999545e+01,4.586502999999999552e-01,4.383498000000000502e+03
2.155500000000000000e+03,9.061142999999999859e+01,4.604481999999999742e-01,4.424663333333332957e+03
2.165500000000000000e+03,9.061572999999999922e+01,4.604021999999999837e-01,4.466011333333332914e+03
2.175500000000000000e+03,9.060858000000000345e+01,4.592790999999999957e-01,4.507535000000000764e+03
2.185500000000000000e+03,9.063000000000000966e+01,4.580454000000000470e-01,4.549222666666666555e+03
2.195500000000000000e+03,9.061714999999999520e+01,4.582600000000000007e-01,4.591082666666666228e+03
2.205500000000000000e+03,9.059713999999999601e+01,4.595565999999999818e-01,4.633136666666667224e+03
2.215500000000000000e+03,9.061427999999999372e+01,4.666816999999999771e-01,4.675399666666667144e+03
2.225500000000000000e+03,9.061143999999998755e+01,4.642435999999999230e-01,4.717857333333334282e+03
2.235500000000000000e+03,9.060713999999998691e+01,4.628107000000000748e-01,4.760504666666666708e+03
2.245500000000000000e+03,9.062284999999999968e+01,4.639101999999999393e-01,4.803329333333333125e+03
2.255500000000000000e+03,9.060285999999999262e+01,4.674305000000000265e-01,4.846335666666665929e+03
2.265500000000000000e+03,9.061713999999999203e+01,4.629689000000000165e-01,4.889536333333333459e+03
2.275500000000000000e+03,9.062713999999999714e+01,4.675642999999999883e-01,4.932939333333332797e+03
2.285500000000000000e+03,9.059571000000001106e+01,4.585075000000000678e-01,4.976540666666666766e+03
2.295500000000000000e+03,9.059285000000001276e+01,4.688649999999999762e-01,5.020330999999999221e+03
2.305500000000000000e+03,9.060571999999999093e+01,4.610608999999999402e-01,5.064318999999999505e+03
2.315500000000000000e+03,9.059999999999999432e+01,4.584699000000000413e-01,5.108512333333332208e+03
2.325500000000000000e+03,9.061572000000001026e+01,4.648856000000000099e-01,5.152899666666666235e+03
2.335500000000000000e+03,9.060571000000001618e+01,4.617696999999999496e-01,5.197471666666666351e+03
2.345500000000000000e+03,9.058714000000000510e+01,4.599347999999999770e-01,5.242232333333333372e+03
2.355500000000000000e+03,9.060857000000001449e+01,4.639191000000000287e-01,5.287176333333332877e+03
2.365500000000000000e+03,9.060855999999999710e+01,4.604604999999999393e-01,5.332298666666667486e+03
2.375500000000000000e+03,9.060284000000000049e+01,4.608228999999999798e-01,5.377607666666666773e+03
2.385500000000000000e+03,9.061429999999998586e+01,4.618146999999999669e-01,5.423104666666667072e+03
2.395500000000000000e+03,9.061287000000000091e+01,4.645447000000000881e-01,5.468791999999999462e+03
2.405500000000000000e+03,9.059427999999999770e+01,4.631041000000000740e-01,5.514681666666666388e+03
2.415500000000000000e+03,9.060856999999998607e+01,4.666744999999999921e-01,5.560761000000000422e+03
2.425500000000000000e+03,9.060569999999999879e+01,4.618308999999999331e-01,5.607014000000000124e+03
2.435500000000000000e+03,9.060857000000000028e+01,4.598038999999999876e-01,5.653459333333332324e+03
2.445500000000000000e+03,9.060856000000001131e+01,4.576604000000000783e-01,5.700098666666666759e+03
2.455500000000000000e+03,9.059855999999999199e+01,4.590106999999999937e-01,5.746932666666666591e+03
2.465500000000000000e+03,9.061285999999999774e+01,4.587236000000000091e-01,5.793952666666667028e+03
2.475500000000000000e+03,9.059427999999999770e+01,4.607791999999999999e-01,5.841159000000000560e+03
2.485500000000000000e+03,9.062283999999999651e+01,4.587335000000000163e-01,5.888557333333333190e+03
2.495500000000000000e+03,9.061999999999999034e+01,4.607430000000000136e-01,5.936146666666665624e+03
2.505500000000000000e+03,9.059856999999999516e+01,4.604092999999999658e-01,5.983927666666667392e+03
2.515500000000000000e+03,9.059572000000000003e+01,4.603772000000000419e-01,6.031898333333334449e+03
2.525500000000000000e+03,9.059141999999999939e+01,4.595356999999999914e-01,6.080059666666666089e+03
2.535500000000000000e+03,9.058570000000000277e+01,4.622670000000000390e-01,6.128414333333333161e+03
2.545500000000000000e+03,9.060000999999999749e+01,4.597674999999999956e-01,6.176967999999999847e+03
2.555500000000000000e+03,9.058999000000000024e+01,4.619449000000000471e-01,6.225722333333334063e+03
2.565500000000000000e+03,9.058428999999999576e+01,4.599613999999999647e-01,6.274680999999999585e+03
2.575500000000000000e+03,9.059141999999999939e+01,4.589213000000000875e-01,6.323835333333333438e+03
2.585500000000000000e+03,9.059427999999999770e+01,4.616272999999999627e-01,6.373189999999999600e+03
2.595500000000000000e+03,9.058142999999999745e+01,4.596608999999999834e-01,6.422748999999998887e+03
2.605500000000000000e+03,9.059140999999999622e+01,4.601133000000000028e-01,6.472504666666665798e+03
2.615500000000000000e+03,9.060141999999999030e+01,4.600264000000000020e-01,6.522463999999999942e+03
2.625500000000000000e+03,9.059141999999999939e+01,4.578777000000000541e-01,6.572634999999999309e+03
2.635500000000000000e+03,9.056857000000000824e+01,4.616561000000000137e-01,6.623016333333333023e+03
2.645500000000000000e+03,9.058571999999999491e+01,4.579338000000000020e-01,6.673583999999999833e+03
2.655500000000000000e+03,9.061428999999998268e+01,4.595319999999999960e-01,6.724344000000000051e+03
2.665500000000000000e+03,9.058429999999999893e+01,4.617326999999999404e-01,6.775310000000000400e+03
2.675500000000000000e+03,9.058857999999997901e+01,4.598759999999999515e-01,6.826485666666667385e+03
2.685500000000000000e+03,9.057713999999999999e+01,4.617090000000000360e-01,6.877868666666666286e+03
2.695500000000000000e+03,9.058428000000000679e+01,4.636570999999999887e-01,6.929453666666666322e+03
2.705500000000000000e+03,9.057713000000001102e+01,4.579134999999999733e-01,6.981228999999999360e+03
2.715500000000000000e+03,9.057856999999999914e+01,4.600091000000000041e-01,7.033187333333333299e+03
2.725500000000000000e+03,9.054572000000000287e+01,4.616532999999999332e-01,7.085332333333333736e+03
2.735500000000000000e+03,9.057286000000000570e+01,4.579933999999999950e-01,7.137668333333333067e+03
2.745500000000000000e+03,9.058428000000000679e+01,4.581473999999999824e-01,7.190186333333334005e+03
2.755500000000000000e+03,9.055285999999999547e+01,4.562717000000000023e-01,7.242879333333333307e+03
2.765500000000000000e+03,9.056002000000000862e+01,4.590348000000000761e-01,7.295759999999999309e+03
2.775500000000000000e+03,9.056143000000000143e+01,4.592821000000000820e-01,7.348834999999999127e+03
2.785500000000000000e+03,9.056286000000000058e+01,4.570849000000000162e-01,7.402099333333333561e+03
2.795500000000000000e+03,9.054858000000000118e+01,4.563124000000000069e-01,7.455546666666666169e+03
2.805500000000000000e+03,9.056286999999998955e+01,4.585355999999999876e-01,7.509196000000000822e+03
2.815500000000000000e+03,9.057284999999998831e+01,4.576596999999999471e-01,7.563068000000001120e+03
2.825500000000000000e+03,9.055572000000000799e+01,4.588454999999999617e-01,7.617177666666665573e+03
2.835500000000000000e+03,9.055143000000001052e+01,4.600343000000000626e-01,7.671510333333333620e+03
2.845500000000000000e+03,9.055285999999998126e+01,4.626622000000000234e-01,7.726041000000000167e+03
2.855500000000000000e+03,9.054573999999999501e+01,4.558970000000000522e-01,7.780770999999998821e+03
2.865500000000000000e+03,9.056714999999999804e+01,4.580683999999999867e-01,7.835723333333333358e+03
2.875500000000000000e+03,9.055715999999999610e+01,4.615993999999999930e-01,7.890895333333332019e+03
2.885500000000000000e+03,9.055428999999999462e+01,4.577900999999999776e-01,7.946293999999998960e+03
2.895500000000000000e+03,9.054859000000000435e+01,4.594485999999999848e-01,8.001895999999998821e+03
2.905500000000000000e+03,9.055571999999999377e+01,4.533893999999999425e-01,8.057702999999999520e+03
2.915500000000000000e+03,9.056570999999999572e+01,4.580411999999999817e-01,8.113702999999999520e+03
2.925500000000000000e+03,9.055429999999999779e+01,4.568579000000000390e-01,8.169898333333333539e+03
2.935500000000000000e+03,9.054143000000000541e+01,4.572546000000000110e-01,8.226292666666668083e+03
2.945500000000000000e+03,9.053431000000000495e+01,4.581196000000000157e-01,8.282885666666665202e+03
2.955500000000000000e+03,9.053716000000000008e+01,4.577706000000000275e-01,8.339663666666665449e+03
2.965500000000000000e+03,9.054286999999999352e+01,4.595780999999999894e-01,8.396609999999998763e+03
2.975500000000000000e+03,9.054001999999999839e+01,4.570739999999999803e-01,8.453742333333335409e+03
2.985500000000000000e+03,9.053716000000000008e+01,4.581746000000000985e-01,8.511077333333332717e+03
2.995500000000000000e+03,9.053287000000000262e+01,4.576921000000000461e-01,8.568608000000000175e+03
3.005500000000000000e+03,9.053714999999999691e+01,4.563163000000000080e-01,8.626320666666666511e+03
3.015500000000000000e+03,9.053432000000000812e+01,4.555846000000000062e-01,8.684221666666666351e+03
3.025500000000000000e+03,9.053999999999999204e+01,4.560641999999999752e-01,8.742318999999999505e+03
3.035500000000000000e+03,9.054144999999999754e+01,4.583993999999999569e-01,8.800599666666665144e+03
3.045500000000000000e+03,9.053001000000001852e+01,4.573839000000000654e-01,8.859058666666667705e+03
3.055500000000000000e+03,9.053002000000000749e+01,4.524116000000000248e-01,8.917691666666667516e+03
3.065500000000000000e+03,9.052144000000001256e+01,4.557248999999999883e-01,8.976509333333335235e+03
3.075500000000000000e+03,9.052288000000000068e+01,4.550411999999999790e-01,9.035509000000000015e+03
3.085500000000000000e+03,9.052858999999999412e+01,4.558906999999999821e-01,9.094706999999998516e+03
3.095500000000000000e+03,9.052287000000001171e+01,4.549928999999999779e-01,9.154098333333335177e+03
3.105500000000000000e+03,9.052859999999999729e+01,4.539050000000000584e-01,9.213694333333334725e+03
3.115500000000000000e+03,9.052429999999999666e+01,4.532317000000000706e-01,9.273492000000000189e+03
3.125500000000000000e+03,9.052286999999999750e+01,4.559737000000000373e-01,9.333499666666666599e+03
3.135500000000000000e+03,9.052000999999999920e+01,4.540693000000000090e-01,9.393723333333333358e+03
3.145500000000000000e+03,9.051572999999999070e+01,4.543321999999999639e-01,9.454145333333333838e+03
3.155500000000000000e+03,9.051573000000000491e+01,4.519716000000000844e-01,9.514750666666664983e+03
3.165500000000000000e+03,9.052287999999998647e+01,4.573968999999999951e-01,9.575530333333332237e+03
3.175500000000000000e+03,9.051430000000000575e+01,4.552641999999999523e-01,9.636491333333335206e+03
3.185500000000000000e+03,9.051716000000000406e+01,4.535159000000000273e-01,9.697642666666666628e+03
3.195500000000000000e+03,9.052144000000001256e+01,4.535908000000000717e-01,9.758980333333332965e+03
3.205500000000000000e+03,9.052288000000001489e+01,4.596230999999999511e-01,9.820516666666666424e+03
3.215500000000000000e+03,9.051430000000000575e+01,4.537258999999999598e-01,9.882244333333333998e+03
3.225500000000000000e+03,9.051858999999998900e+01,4.528069000000000122e-01,9.944155000000000655e+03
3.235500000000000000e+03,9.052002000000001658e+01,4.528678999999999344e-01,1.000626399999999921e+04
3.245500000000000000e+03,9.051430000000000575e+01,4.560030000000000472e-01,1.006853833333333387e+04
3.255500000000000000e+03,9.051000999999999408e+01,4.537654999999999883e-01,1.013101633333333302e+04
3.265500000000000000e+03,9.051000999999999408e+01,4.536685999999999774e-01,1.019370666666666511e+04
3.275500000000000000e+03,9.051715000000000089e+01,4.515883000000000536e-01,1.025657999999999993e+04
3.285500000000000000e+03,9.051001000000000829e+01,4.510146999999999906e-01,1.031963666666666722e+04
3.295500000000000000e+03,9.051430000000000575e+01,4.532616999999999896e-01,1.038293000000000211e+04
3.305500000000000000e+03,9.050858000000000914e+01,4.543918999999999597e-01,1.044639999999999964e+04
3.315500000000000000e+03,9.051143999999999323e+01,4.529400999999999011e-01,1.051006000000000131e+04
3.325500000000000000e+03,9.051573000000000491e+01,4.526097000000001147e-01,1.057391666666666606e+04
3.335500000000000000e+03,9.051430000000000575e+01,4.515399000000000496e-01,1.063795999999999913e+04
3.345500000000000000e+03,9.051286999999999239e+01,4.505289000000000099e-01,1.070223666666666577e+04
3.355500000000000000e+03,9.051430000000000575e+01,4.538678999999999353e-01,1.076670000000000073e+04
3.365500000000000000e+03,9.051000999999999408e+01,4.546712999999999449e-01,1.083137333333333117e+04
3.375500000000000000e+03,9.050428999999999746e+01,4.525735000000000174e-01,1.089626000000000022e+04
3.385500000000000000e+03,9.051000999999999408e+01,4.547832999999998904e-01,1.096133333333333394e+04
3.395500000000000000e+03,9.050142999999999915e+01,4.540038999999999048e-01,1.102661000000000058e+04
3.405500000000000000e+03,9.051143999999999323e+01,4.553637999999999297e-01,1.109211666666666497e+04
3.415500000000000000e+03,9.050858000000000914e+01,4.539682999999999913e-01,1.115781000000000131e+04
3.425500000000000000e+03,9.050858000000000914e+01,4.584468999999999350e-01,1.122370666666666511e+04
3.435500000000000000e+03,9.050428999999999746e+01,4.548102999999999452e-01,1.128984333333333416e+04
3.445500000000000000e+03,9.050714999999999577e+01,4.546194000000000068e-01,1.135615999999999985e+04
3.455500000000000000e+03,9.050571999999999662e+01,4.539619000000000293e-01,1.142269000000000051e+04
3.465500000000000000e+03,9.051286999999999239e+01,4.573054999999999204e-01,1.148938999999999942e+04
3.475500000000000000e+03,9.050714999999999577e+01,4.598110000000000253e-01,1.155628333333333467e+04
3.485500000000000000e+03,9.050858000000000914e+01,4.548728999999999689e-01,1.162336666666666679e+04
3.495500000000000000e+03,9.050571999999999662e+01,4.545717999999999148e-01,1.169064999999999964e+04
3.505500000000000000e+03,9.050571999999999662e+01,4.551454999999999806e-01,1.175817000000000007e+04
3.515500000000000000e+03,9.050858000000000914e+01,4.552585000000000659e-01,1.182590999999999985e+04
3.525500000000000000e+03,9.050142999999999915e+01,4.527074000000000931e-01,1.189385333333333256e+04
3.535500000000000000e+03,9.051430000000000575e+01,4.597454000000000818e-01,1.196198999999999978e+04
3.545500000000000000e+03,9.051572999999999070e+01,4.548201000000000604e-01,1.203031333333333350e+04
3.555500000000000000e+03,9.050572000000001083e+01,4.525092000000000003e-01,1.209883333333333212e+04
3.565500000000000000e+03,9.051287000000000660e+01,4.538363000000000258e-01,1.216753000000000065e+04
3.575500000000000000e+03,9.051287000000000660e+01,4.554924999999999669e-01,1.223640333333333365e+04
3.585500000000000000e+03,9.050000000000000000e+01,4.530969999999999720e-01,1.230546333333333314e+04
3.595500000000000000e+03,9.050857999999999493e+01,4.561382999999999410e-01,1.237469666666666672e+04
3.605500000000000000e+03,9.050858000000000914e+01,4.575702000000000380e-01,1.244412333333333299e+04
3.615500000000000000e+03,9.050428999999999746e+01,4.530133000000000076e-01,1.251372333333333336e+04
3.625500000000000000e+03,9.049428000000000338e+01,4.520267000000000590e-01,1.258353333333333285e+04
3.635500000000000000e+03,9.050285999999998410e+01,4.519428999999999808e-01,1.265350999999999840e+04
3.645500000000000000e+03,9.050285999999999831e+01,4.547565999999999553e-01,1.272367666666666628e+04
3.655500000000000000e+03,9.050428999999999746e+01,4.541903000000000468e-01,1.279404333333333125e+04
3.665500000000000000e+03,9.050428999999999746e+01,4.545424000000000686e-01,1.286459999999999854e+04
3.675500000000000000e+03,9.049285000000000423e+01,4.546596000000001081e-01,1.293535333333333256e+04
3.685500000000000000e+03,9.049428000000000338e+01,4.574342000000000685e-01,1.300630333333333328e+04
3.695500000000000000e+03,9.050142999999999915e+01,4.573704000000000103e-01,1.307746000000000095e+04
3.705500000000000000e+03,9.050000000000000000e+01,4.550644000000000355e-01,1.314881333333333350e+04
3.715500000000000000e+03,9.049427999999998917e+01,4.550870000000000748e-01,1.322037333333333299e+04
3.725500000000000000e+03,9.050285999999999831e+01,4.547142000000000128e-01,1.329212666666666701e+04
3.735500000000000000e+03,9.050286000000001252e+01,4.524802999999999464e-01,1.336406999999999789e+04
3.745500000000000000e+03,9.050571999999999662e+01,4.536224999999999841e-01,1.343620666666666875e+04
3.755500000000000000e+03,9.049571000000000254e+01,4.535403000000000628e-01,1.350855666666666548e+04
3.765500000000000000e+03,9.050142999999999915e+01,4.550577999999999568e-01,1.358110333333333256e+04
3.775500000000000000e+03,9.049142000000000507e+01,4.546538999999999442e-01,1.365384333333333416e+04
3.785500000000000000e+03,9.048999000000000592e+01,4.571420999999999957e-01,1.372679333333333125e+04
3.795500000000000000e+03,9.048855999999999256e+01,4.542494000000000254e-01,1.379994000000000233e+04
3.805500000000000000e+03,9.048856000000000677e+01,4.540244999999999420e-01,1.387328333333333103e+04
3.815500000000000000e+03,9.049142000000000507e+01,4.563632000000000244e-01,1.394681333333333350e+04
3.825500000000000000e+03,9.049285000000000423e+01,4.548257999999999468e-01,1.402053666666666686e+04
3.835500000000000000e+03,9.048427999999999827e+01,4.557724000000000220e-01,1.409443333333333067e+04
3.845500000000000000e+03,9.048570000000000846e+01,4.551595999999999975e-01,1.416856000000000131e+04
3.855500000000000000e+03,9.047713000000000250e+01,4.556094999999998896e-01,1.424285333333333256e+04
3.865500000000000000e+03,9.047425999999998680e+01,4.558790999999999261e-01,1.431735000000000036e+04
3.875500000000000000e+03,9.048283999999999594e+01,4.547077999999999953e-01,1.439205666666666730e+04
3.885500000000000000e+03,9.048427000000000930e+01,4.533724000000000087e-01,1.446696000000000095e+04
3.895500000000000000e+03,9.046998999999999569e+01,4.549942999999999627e-01,1.454210000000000036e+04
3.905500000000000000e+03,9.047712999999998829e+01,4.553333000000000519e-01,1.461743333333333067e+04
3.915500000000000000e+03,9.047426000000000101e+01,4.537376000000000187e-01,1.469297666666666555e+04
3.925500000000000000e+03,9.046855999999999653e+01,4.555995999999999380e-01,1.476872999999999956e+04
3.935500000000000000e+03,9.047426000000001522e+01,4.558793000000000428e-01,1.484470666666666875e+04
3.945500000000000000e+03,9.046283000000001095e+01,4.553969999999999407e-01,1.492090999999999985e+04
3.955500000000000000e+03,9.046567999999999188e+01,4.531907999999999492e-01,1.499734333333333234e+04
3.965500000000000000e+03,9.046141000000000076e+01,4.539769999999999639e-01,1.507401666666666279e+04
3.975500000000000000e+03,9.046712999999998317e+01,4.550869999999999638e-01,1.515092000000000189e+04
3.985500000000000000e+03,9.046141000000000076e+01,4.548167000000000182e-01,1.522804333333332943e+04
3.995500000000000000e+03,9.045714000000000965e+01,4.535719000000000278e-01,1.530538000000000102e+04
4.005500000000000000e+03,9.045286999999999011e+01,4.550583999999999740e-01,1.538295333333333292e+04
4.015500000000000000e+03,9.046000000000000796e+01,4.531773999999999525e-01,1.546075000000000000e+04
4.025500000000000000e+03,9.045713999999999544e+01,4.534249000000000196e-01,1.553877333333333445e+04
4.035500000000000000e+03,9.045714999999999861e+01,4.546936000000000311e-01,1.561700999999999840e+04
4.045500000000000000e+03,9.045571999999999946e+01,4.552046000000000703e-01,1.569548000000000138e+04
4.055500000000000000e+03,9.045144000000000517e+01,4.554639999999999800e-01,1.577414000000000306e+04
4.065500000000000000e+03,9.045000000000000284e+01,4.546046999999999727e-01,1.585302000000000044e+04
4.075500000000000000e+03,9.045429000000000030e+01,4.533752999999999811e-01,1.593209000000000196e+04
4.085500000000000000e+03,9.045141999999999882e+01,4.532903000000000349e-01,1.601137000000000080e+04
4.095500000000000000e+03,9.045286999999999011e+01,4.557827000000000406e-01,1.609087000000000080e+04
4.105500000000000000e+03,9.045286999999999011e+01,4.549357000000000539e-01,1.617058999999999651e+04
4.115500000000000000e+03,9.044716999999999985e+01,4.530081000000000246e-01,1.625053333333333103e+04
4.125500000000000000e+03,9.045712999999999226e+01,4.552458999999999811e-01,1.633068666666666468e+04
4.135500000000000000e+03,9.045142999999998779e+01,4.536991000000000218e-01,1.641101666666667006e+04
4.145500000000000000e+03,9.045428000000001134e+01,4.539266999999999608e-01,1.649154000000000087e+04
4.155500000000000000e+03,9.044573999999998648e+01,4.544181999999999944e-01,1.657224999999999636e+04
4.165500000000000000e+03,9.045000999999999181e+01,4.539202999999999433e-01,1.665313999999999942e+04
4.175500000000000000e+03,9.044716000000001088e+01,4.534646000000000510e-01,1.673423999999999796e+04
4.185500000000000000e+03,9.045572999999998842e+01,4.541228999999999405e-01,1.681551000000000204e+04
4.195500000000000000e+03,9.045000999999999181e+01,4.538187999999999667e-01,1.689695000000000073e+04
4.205500000000000000e+03,9.044574000000000069e+01,4.543623999999999441e-01,1.697858666666666613e+04
4.215500000000000000e+03,9.044858000000000686e+01,4.549629999999999508e-01,1.706040333333333183e+04
4.225500000000000000e+03,9.044858000000000686e+01,4.563965999999999856e-01,1.714242000000000189e+04
4.235500000000000000e+03,9.044431000000000154e+01,4.531962999999999964e-01,1.722466000000000349e+04
4.245500000000000000e+03,9.044288000000000238e+01,4.541863000000000428e-01,1.730708666666666613e+04
4.255500000000000000e+03,9.044572999999999752e+01,4.556113999999999997e-01,1.738973333333332994e+04
4.265500000000000000e+03,9.044431999999999050e+01,4.538114999999999233e-01,1.747255333333333692e+04
4.275500000000000000e+03,9.044289000000000556e+01,4.541913000000000200e-01,1.755558666666666613e+04
4.285500000000000000e+03,9.044715999999999667e+01,4.554567000000000476e-01,1.763881666666666570e+04
4.295500000000000000e+03,9.044715999999999667e+01,4.545066000000000384e-01,1.772224333333333561e+04
4.305500000000000000e+03,9.044431999999999050e+01,4.545155000000000167e-01,1.780585666666666657e+04
4.315500000000000000e+03,9.044145999999999219e+01,4.563446999999999920e-01,1.788965666666666584e+04
4.325500000000000000e+03,9.044147000000000958e+01,4.543286000000000269e-01,1.797365000000000146e+04
4.335500000000000000e+03,9.044431000000000154e+01,4.532191000000000969e-01,1.805783666666666613e+04
4.345500000000000000e+03,9.043717999999998369e+01,4.540866999999999543e-01,1.814220999999999913e+04
4.355500000000000000e+03,9.044147000000000958e+01,4.569225000000000092e-01,1.822677333333333445e+04
4.365500000000000000e+03,9.044431999999999050e+01,4.530663000000000329e-01,1.831151333333333605e+04
4.375500000000000000e+03,9.044003999999999621e+01,4.549518999999999092e-01,1.839644666666666672e+04
4.385500000000000000e+03,9.044715999999999667e+01,4.548803999999999625e-01,1.848157666666666773e+04
4.395500000000000000e+03,9.044145999999999219e+01,4.534304000000000667e-01,1.856688666666666541e+04
4.405500000000000000e+03,9.044288000000000238e+01,4.546892999999999629e-01,1.865238999999999942e+04
4.415500000000000000e+03,9.043860999999999706e+01,4.554529999999999967e-01,1.873809000000000378e+04
4.425500000000000000e+03,9.043717999999999790e+01,4.546529999999999738e-01,1.882400000000000364e+04
4.435500000000000000e+03,9.044431999999999050e+01,4.549818999999999392e-01,1.891005666666666730e+04
4.445500000000000000e+03,9.043860999999999706e+01,4.533310000000000395e-01,1.899630999999999767e+04
4.455500000000000000e+03,9.044003000000000725e+01,4.539146000000000569e-01,1.908275000000000000e+04
4.465500000000000000e+03,9.043717999999999790e+01,4.528523999999999883e-01,1.916935333333333620e+04
4.475500000000000000e+03,9.044001999999998986e+01,4.558985000000000953e-01,1.925615333333333183e+04
4.485500000000000000e+03,9.043859999999999388e+01,4.569015999999999633e-01,1.934312999999999738e+04
4.495500000000000000e+03,9.044003999999999621e+01,4.556740999999999708e-01,1.943029000000000087e+04
4.505500000000000000e+03,9.043431999999999960e+01,4.539500999999999675e-01,1.951762333333333299e+04
4.515500000000000000e+03,9.043431999999999960e+01,4.526610000000000911e-01,1.960515333333333911e+04
4.525500000000000000e+03,9.043431999999999960e+01,4.529917999999999445e-01,1.969285999999999694e+04
4.535500000000000000e+03,9.043717999999999790e+01,4.557279999999999665e-01,1.978077666666666482e+04
4.545500000000000000e+03,9.043574999999998454e+01,4.562196000000000029e-01,1.986887666666667064e+04
4.555500000000000000e+03,9.043575000000001296e+01,4.525884000000000573e-01,1.995718000000000029e+04
4.565500000000000000e+03,9.043574999999999875e+01,4.536199999999999122e-01,2.004565999999999985e+04
4.575500000000000000e+03,9.043289000000000044e+01,4.552843999999999225e-01,2.013433333333332848e+04
4.585500000000000000e+03,9.043574999999998454e+01,4.582369000000000026e-01,2.022317000000000189e+04
4.595500000000000000e+03,9.043574999999998454e+01,4.530261000000000426e-01,2.031218000000000029e+04
4.605500000000000000e+03,9.043289000000000044e+01,4.524822000000000566e-01,2.040134999999999854e+04
4.615500000000000000e+03,9.043002999999998792e+01,4.556048999999999793e-01,2.049068333333333794e+04
4.625500000000000000e+03,9.042859999999998877e+01,4.557706999999999731e-01,2.058021333333333314e+04
4.635500000000000000e+03,9.043289000000000044e+01,4.561534999999999895e-01,2.066992666666666628e+04
4.645500000000000000e+03,9.043002999999998792e+01,4.548739000000000532e-01,2.075982666666666773e+04
4.655500000000000000e+03,9.043145999999998708e+01,4.564152000000000209e-01,2.084989000000000306e+04
4.665500000000000000e+03,9.043145999999998708e+01,4.521868999999999472e-01,2.094013666666666541e+04
4.675500000000000000e+03,9.043002999999998792e+01,4.543091999999999686e-01,2.103054333333333489e+04
4.685500000000000000e+03,9.043145999999998708e+01,4.540639000000000758e-01,2.112115999999999985e+04
4.695500000000000000e+03,9.042859999999998877e+01,4.548702999999999497e-01,2.121197333333333154e+04
4.705500000000000000e+03,9.042717000000000382e+01,4.542852000000000001e-01,2.130299333333333198e+04
4.715500000000000000e+03,9.042859999999998877e+01,4.564445000000000308e-01,2.139421666666666715e+04
4.725500000000000000e+03,9.042717000000000382e+01,4.559675999999999729e-01,2.148565333333333547e+04
4.735500000000000000e+03,9.042859999999998877e+01,4.541665999999999204e-01,2.157729666666666890e+04
4.745500000000000000e+03,9.043002999999998792e+01,4.543088000000000681e-01,2.166916666666666788e+04
4.755500000000000000e+03,9.042859999999998877e+01,4.537506999999999513e-01,2.176125000000000000e+04
4.765500000000000000e+03,9.042859999999998877e+01,4.606728999999999408e-01,2.185355333333333328e+04
4.775500000000000000e+03,9.042859999999998877e+01,4.608206999999999165e-01,2.194604999999999927e+04
4.785500000000000000e+03,9.043002999999998792e+01,4.565482000000000151e-01,2.203872666666666555e+04
4.795500000000000000e+03,9.042717000000000382e+01,4.554668999999999524e-01,2.213165666666666584e+04
4.805500000000000000e+03,9.042430999999999131e+01,4.532981999999999845e-01,2.222497999999999956e+04
4.815500000000000000e+03,9.042717000000000382e+01,4.524481999999999116e-01,2.231851333333333241e+04
4.825500000000000000e+03,9.042717000000000382e+01,4.597313000000000649e-01,2.241224000000000160e+04
4.835500000000000000e+03,9.042574000000000467e+01,4.579602000000001505e-01,2.250619666666666308e+04
4.845500000000000000e+03,9.042287999999999215e+01,4.547618999999999967e-01,2.260036333333333459e+04
4.855500000000000000e+03,9.042573999999999046e+01,4.567748999999999837e-01,2.269472666666666191e+04
4.865500000000000000e+03,9.042431000000000552e+01,4.582047000000000203e-01,2.278933333333333576e+04
4.875500000000000000e+03,9.042002000000000805e+01,4.554588999999999999e-01,2.288412333333333299e+04
4.885500000000000000e+03,9.042001999999999384e+01,4.560596999999999568e-01,2.297911333333333096e+04
4.895500000000000000e+03,9.042288000000000636e+01,4.581720999999999711e-01,2.307431999999999971e+04
4.905500000000000000e+03,9.041143999999999892e+01,4.589035000000000197e-01,2.316972333333333518e+04
4.915500000000000000e+03,9.041572999999998217e+01,4.565437999999999441e-01,2.326534333333333416e+04
4.925500000000000000e+03,9.041429999999999723e+01,4.544769999999999643e-01,2.336115999999999985e+04
4.935500000000000000e+03,9.041286999999998386e+01,4.599077000000000304e-01,2.345715999999999985e+04
4.945500000000000000e+03,9.041001000000001397e+01,4.565186999999998885e-01,2.355332999999999447e+04
4.955500000000000000e+03,9.041715999999999553e+01,4.560345000000000648e-01,2.364968666666666832e+04
4.965500000000000000e+03,9.040429000000001736e+01,4.557750999999999886e-01,2.374623333333333358e+04
4.975500000000000000e+03,9.040858000000000061e+01,4.548620000000000441e-01,2.384297000000000116e+04
4.985500000000000000e+03,9.040143000000000484e+01,4.571826000000000501e-01,2.393989666666666744e+04
4.995500000000000000e+03,9.040000000000000568e+01,4.578476000000000212e-01,2.403701666666666279e+04
