5.500000000000000000e+00,8.771283999999999992e+01,6.883927000000001328e+01,2.707491266666666591e-02
1.550000000000000000e+01,8.251570999999998435e+01,1.074205100000000002e+01,1.553295400000000159e-01
2.550000000000000000e+01,8.473000000000000398e+01,8.838269999999999627e+00,4.026366333333332714e-01
3.550000000000000000e+01,8.426428000000001362e+01,6.146697000000000521e+00,7.664529333333334193e-01
4.550000000000000000e+01,8.737143000000000370e+01,4.695501999999999398e+00,1.251442133333333429e+00
5.550000000000000000e+01,8.514570000000000505e+01,3.790512999999999799e+00,1.860514999999999919e+00
6.550000000000000000e+01,8.612712999999999397e+01,3.320044999999999469e+00,2.587711333333333918e+00
7.550000000000000000e+01,8.651713999999999771e+01,3.001157999999999770e+00,3.432232333333332885e+00
8.550000000000000000e+01,8.777286999999998329e+01,2.830008000000000301e+00,4.398880000000000123e+00
9.550000000000000000e+01,8.865285000000000082e+01,2.828574000000000588e+00,5.476639333333332971e+00
1.055000000000000000e+02,8.850427000000000533e+01,2.176563000000000248e+00,6.672576666666667045e+00
1.155000000000000000e+02,8.925998999999998773e+01,2.037895999999999930e+00,7.989797666666666132e+00
1.255000000000000000e+02,8.922429999999999950e+01,2.098161999999999860e+00,9.428076000000000789e+00
1.355000000000000000e+02,9.024857999999998981e+01,1.869613999999999887e+00,1.098511266666666764e+01
1.455000000000000000e+02,8.985283999999998628e+01,1.643571000000000115e+00,1.266111333333333278e+01
1.555000000000000000e+02,9.015569999999999595e+01,1.615082999999999824e+00,1.446574333333333229e+01
1.655000000000000000e+02,9.059857000000000937e+01,1.657654000000000183e+00,1.640227666666666906e+01
1.755000000000000000e+02,9.089430999999999017e+01,1.280296199999999995e+00,1.846361333333333477e+01
1.855000000000000000e+02,9.096999999999999886e+01,1.272480999999999973e+00,2.065091333333333523e+01
1.955000000000000000e+02,9.071855999999999653e+01,1.278412299999999835e+00,2.296298999999999779e+01
2.055000000000000000e+02,9.080286000000000968e+01,1.494414000000000131e+00,2.539492333333333463e+01
2.155000000000000000e+02,9.097571000000000652e+01,1.047600400000000098e+00,2.794938333333333702e+01
2.255000000000000000e+02,9.085998999999999626e+01,1.146486299999999847e+00,3.062492666666667063e+01
2.355000000000000000e+02,9.076286000000000342e+01,1.043014499999999956e+00,3.341302000000001016e+01
2.455000000000000000e+02,9.075142999999999915e+01,1.130840099999999904e+00,3.631901333333333781e+01
2.555000000000000000e+02,9.076713999999999771e+01,1.037336099999999872e+00,3.934588333333333310e+01
2.655000000000000000e+02,9.048713999999999658e+01,7.701609000000000371e-01,4.248270000000000124e+01
2.755000000000000000e+02,9.040427999999999997e+01,9.134717999999999449e-01,4.573171999999999571e+01
2.855000000000000000e+02,9.056857999999999720e+01,8.760419999999999874e-01,4.909170333333334213e+01
2.955000000000000000e+02,9.021572000000000457e+01,8.833703999999998890e-01,5.257023666666666628e+01
3.055000000000000000e+02,9.057428999999999064e+01,8.794831000000000731e-01,5.616826666666666057e+01
3.155000000000000000e+02,9.066287000000001228e+01,9.279705000000001425e-01,5.987888666666666637e+01
3.255000000000000000e+02,9.059570999999998264e+01,7.991417000000000659e-01,6.370071666666666488e+01
3.355000000000000000e+02,9.072855999999998744e+01,8.442380999999998803e-01,6.763963333333333594e+01
3.455000000000000000e+02,9.065572000000000230e+01,9.041539999999999022e-01,7.170119666666666092e+01
3.555000000000000000e+02,9.073570999999999742e+01,9.429946000000001272e-01,7.589556333333332816e+01
3.655000000000000000e+02,9.062144000000000688e+01,8.545226999999998574e-01,8.021874000000001104e+01
3.755000000000000000e+02,9.063715000000000543e+01,9.451148999999998690e-01,8.467373333333333107e+01
3.855000000000000000e+02,9.070998999999999057e+01,8.646141999999998884e-01,8.925287000000000148e+01
3.955000000000000000e+02,9.072999999999998977e+01,9.282233999999999208e-01,9.395751333333335253e+01
4.055000000000000000e+02,9.067428999999999917e+01,9.637954000000000798e-01,9.879436666666666156e+01
4.155000000000000000e+02,9.061714000000000624e+01,9.073513999999999191e-01,1.037621133333333319e+02
4.255000000000000000e+02,9.052144000000001256e+01,9.387173000000000878e-01,1.088673333333333346e+02
4.355000000000000000e+02,9.051142000000000110e+01,8.273816999999998867e-01,1.141169000000000153e+02
4.455000000000000000e+02,9.064856999999999232e+01,9.487511999999999057e-01,1.195038333333333469e+02
4.555000000000000000e+02,9.069857000000000369e+01,8.983950000000000546e-01,1.250267000000000053e+02
4.655000000000000000e+02,9.052571000000000367e+01,9.807504999999998585e-01,1.306851333333333400e+02
4.755000000000000000e+02,9.061143000000001280e+01,9.012970999999998511e-01,1.364757999999999925e+02
4.855000000000000000e+02,9.055427999999999145e+01,8.841917000000000249e-01,1.424015333333333615e+02
4.955000000000000000e+02,9.058001000000000147e+01,9.151427999999999230e-01,1.484658000000000015e+02
5.055000000000000000e+02,9.043571000000000026e+01,9.054482000000000363e-01,1.546736999999999966e+02
5.155000000000000000e+02,9.051571999999998752e+01,8.801109000000000293e-01,1.610192999999999870e+02
5.255000000000000000e+02,9.062284999999999968e+01,8.320342000000000571e-01,1.675017666666666685e+02
5.355000000000000000e+02,9.048571000000001163e+01,8.279900000000000038e-01,1.741201666666666767e+02
5.455000000000000000e+02,9.045857000000000880e+01,8.465555000000000163e-01,1.808765666666666618e+02
5.555000000000000000e+02,9.047713999999999146e+01,8.362870000000001136e-01,1.877619333333333032e+02
5.655000000000000000e+02,9.058285000000000764e+01,8.243221000000000576e-01,1.947751666666666495e+02
5.755000000000000000e+02,9.058142000000000849e+01,8.142611000000000709e-01,2.019157333333333213e+02
5.855000000000000000e+02,9.052143999999999835e+01,8.006499000000000255e-01,2.091884333333333359e+02
5.955000000000000000e+02,9.039144000000001711e+01,7.890202000000001714e-01,2.165899333333333345e+02
6.055000000000000000e+02,9.035857000000000028e+01,7.664231000000001348e-01,2.241619999999999777e+02
6.155000000000000000e+02,9.039428999999999803e+01,7.658166999999999058e-01,2.319046666666666567e+02
6.255000000000000000e+02,9.022427999999999315e+01,7.585813000000000139e-01,2.397824333333333584e+02
6.355000000000000000e+02,9.025142999999998494e+01,7.688162000000000607e-01,2.477855000000000132e+02
6.455000000000000000e+02,9.039714999999998213e+01,7.614805000000000046e-01,2.559078333333333433e+02
6.555000000000000000e+02,9.001284999999998604e+01,7.395321999999999729e-01,2.641536666666666520e+02
6.655000000000000000e+02,9.028999999999999204e+01,7.230122000000001048e-01,2.725302333333332854e+02
6.755000000000000000e+02,9.016142999999999574e+01,7.169783000000001794e-01,2.810360333333333074e+02
6.855000000000000000e+02,9.004000000000000625e+01,7.305371999999999977e-01,2.896673333333333176e+02
6.955000000000000000e+02,9.005427999999999145e+01,7.198781999999999126e-01,2.984210333333332983e+02
7.055000000000000000e+02,9.014428999999999803e+01,7.076573000000000446e-01,3.072941999999999894e+02
7.155000000000000000e+02,9.021569999999999823e+01,7.265721999999998904e-01,3.162876666666666097e+02
7.255000000000000000e+02,9.004715000000001623e+01,6.994615000000000693e-01,3.254069333333333134e+02
7.355000000000000000e+02,9.002998999999999796e+01,6.956061000000001160e-01,3.346621333333333723e+02
7.455000000000000000e+02,9.018285999999999092e+01,7.100239999999999885e-01,3.440486333333332709e+02
7.555000000000000000e+02,9.022999000000001502e+01,6.792667000000000010e-01,3.535525666666666211e+02
7.655000000000000000e+02,9.036285000000000878e+01,6.894228000000000023e-01,3.631677000000000248e+02
7.755000000000000000e+02,9.035857999999998924e+01,7.036039000000000598e-01,3.729000333333333401e+02
7.855000000000000000e+02,9.030856000000001416e+01,6.785968000000000000e-01,3.827604333333333102e+02
7.955000000000000000e+02,9.006428999999999974e+01,6.604233999999999938e-01,3.927491666666666674e+02
8.055000000000000000e+02,9.012855999999999312e+01,6.575020999999999782e-01,4.028724000000000274e+02
8.155000000000000000e+02,9.019285999999999603e+01,7.091558000000001138e-01,4.131298333333332948e+02
8.255000000000000000e+02,9.014714999999999634e+01,6.851933000000000051e-01,4.235151333333333241e+02
8.355000000000000000e+02,9.001856999999999687e+01,6.566001000000000198e-01,4.340183999999999287e+02
8.455000000000000000e+02,8.996999999999999886e+01,6.591015000000000068e-01,4.446429666666666662e+02
8.555000000000000000e+02,9.016711999999999705e+01,6.681498999999999633e-01,4.553922666666666146e+02
8.655000000000000000e+02,9.013998999999999739e+01,6.505934999999999357e-01,4.662633999999999901e+02
8.755000000000000000e+02,9.015858000000000061e+01,6.065656000000000381e-01,4.772596999999999525e+02
8.855000000000000000e+02,9.002141000000000304e+01,6.856870999999999938e-01,4.883849333333332652e+02
8.955000000000000000e+02,9.003287000000001683e+01,6.366425000000000001e-01,4.996388000000000034e+02
9.055000000000000000e+02,9.009715000000001339e+01,6.738378999999998786e-01,5.110222666666666669e+02
9.155000000000000000e+02,9.010287000000001001e+01,6.921253000000000544e-01,5.225318999999999505e+02
9.255000000000000000e+02,9.009141999999999939e+01,6.177304999999999602e-01,5.341638999999998987e+02
9.355000000000000000e+02,9.022001999999999100e+01,6.180509000000000697e-01,5.459122666666665964e+02
9.455000000000000000e+02,9.012143000000000370e+01,6.640813999999999329e-01,5.577743666666666513e+02
9.555000000000000000e+02,9.014856000000000336e+01,6.308481999999999701e-01,5.697593999999999141e+02
9.655000000000000000e+02,9.013284999999999059e+01,6.545638999999999763e-01,5.818703000000000429e+02
9.755000000000000000e+02,9.022142999999999802e+01,6.486539999999999528e-01,5.940984333333333325e+02
9.855000000000000000e+02,9.018570000000001130e+01,6.924943000000001181e-01,6.064402666666666164e+02
9.955000000000000000e+02,9.015715000000000146e+01,6.925118999999999581e-01,6.188951999999999316e+02
1.005500000000000000e+03,9.012856000000000734e+01,6.995584999999999720e-01,6.314687000000000126e+02
1.015500000000000000e+03,9.014144000000000290e+01,6.726859000000000588e-01,6.441484333333334007e+02
1.025500000000000000e+03,9.021998999999999569e+01,6.724015999999999327e-01,6.569408000000000811e+02
1.035500000000000000e+03,9.013427000000001499e+01,6.414877999999999414e-01,6.698572666666666464e+02
1.045500000000000000e+03,9.027286000000000854e+01,6.614466999999999430e-01,6.828926000000000158e+02
1.055500000000000000e+03,9.016714000000000340e+01,6.548216000000000037e-01,6.960434000000000196e+02
1.065500000000000000e+03,9.013284000000000162e+01,6.624331000000001080e-01,7.092950333333334356e+02
1.075500000000000000e+03,9.013572999999999524e+01,6.639832999999999430e-01,7.226483333333333121e+02
1.085500000000000000e+03,8.998571000000001163e+01,6.639802000000001314e-01,7.361023000000000138e+02
1.095500000000000000e+03,9.022857999999999379e+01,6.740479999999999805e-01,7.496529000000000451e+02
1.105500000000000000e+03,9.009430000000000405e+01,6.333128999999999564e-01,7.633354333333334125e+02
1.115500000000000000e+03,9.017427999999999599e+01,6.201684000000000641e-01,7.771422000000000025e+02
1.125500000000000000e+03,9.007570000000001187e+01,6.415737000000000245e-01,7.910579666666668572e+02
1.135500000000000000e+03,8.995853999999999928e+01,6.217321999999999571e-01,8.050757666666665955e+02
1.145500000000000000e+03,9.010857000000001449e+01,6.095941999999999750e-01,8.192068333333332930e+02
1.155500000000000000e+03,9.002714000000000283e+01,6.037624999999999797e-01,8.334594333333332088e+02
1.165500000000000000e+03,8.994998999999999967e+01,5.981563000000000851e-01,8.478375666666667030e+02
1.175500000000000000e+03,9.007284999999998831e+01,6.086579999999999213e-01,8.623398999999999432e+02
1.185500000000000000e+03,9.001714000000001192e+01,6.078599000000000085e-01,8.769633999999998650e+02
1.195500000000000000e+03,9.006427999999999656e+01,5.904099999999999904e-01,8.917101999999998725e+02
1.205500000000000000e+03,8.986854999999999905e+01,6.046745999999999510e-01,9.065970333333334565e+02
1.215500000000000000e+03,9.004143000000000541e+01,6.131777000000000477e-01,9.216224333333333334e+02
1.225500000000000000e+03,8.999000000000000909e+01,5.935500000000000220e-01,9.367782666666665818e+02
1.235500000000000000e+03,9.000000000000000000e+01,5.828902999999999723e-01,9.520551333333332877e+02
1.245500000000000000e+03,8.992569999999999197e+01,5.933903999999999845e-01,9.674480999999999540e+02
1.255500000000000000e+03,8.992285999999998580e+01,5.902379000000000930e-01,9.829666333333334478e+02
1.265500000000000000e+03,8.998855999999997834e+01,5.745321999999999374e-01,9.986038666666667041e+02
1.275500000000000000e+03,8.988428999999999292e+01,5.792021999999998894e-01,1.014359533333333502e+03
1.285500000000000000e+03,8.991429000000000826e+01,5.626531000000000171e-01,1.030231933333333245e+03
1.295500000000000000e+03,8.995570000000000732e+01,5.644212000000001783e-01,1.046220666666666830e+03
1.305500000000000000e+03,9.004573999999999501e+01,5.656719999999999526e-01,1.062333333333333258e+03
1.315500000000000000e+03,9.008858000000000743e+01,5.696151000000000408e-01,1.078576000000000022e+03
1.325500000000000000e+03,9.005429000000000883e+01,5.684487999999999763e-01,1.094949333333333243e+03
1.335500000000000000e+03,8.990427999999999997e+01,5.494780000000000220e-01,1.111455999999999904e+03
1.345500000000000000e+03,8.995286000000000115e+01,5.529531000000000862e-01,1.128085333333333438e+03
1.355500000000000000e+03,9.001572000000000173e+01,5.445138999999999951e-01,1.144829000000000178e+03
1.365500000000000000e+03,8.989144999999999186e+01,5.492731999999999060e-01,1.161687666666666701e+03
1.375500000000000000e+03,9.020428000000001134e+01,5.511664000000000563e-01,1.178660666666666657e+03
1.385500000000000000e+03,9.013857000000000141e+01,5.453691000000000511e-01,1.195749666666666826e+03
1.395500000000000000e+03,8.994570000000001642e+01,5.407693999999999557e-01,1.212964000000000169e+03
1.405500000000000000e+03,8.994428999999999519e+01,5.355347999999999775e-01,1.230320000000000164e+03
1.415500000000000000e+03,8.994858000000000686e+01,5.383776000000000117e-01,1.247798333333333403e+03
1.425500000000000000e+03,9.002571000000001789e+01,5.298090999999999218e-01,1.265404333333333398e+03
1.435500000000000000e+03,9.012142000000000053e+01,5.426159999999999872e-01,1.283147000000000162e+03
1.445500000000000000e+03,9.001142000000001531e+01,5.318919999999999204e-01,1.301002333333333354e+03
1.455500000000000000e+03,9.003857000000000710e+01,5.237323000000000395e-01,1.318971000000000004e+03
1.465500000000000000e+03,9.008143000000001166e+01,5.235122000000000941e-01,1.337054333333333261e+03
1.475500000000000000e+03,9.005716000000001031e+01,5.242938999999999794e-01,1.355259333333333188e+03
1.485500000000000000e+03,9.010858000000000345e+01,5.238872000000001083e-01,1.373593333333333248e+03
1.495500000000000000e+03,9.002571000000000367e+01,5.096748000000000944e-01,1.392052333333333308e+03
1.505500000000000000e+03,8.997857000000000482e+01,5.054001999999999661e-01,1.410626999999999953e+03
1.515500000000000000e+03,9.003999999999999204e+01,5.104799000000000975e-01,1.429324333333333470e+03
1.525500000000000000e+03,8.996000000000000796e+01,5.078337999999998909e-01,1.448151666666666642e+03
1.535500000000000000e+03,8.995999000000001899e+01,5.051841999999999722e-01,1.467107000000000198e+03
1.545500000000000000e+03,8.993570000000001130e+01,5.055970000000000741e-01,1.486193999999999960e+03
1.555500000000000000e+03,8.994285999999999603e+01,5.101552999999998672e-01,1.505417333333333318e+03
1.565500000000000000e+03,8.979715999999999099e+01,5.091119999999998980e-01,1.524770999999999958e+03
1.575500000000000000e+03,9.001856999999999687e+01,4.977523999999999837e-01,1.544250333333333174e+03
1.585500000000000000e+03,9.001998000000000388e+01,4.975750999999999924e-01,1.563849333333333334e+03
1.595500000000000000e+03,8.980999999999998806e+01,5.054838000000000386e-01,1.583573333333333267e+03
1.605500000000000000e+03,8.980284999999999229e+01,4.992546999999999957e-01,1.603425333333333583e+03
1.615500000000000000e+03,8.981428999999999974e+01,5.258549000000000140e-01,1.623403666666666822e+03
1.625500000000000000e+03,8.983284999999999343e+01,4.907472000000000500e-01,1.643511999999999944e+03
1.635500000000000000e+03,8.992000999999999067e+01,5.006120000000000569e-01,1.663748999999999796e+03
1.645500000000000000e+03,8.985284999999998945e+01,5.073819000000000523e-01,1.684097666666666555e+03
1.655500000000000000e+03,8.977857000000001619e+01,5.035986999999999547e-01,1.704557666666666819e+03
1.665500000000000000e+03,8.982714999999998895e+01,5.054325000000000623e-01,1.725129000000000133e+03
1.675500000000000000e+03,8.992569999999999197e+01,5.082723000000000102e-01,1.745816999999999780e+03
1.685500000000000000e+03,8.975284999999999513e+01,4.968552999999999997e-01,1.766639333333333298e+03
1.695500000000000000e+03,8.984857000000000937e+01,4.949716999999999589e-01,1.787587666666666792e+03
1.705500000000000000e+03,8.977714999999999179e+01,4.890826000000000340e-01,1.808661333333333005e+03
1.715500000000000000e+03,8.976714999999998668e+01,5.192193999999999976e-01,1.829845666666666602e+03
1.725500000000000000e+03,8.981142999999998722e+01,4.989841000000000415e-01,1.851130333333333283e+03
1.735500000000000000e+03,8.978999999999999204e+01,5.119968000000000297e-01,1.872522666666666964e+03
1.745500000000000000e+03,8.975141999999999598e+01,4.991115999999999886e-01,1.894042333333333318e+03
1.755500000000000000e+03,8.980571999999999377e+01,4.772394000000000358e-01,1.915697666666666464e+03
1.765500000000000000e+03,8.974857999999998981e+01,4.991931000000001117e-01,1.937480666666666821e+03
1.775500000000000000e+03,8.973715000000001396e+01,4.939992000000000272e-01,1.959403333333333194e+03
1.785500000000000000e+03,8.979427999999998633e+01,5.031965000000000465e-01,1.981459000000000287e+03
1.795500000000000000e+03,8.975287000000000148e+01,4.873387000000000135e-01,2.003644999999999982e+03
1.805500000000000000e+03,8.976998000000000388e+01,4.967245999999999606e-01,2.025953666666666777e+03
1.815500000000000000e+03,8.976572000000000173e+01,5.203203000000000689e-01,2.048382333333333463e+03
1.825500000000000000e+03,8.972141000000000588e+01,5.053243999999998959e-01,2.070932999999999993e+03
1.835500000000000000e+03,8.988286000000000797e+01,4.924176000000000109e-01,2.093601999999999862e+03
1.845500000000000000e+03,8.984713000000000704e+01,5.225541999999999687e-01,2.116384999999999764e+03
1.855500000000000000e+03,8.989856999999999232e+01,5.249039999999999262e-01,2.139280999999999949e+03
1.865500000000000000e+03,8.980998000000001014e+01,5.120012999999999925e-01,2.162286000000000058e+03
1.875500000000000000e+03,8.977285000000001958e+01,5.079390000000000294e-01,2.185394666666667035e+03
1.885500000000000000e+03,8.980572000000000799e+01,4.773212999999999484e-01,2.208616999999999734e+03
1.895500000000000000e+03,8.987427999999999884e+01,5.317595999999999989e-01,2.231961666666666588e+03
1.905500000000000000e+03,8.971569000000002347e+01,5.007197000000001008e-01,2.255428333333333740e+03
1.915500000000000000e+03,8.976714999999998668e+01,5.093589000000000588e-01,2.279016000000000531e+03
1.925500000000000000e+03,8.983428999999998155e+01,5.194299999999999473e-01,2.302723999999999251e+03
1.935500000000000000e+03,8.980427999999999145e+01,4.949499000000000537e-01,2.326552000000000135e+03
1.945500000000000000e+03,8.984999000000000535e+01,5.184168999999999583e-01,2.350496000000000095e+03
1.955500000000000000e+03,8.980999999999998806e+01,5.156762999999999764e-01,2.374557999999999993e+03
1.965500000000000000e+03,8.982143999999999551e+01,5.242405999999999455e-01,2.398728000000000065e+03
1.975500000000000000e+03,8.982000999999999635e+01,5.126577999999999413e-01,2.423003999999999905e+03
1.985500000000000000e+03,8.983572000000000912e+01,5.242396999999999752e-01,2.447411000000000513e+03
1.995500000000000000e+03,8.987572000000000116e+01,5.370715999999999823e-01,2.471948000000000320e+03
2.005500000000000000e+03,8.979858000000000118e+01,5.138002000000000402e-01,2.496610333333333074e+03
2.015500000000000000e+03,8.982001999999999953e+01,5.156450999999999674e-01,2.521387999999999920e+03
2.025500000000000000e+03,8.986571999999999605e+01,5.173240000000001171e-01,2.546309333333333598e+03
2.035500000000000000e+03,8.990999999999999659e+01,5.204497000000000151e-01,2.571366666666666788e+03
2.045500000000000000e+03,8.984429000000000087e+01,5.257654999999999967e-01,2.596552000000000135e+03
2.055500000000000000e+03,8.986427999999999372e+01,4.996893000000001139e-01,2.621842666666666446e+03
2.065500000000000000e+03,8.992143000000000086e+01,5.130708999999999964e-01,2.647249666666666599e+03
2.075500000000000000e+03,8.993714000000002784e+01,5.177791000000000476e-01,2.672774666666666690e+03
2.085500000000000000e+03,8.992855999999999028e+01,5.187155999999999434e-01,2.698419333333333725e+03
2.095500000000000000e+03,8.985284999999998945e+01,5.087644000000000055e-01,2.724177666666666028e+03
2.105500000000000000e+03,8.992287000000000319e+01,5.191814999999999625e-01,2.750042000000000371e+03
2.115500000000000000e+03,9.003570999999999458e+01,5.113647000000000054e-01,2.776008000000000266e+03
2.125500000000000000e+03,8.995572000000001367e+01,5.196361000000000452e-01,2.802086666666667043e+03
2.135500000000000000e+03,8.999428000000000338e+01,5.041509000000000684e-01,2.828279999999999745e+03
2.145500000000000000e+03,8.998427999999999827e+01,5.037977999999998513e-01,2.854581000000000586e+03
2.155500000000000000e+03,8.999713000000001273e+01,5.114094000000000140e-01,2.881007666666666864e+03
2.165500000000000000e+03,9.007286000000000570e+01,5.128056999999999199e-01,2.907555999999999585e+03
2.175500000000000000e+03,9.000856999999999175e+01,5.100316000000000294e-01,2.934231333333333623e+03
2.185500000000000000e+03,9.000287000000000148e+01,5.143579999999999819e-01,2.961030999999999949e+03
2.195500000000000000e+03,9.001856999999999687e+01,5.094271999999999689e-01,2.987941000000000258e+03
2.205500000000000000e+03,8.998000999999999294e+01,5.077452000000000076e-01,3.014959000000000287e+03
2.215500000000000000e+03,8.999857000000000085e+01,5.135072999999999999e-01,3.042083333333333485e+03
2.225500000000000000e+03,8.999285999999999319e+01,5.086192000000000490e-01,3.069324999999999818e+03
2.235500000000000000e+03,9.001570999999999856e+01,5.076448000000000071e-01,3.096680999999999585e+03
2.245500000000000000e+03,8.998998000000001696e+01,5.035262000000000349e-01,3.124159999999999854e+03
2.255500000000000000e+03,8.998144000000000631e+01,5.068709000000000131e-01,3.151761666666666770e+03
2.265500000000000000e+03,9.014714000000000738e+01,5.023150999999999033e-01,3.179484999999999673e+03
2.275500000000000000e+03,9.010999999999999943e+01,5.022797999999999430e-01,3.207325666666666621e+03
2.285500000000000000e+03,9.004572999999999183e+01,5.000275000000000691e-01,3.235286333333333459e+03
2.295500000000000000e+03,9.001000999999999408e+01,5.006367999999999929e-01,3.263365000000000236e+03
2.305500000000000000e+03,9.008570999999999174e+01,4.967948999999999837e-01,3.291565333333333001e+03
2.315500000000000000e+03,9.009998999999999114e+01,4.967991999999999964e-01,3.319873666666666395e+03
2.325500000000000000e+03,9.009713000000000704e+01,4.963642000000000332e-01,3.348285999999999149e+03
2.335500000000000000e+03,9.011857000000000539e+01,4.936975999999999587e-01,3.376800666666666984e+03
2.345500000000000000e+03,9.018142999999999176e+01,4.948668999999999984e-01,3.405434666666666544e+03
2.355500000000000000e+03,9.011285000000000878e+01,4.954482000000000608e-01,3.434194333333332906e+03
2.365500000000000000e+03,9.013998999999998318e+01,4.913328000000000140e-01,3.463074333333333016e+03
2.375500000000000000e+03,9.011428999999999689e+01,4.916391999999999984e-01,3.492066666666667061e+03
2.385500000000000000e+03,9.009286000000000172e+01,4.887480999999999076e-01,3.521167666666666719e+03
2.395500000000000000e+03,9.011858000000000857e+01,4.937425000000000286e-01,3.550379666666666708e+03
2.405500000000000000e+03,9.015286000000000399e+01,4.917700999999999323e-01,3.579708666666666886e+03
2.415500000000000000e+03,9.015714999999998724e+01,4.888139000000000789e-01,3.609154666666666799e+03
2.425500000000000000e+03,9.015716000000000463e+01,4.876528000000000529e-01,3.638709333333333689e+03
2.435500000000000000e+03,9.014143000000001393e+01,4.886034999999999684e-01,3.668378333333333103e+03
2.445500000000000000e+03,9.020857000000002301e+01,4.857616000000000156e-01,3.698155666666667003e+03
2.455500000000000000e+03,9.021428999999999121e+01,4.828612999999999933e-01,3.728057000000000698e+03
2.465500000000000000e+03,9.021000999999999692e+01,4.845270999999999328e-01,3.758087000000000444e+03
2.475500000000000000e+03,9.019144000000000005e+01,4.879671000000000980e-01,3.788236666666666679e+03
2.485500000000000000e+03,9.017857000000000767e+01,4.861855000000000482e-01,3.818501666666667006e+03
2.495500000000000000e+03,9.025284999999999513e+01,4.810522000000000409e-01,3.848879666666666708e+03
2.505500000000000000e+03,9.021283999999999992e+01,4.816059000000000867e-01,3.879368666666666741e+03
2.515500000000000000e+03,9.024141999999999086e+01,4.878181000000000322e-01,3.909959000000000287e+03
2.525500000000000000e+03,9.018571000000000026e+01,4.800890999999999909e-01,3.940663999999999760e+03
2.535500000000000000e+03,9.018141999999998859e+01,4.836005999999999361e-01,3.971496000000000549e+03
2.545500000000000000e+03,9.021999000000000990e+01,4.828457999999999362e-01,4.002452333333333172e+03
2.555500000000000000e+03,9.018286000000000513e+01,4.818185999999999858e-01,4.033541000000000167e+03
2.565500000000000000e+03,9.022715999999999781e+01,4.796630999999999534e-01,4.064747333333333700e+03
2.575500000000000000e+03,9.020570000000000732e+01,4.778625999999999152e-01,4.096066000000000713e+03
2.585500000000000000e+03,9.018858000000000175e+01,4.778717000000000104e-01,4.127506666666667115e+03
2.595500000000000000e+03,9.021429000000000542e+01,4.787080999999999698e-01,4.159062333333333299e+03
2.605500000000000000e+03,9.019428999999999519e+01,4.767211999999999561e-01,4.190738666666666177e+03
2.615500000000000000e+03,9.025002000000000635e+01,4.773120999999999614e-01,4.222542666666666264e+03
2.625500000000000000e+03,9.019570999999999117e+01,4.770235999999999921e-01,4.254472333333333154e+03
2.635500000000000000e+03,9.019285999999999603e+01,4.776539999999999675e-01,4.286524000000000342e+03
2.645500000000000000e+03,9.021858000000000288e+01,4.772309999999999053e-01,4.318687000000000808e+03
2.655500000000000000e+03,9.019428999999999519e+01,4.759668999999999706e-01,4.350966333333332841e+03
2.665500000000000000e+03,9.020284999999998377e+01,4.768775000000000652e-01,4.383367000000000189e+03
2.675500000000000000e+03,9.026570999999999856e+01,4.712795000000000734e-01,4.415889000000000124e+03
2.685500000000000000e+03,9.029999000000000819e+01,4.722218999999999722e-01,4.448537333333333663e+03
2.695500000000000000e+03,9.024572000000000571e+01,4.716851000000000238e-01,4.481299000000000888e+03
2.705500000000000000e+03,9.027571000000000367e+01,4.733105000000000229e-01,4.514170000000000073e+03
2.715500000000000000e+03,9.024572000000000571e+01,4.749533000000000227e-01,4.547145333333333838e+03
2.725500000000000000e+03,9.026712999999999454e+01,4.693659000000000026e-01,4.580238000000000284e+03
2.735500000000000000e+03,9.029001999999999839e+01,4.708770000000000455e-01,4.613452666666666119e+03
2.745500000000000000e+03,9.033428999999999576e+01,4.704279000000000655e-01,4.646785000000000764e+03
2.755500000000000000e+03,9.033285999999999660e+01,4.708535000000000359e-01,4.680240333333334092e+03
2.765500000000000000e+03,9.031284999999999741e+01,4.702061999999999631e-01,4.713859000000000378e+03
2.775500000000000000e+03,9.032715000000000316e+01,4.664678999999999354e-01,4.747612999999999374e+03
2.785500000000000000e+03,9.029429999999999268e+01,4.675060999999999245e-01,4.781486000000000786e+03
2.795500000000000000e+03,9.033286000000001081e+01,4.641817999999999778e-01,4.815472999999999956e+03
2.805500000000000000e+03,9.031714999999999804e+01,4.644343000000000221e-01,4.849569333333332906e+03
2.815500000000000000e+03,9.034429000000000087e+01,4.623433999999999600e-01,4.883781000000000859e+03
2.825500000000000000e+03,9.038142000000000564e+01,4.626138000000000194e-01,4.918121000000000095e+03
2.835500000000000000e+03,9.037284999999999968e+01,4.599103000000000496e-01,4.952589333333333343e+03
2.845500000000000000e+03,9.036143999999998755e+01,4.634394999999999487e-01,4.987172000000000480e+03
2.855500000000000000e+03,9.033144000000001483e+01,4.606104000000000309e-01,5.021871666666667807e+03
2.865500000000000000e+03,9.034998000000000218e+01,4.583624000000000587e-01,5.056683333333333394e+03
2.875500000000000000e+03,9.036430000000000007e+01,4.631565999999999184e-01,5.091606999999999971e+03
2.885500000000000000e+03,9.033286999999998557e+01,4.582744000000000817e-01,5.126649000000000342e+03
2.895500000000000000e+03,9.036570999999999287e+01,4.579462999999999728e-01,5.161819333333333816e+03
2.905500000000000000e+03,9.038714999999999122e+01,4.582396000000000247e-01,5.197125333333333401e+03
2.915500000000000000e+03,9.035143000000000768e+01,4.582304000000000377e-01,5.232567999999999302e+03
2.925500000000000000e+03,9.034572000000000003e+01,4.536668000000000367e-01,5.268137666666667428e+03
2.935500000000000000e+03,9.034572000000000003e+01,4.492933000000000066e-01,5.303835000000000036e+03
2.945500000000000000e+03,9.036570000000001812e+01,4.530737000000000236e-01,5.339655333333333147e+03
2.955500000000000000e+03,9.035999999999999943e+01,4.500796000000000241e-01,5.375595333333333656e+03
2.965500000000000000e+03,9.033429000000000997e+01,4.515554999999999986e-01,5.411652666666666846e+03
2.975500000000000000e+03,9.029857000000001221e+01,4.491114999999999968e-01,5.447844333333333452e+03
2.985500000000000000e+03,9.033715000000000828e+01,4.489535000000000053e-01,5.484171333333332768e+03
2.995500000000000000e+03,9.034857999999999834e+01,4.448520999999999725e-01,5.520631666666666206e+03
3.005500000000000000e+03,9.035428999999999178e+01,4.510537000000000019e-01,5.557223000000000866e+03
3.015500000000000000e+03,9.033142000000000849e+01,4.460309000000000634e-01,5.593940333333333911e+03
3.025500000000000000e+03,9.031856000000000506e+01,4.478886000000000256e-01,5.630782999999999447e+03
3.035500000000000000e+03,9.035571000000000197e+01,4.408640000000000336e-01,5.667751666666666097e+03
3.045500000000000000e+03,9.032426999999998429e+01,4.447052000000000227e-01,5.704844000000000051e+03
3.055500000000000000e+03,9.030715999999998189e+01,4.430962999999999985e-01,5.742070999999999913e+03
3.065500000000000000e+03,9.036286999999998670e+01,4.431607999999999659e-01,5.779432333333333190e+03
3.075500000000000000e+03,9.033144000000000062e+01,4.455136000000000651e-01,5.816924333333334289e+03
3.085500000000000000e+03,9.035428000000000281e+01,4.435088999999999837e-01,5.854541999999999462e+03
3.095500000000000000e+03,9.033714999999999407e+01,4.446789999999999909e-01,5.892286333333332550e+03
3.105500000000000000e+03,9.028855999999998971e+01,4.474723999999999924e-01,5.930155666666667457e+03
3.115500000000000000e+03,9.027999999999998693e+01,4.458334999999999937e-01,5.968153000000000247e+03
3.125500000000000000e+03,9.029857000000001221e+01,4.402036000000000837e-01,6.006278333333333649e+03
3.135500000000000000e+03,9.027286000000000854e+01,4.422727000000000186e-01,6.044531000000000859e+03
3.145500000000000000e+03,9.029285000000000139e+01,4.412862000000000728e-01,6.082908333333333758e+03
3.155500000000000000e+03,9.031000000000000227e+01,4.369367999999999586e-01,6.121412333333332754e+03
3.165500000000000000e+03,9.033571999999999491e+01,4.381917999999999647e-01,6.160036999999999352e+03
3.175500000000000000e+03,9.032569999999999766e+01,4.384051999999999394e-01,6.198785666666666657e+03
3.185500000000000000e+03,9.029857999999998697e+01,4.430227999999999389e-01,6.237658333333333758e+03
3.195500000000000000e+03,9.034856000000000620e+01,4.439694000000000140e-01,6.276653666666667050e+03
3.205500000000000000e+03,9.035286000000000683e+01,4.380481999999999987e-01,6.315794333333333270e+03
3.215500000000000000e+03,9.036287000000000091e+01,4.414361999999999453e-01,6.355068666666667013e+03
3.225500000000000000e+03,9.031001000000000545e+01,4.367202000000000028e-01,6.394463666666667450e+03
3.235500000000000000e+03,9.037573000000000434e+01,4.387786000000000186e-01,6.433980333333333874e+03
3.245500000000000000e+03,9.030286999999998443e+01,4.479459000000000080e-01,6.473615999999999985e+03
3.255500000000000000e+03,9.034715000000001339e+01,4.422665000000000068e-01,6.513366666666665878e+03
3.265500000000000000e+03,9.033144999999998959e+01,4.418197000000000374e-01,6.553233666666666068e+03
3.275500000000000000e+03,9.030857000000000312e+01,4.443216999999999861e-01,6.593251333333333605e+03
3.285500000000000000e+03,9.032571999999998980e+01,4.400943999999998857e-01,6.633415666666667676e+03
3.295500000000000000e+03,9.031143999999999039e+01,4.491346999999999423e-01,6.673708000000000538e+03
3.305500000000000000e+03,9.029857000000001221e+01,4.414111000000000007e-01,6.714123333333333903e+03
3.315500000000000000e+03,9.030428000000001987e+01,4.389464999999999617e-01,6.754657000000001062e+03
3.325500000000000000e+03,9.033429000000000997e+01,4.471846000000000987e-01,6.795306666666666388e+03
3.335500000000000000e+03,9.029856999999999800e+01,4.451519000000000448e-01,6.836077999999999520e+03
3.345500000000000000e+03,9.032429000000000485e+01,4.307743000000000544e-01,6.876962333333333845e+03
3.355500000000000000e+03,9.029999000000000819e+01,4.382868000000000319e-01,6.917965666666666039e+03
3.365500000000000000e+03,9.031286000000000058e+01,4.290724000000000204e-01,6.959083999999999833e+03
3.375500000000000000e+03,9.035427000000001385e+01,4.436797999999999575e-01,7.000327000000000226e+03
3.385500000000000000e+03,9.034000000000000341e+01,4.480997000000000452e-01,7.041680666666667094e+03
3.395500000000000000e+03,9.033144000000000062e+01,4.428372999999999893e-01,7.083144333333334544e+03
3.405500000000000000e+03,9.034141999999999939e+01,4.412370999999999377e-01,7.124724666666666963e+03
3.415500000000000000e+03,9.031426999999999339e+01,4.293248000000000064e-01,7.166421999999998661e+03
3.425500000000000000e+03,9.032428000000000168e+01,4.460057000000000604e-01,7.208237666666667792e+03
3.435500000000000000e+03,9.033142000000000849e+01,4.442455000000000709e-01,7.250179333333333489e+03
3.445500000000000000e+03,9.030570000000000164e+01,4.558374000000000592e-01,7.292243333333333794e+03
3.455500000000000000e+03,9.029571000000001391e+01,4.638835000000000042e-01,7.334425333333334493e+03
3.465500000000000000e+03,9.034000000000000341e+01,4.310918000000000250e-01,7.376721333333332950e+03
3.475500000000000000e+03,9.034570999999998264e+01,4.571711999999999998e-01,7.419134666666666817e+03
3.485500000000000000e+03,9.033570999999999174e+01,4.399835000000000274e-01,7.461670333333333474e+03
3.495500000000000000e+03,9.035429999999999495e+01,4.309808000000000527e-01,7.504327666666667028e+03
3.505500000000000000e+03,9.032572000000001822e+01,4.292320000000000024e-01,7.547111333333334187e+03
3.515500000000000000e+03,9.033428000000000679e+01,4.428669000000000078e-01,7.590021999999999935e+03
3.525500000000000000e+03,9.034714000000001022e+01,4.434405000000000707e-01,7.633065999999998894e+03
3.535500000000000000e+03,9.029426999999998316e+01,4.443728000000000122e-01,7.676232666666665864e+03
3.545500000000000000e+03,9.033999000000000024e+01,4.384044999999999748e-01,7.719521999999999935e+03
3.555500000000000000e+03,9.032284999999998831e+01,4.357687999999999562e-01,7.762930000000002110e+03
3.565500000000000000e+03,9.033714000000000510e+01,4.321766999999999692e-01,7.806450000000001637e+03
3.575500000000000000e+03,9.031143000000000143e+01,4.487457000000000251e-01,7.850086000000000240e+03
3.585500000000000000e+03,9.033285000000000764e+01,4.270842000000000249e-01,7.893844666666666853e+03
3.595500000000000000e+03,9.034286000000000172e+01,4.404760000000000342e-01,7.937733000000000175e+03
3.605500000000000000e+03,9.031428999999999974e+01,4.337504999999999278e-01,7.981744999999999891e+03
3.615500000000000000e+03,9.032141000000000020e+01,4.404277999999999804e-01,8.025878333333334012e+03
3.625500000000000000e+03,9.035285999999999262e+01,4.423510000000000497e-01,8.070130000000000109e+03
3.635500000000000000e+03,9.036286000000001195e+01,4.311634999999999773e-01,8.114501666666666097e+03
3.645500000000000000e+03,9.035715000000001851e+01,4.391578999999999899e-01,8.158995999999999185e+03
3.655500000000000000e+03,9.035569999999999879e+01,4.244929000000000063e-01,8.203614999999999782e+03
3.665500000000000000e+03,9.033857000000000426e+01,4.295908999999999978e-01,8.248356666666668389e+03
3.675500000000000000e+03,9.033714000000000510e+01,4.331070000000000197e-01,8.293219999999999345e+03
3.685500000000000000e+03,9.036428000000000793e+01,4.420724999999999794e-01,8.338207666666667137e+03
3.695500000000000000e+03,9.036569999999997549e+01,4.429581000000000768e-01,8.383314666666668927e+03
3.705500000000000000e+03,9.034143000000001678e+01,4.443927000000000294e-01,8.428539999999999054e+03
3.715500000000000000e+03,9.034428000000001191e+01,4.238271000000000122e-01,8.473899333333332834e+03
3.725500000000000000e+03,9.035141999999999030e+01,4.324964000000000586e-01,8.519382000000001426e+03
3.735500000000000000e+03,9.039999999999999147e+01,4.280012999999999179e-01,8.564989999999999782e+03
3.745500000000000000e+03,9.034427999999999770e+01,4.230587000000000097e-01,8.610726333333333969e+03
3.755500000000000000e+03,9.037999999999999545e+01,4.283424000000000120e-01,8.656591666666665333e+03
3.765500000000000000e+03,9.036427999999999372e+01,4.199631999999999254e-01,8.702581666666666933e+03
3.775500000000000000e+03,9.037856999999999630e+01,4.249954999999999705e-01,8.748698666666667123e+03
3.785500000000000000e+03,9.038857000000001563e+01,4.315988000000000047e-01,8.794941999999999098e+03
3.795500000000000000e+03,9.036999000000000137e+01,4.300008000000000163e-01,8.841305000000002110e+03
3.805500000000000000e+03,9.035142000000001872e+01,4.379384000000000610e-01,8.887797333333333881e+03
3.815500000000000000e+03,9.038856000000001245e+01,4.306462000000000900e-01,8.934421333333333678e+03
3.825500000000000000e+03,9.036711999999999989e+01,4.396518000000000370e-01,8.981176666666666279e+03
3.835500000000000000e+03,9.038426999999998657e+01,4.404208000000000567e-01,9.028065333333333911e+03
3.845500000000000000e+03,9.036999000000000137e+01,4.211333999999999911e-01,9.075079666666666526e+03
3.855500000000000000e+03,9.035856000000001131e+01,4.440098000000000100e-01,9.122221333333332950e+03
3.865500000000000000e+03,9.037855999999999312e+01,4.357059999999999822e-01,9.169485000000000582e+03
3.875500000000000000e+03,9.037999999999999545e+01,4.382511000000000045e-01,9.216875666666668621e+03
3.885500000000000000e+03,9.037856999999999630e+01,4.204198000000000102e-01,9.264400666666666439e+03
3.895500000000000000e+03,9.039284999999999570e+01,4.321673000000000320e-01,9.312056333333332077e+03
3.905500000000000000e+03,9.040142999999999063e+01,4.479841999999999436e-01,9.359842000000000553e+03
3.915500000000000000e+03,9.041571999999999321e+01,4.391010999999999664e-01,9.407747999999999593e+03
3.925500000000000000e+03,9.041427999999999088e+01,4.328427000000000247e-01,9.455776666666666642e+03
3.935500000000000000e+03,9.041285999999999490e+01,4.252128000000000019e-01,9.503932333333334100e+03
3.945500000000000000e+03,9.037857999999998526e+01,4.315628999999999715e-01,9.552216000000000349e+03
3.955500000000000000e+03,9.038427999999998974e+01,4.358350999999999753e-01,9.600635333333331801e+03
3.965500000000000000e+03,9.042713999999999430e+01,4.178713999999999484e-01,9.649187666666664882e+03
3.975500000000000000e+03,9.042143000000000086e+01,4.411675000000000457e-01,9.697868333333333794e+03
3.985500000000000000e+03,9.039570999999999401e+01,4.404774000000000744e-01,9.746680666666667094e+03
3.995500000000000000e+03,9.040855999999999426e+01,4.340914000000000716e-01,9.795607999999998356e+03
4.005500000000000000e+03,9.043856999999999857e+01,4.297596999999999667e-01,9.844673666666665667e+03
4.015500000000000000e+03,9.041427999999999088e+01,4.396753999999999385e-01,9.893849666666665144e+03
4.025500000000000000e+03,9.042857000000000767e+01,4.284622000000000708e-01,9.943149666666668054e+03
4.035500000000000000e+03,9.044146000000000640e+01,4.122142000000000306e-01,9.992593666666667559e+03
4.045500000000000000e+03,9.040715000000000146e+01,4.346820000000000128e-01,1.004216966666666667e+04
4.055500000000000000e+03,9.044716000000001088e+01,4.198031999999999320e-01,1.009188033333333260e+04
4.065500000000000000e+03,9.043573999999998136e+01,4.194546000000000108e-01,1.014170966666666573e+04
4.075500000000000000e+03,9.042571000000000936e+01,4.143822000000000338e-01,1.019165833333333285e+04
4.085500000000000000e+03,9.043572000000000344e+01,4.315431000000000128e-01,1.024174033333333318e+04
4.095500000000000000e+03,9.043713999999999942e+01,4.429664999999999853e-01,1.029192999999999847e+04
4.105500000000000000e+03,9.043571000000000026e+01,4.195948000000000455e-01,1.034228000000000065e+04
4.115500000000000000e+03,9.042715000000001169e+01,4.447328999999999866e-01,1.039277999999999884e+04
4.125500000000000000e+03,9.043714000000001363e+01,4.417438999999999671e-01,1.044341666666666788e+04
4.135500000000000000e+03,9.044714999999999350e+01,4.237351999999999785e-01,1.049418999999999869e+04
4.145500000000000000e+03,9.043857999999998754e+01,4.323305999999999538e-01,1.054506999999999971e+04
4.155500000000000000e+03,9.043712999999999624e+01,4.268582000000000209e-01,1.059609999999999854e+04
4.165500000000000000e+03,9.045856000000000563e+01,4.207525000000000293e-01,1.064723666666666759e+04
4.175500000000000000e+03,9.044858000000000686e+01,4.188952000000000231e-01,1.069851333333333241e+04
4.185500000000000000e+03,9.043429000000000428e+01,4.286027000000000586e-01,1.074994666666666672e+04
4.195500000000000000e+03,9.042857999999999663e+01,4.250868999999999898e-01,1.080149666666666781e+04
4.205500000000000000e+03,9.046000000000000796e+01,4.247107999999999994e-01,1.085317666666666628e+04
4.215500000000000000e+03,9.045428000000001134e+01,4.342564999999999342e-01,1.090498666666666759e+04
4.225500000000000000e+03,9.044714000000000453e+01,4.241246999999999656e-01,1.095691333333333387e+04
4.235500000000000000e+03,9.043571999999998923e+01,4.211617000000000277e-01,1.100895666666666693e+04
4.245500000000000000e+03,9.044714999999999350e+01,4.181385000000000796e-01,1.106111333333333096e+04
4.255500000000000000e+03,9.045144999999999413e+01,4.250264000000000264e-01,1.111341333333333387e+04
4.265500000000000000e+03,9.045857000000000880e+01,4.179199999999999582e-01,1.116583333333333212e+04
4.275500000000000000e+03,9.044856000000000051e+01,4.250599000000000460e-01,1.121838333333333503e+04
4.285500000000000000e+03,9.045000999999999181e+01,4.235676000000000441e-01,1.127105999999999949e+04
4.295500000000000000e+03,9.045284999999999798e+01,4.333145999999999942e-01,1.132384000000000196e+04
4.305500000000000000e+03,9.045712999999999226e+01,4.332183000000000561e-01,1.137673333333333358e+04
4.315500000000000000e+03,9.044001000000000090e+01,4.315224999999999755e-01,1.142974333333333379e+04
4.325500000000000000e+03,9.046714000000000055e+01,4.176853999999999845e-01,1.148286999999999898e+04
4.335500000000000000e+03,9.046714000000000055e+01,4.317337999999999454e-01,1.153613000000000102e+04
4.345500000000000000e+03,9.045714999999999861e+01,4.216149999999999620e-01,1.158953333333333467e+04
4.355500000000000000e+03,9.046144000000001029e+01,4.159965999999999942e-01,1.164305666666666730e+04
4.365500000000000000e+03,9.044714000000001874e+01,4.405530999999999753e-01,1.169671000000000095e+04
4.375500000000000000e+03,9.043571000000000026e+01,4.344649999999999901e-01,1.175047666666666555e+04
4.385500000000000000e+03,9.045713999999999544e+01,4.291346999999999801e-01,1.180436999999999898e+04
4.395500000000000000e+03,9.047715000000000884e+01,4.233648999999999885e-01,1.185837666666666519e+04
4.405500000000000000e+03,9.047284000000000503e+01,4.320882000000000334e-01,1.191250000000000000e+04
4.415500000000000000e+03,9.045856999999999459e+01,4.325733999999999968e-01,1.196673999999999978e+04
4.425500000000000000e+03,9.045288000000000750e+01,4.298695999999999628e-01,1.202112000000000080e+04
4.435500000000000000e+03,9.045427999999999713e+01,4.340086999999999695e-01,1.207561666666666679e+04
4.445500000000000000e+03,9.046142999999999290e+01,4.316840000000000122e-01,1.213024999999999818e+04
4.455500000000000000e+03,9.047713999999999146e+01,4.294297000000000253e-01,1.218497999999999956e+04
4.465500000000000000e+03,9.042571999999999832e+01,4.361666999999999628e-01,1.223985000000000036e+04
4.475500000000000000e+03,9.047571000000000652e+01,4.224743000000000248e-01,1.229484666666666453e+04
4.485500000000000000e+03,9.045856000000000563e+01,4.332812999999999803e-01,1.234998666666666759e+04
4.495500000000000000e+03,9.045570999999998207e+01,4.433000999999999747e-01,1.240526666666666642e+04
4.505500000000000000e+03,9.045000000000000284e+01,4.331676999999999889e-01,1.246065666666666584e+04
4.515500000000000000e+03,9.045714999999998440e+01,4.352147000000000654e-01,1.251618666666666468e+04
4.525500000000000000e+03,9.046284999999998888e+01,4.498206999999999622e-01,1.257180333333333328e+04
4.535500000000000000e+03,9.047428999999999633e+01,4.382560999999999818e-01,1.262753333333333285e+04
4.545500000000000000e+03,9.045285999999998694e+01,4.317618000000000289e-01,1.268338666666666722e+04
4.555500000000000000e+03,9.046999999999999886e+01,4.358546999999999838e-01,1.273938000000000102e+04
4.565500000000000000e+03,9.047570000000000334e+01,4.379035999999999484e-01,1.279549000000000160e+04
4.575500000000000000e+03,9.046284999999998888e+01,4.368249999999999633e-01,1.285172333333333154e+04
4.585500000000000000e+03,9.047570000000000334e+01,4.437341000000000202e-01,1.290809666666666817e+04
4.595500000000000000e+03,9.048141999999998575e+01,4.493722000000001104e-01,1.296457999999999993e+04
4.605500000000000000e+03,9.047858000000000800e+01,4.432581999999999356e-01,1.302117666666666628e+04
4.615500000000000000e+03,9.046858000000000288e+01,4.383085999999999371e-01,1.307790666666666584e+04
4.625500000000000000e+03,9.048427999999998406e+01,4.412428999999999379e-01,1.313474666666666417e+04
4.635500000000000000e+03,9.047427999999999315e+01,4.409116000000000146e-01,1.319172000000000116e+04
4.645500000000000000e+03,9.048570999999999742e+01,4.377792999999999823e-01,1.324881333333333350e+04
4.655500000000000000e+03,9.050142999999999915e+01,4.378921000000000063e-01,1.330604666666667072e+04
4.665500000000000000e+03,9.049569999999999936e+01,4.443729000000000151e-01,1.336340666666666766e+04
4.675500000000000000e+03,9.046428000000000225e+01,4.445445000000001201e-01,1.342088999999999942e+04
4.685500000000000000e+03,9.048141999999999996e+01,4.399467999999999712e-01,1.347850333333333219e+04
4.695500000000000000e+03,9.047714999999999463e+01,4.483363000000000764e-01,1.353622666666666555e+04
4.705500000000000000e+03,9.048429000000000144e+01,4.376936999999999633e-01,1.359410000000000036e+04
4.715500000000000000e+03,9.050572000000001083e+01,4.384362999999999455e-01,1.365208666666666613e+04
4.725500000000000000e+03,9.050287000000000148e+01,4.422749000000000263e-01,1.371023333333333176e+04
4.735500000000000000e+03,9.050714000000000681e+01,4.384648000000000434e-01,1.376846666666666533e+04
4.745500000000000000e+03,9.049427000000000021e+01,4.479951999999999823e-01,1.382682666666666591e+04
4.755500000000000000e+03,9.050284999999999513e+01,4.477771999999999863e-01,1.388529333333333125e+04
4.765500000000000000e+03,9.048713999999998236e+01,4.517558999999999325e-01,1.394389333333333161e+04
4.775500000000000000e+03,9.048859000000000208e+01,4.444258000000000375e-01,1.400259666666666817e+04
4.785500000000000000e+03,9.051286000000000342e+01,4.459442999999999602e-01,1.406140999999999804e+04
4.795500000000000000e+03,9.049143000000000825e+01,4.412150999999999712e-01,1.412037999999999920e+04
4.805500000000000000e+03,9.048427999999999827e+01,4.451189999999999314e-01,1.417957666666666591e+04
4.815500000000000000e+03,9.049714000000000169e+01,4.500469999999999748e-01,1.423889999999999964e+04
4.825500000000000000e+03,9.047855000000001269e+01,4.410996999999999835e-01,1.429835999999999694e+04
4.835500000000000000e+03,9.050570999999999344e+01,4.463263000000000646e-01,1.435794333333333452e+04
4.845500000000000000e+03,9.049285000000000423e+01,4.467864999999999753e-01,1.441765999999999985e+04
4.855500000000000000e+03,9.050285999999999831e+01,4.490434000000000370e-01,1.447752000000000044e+04
4.865500000000000000e+03,9.048857999999999890e+01,4.456144000000000216e-01,1.453750666666666439e+04
4.875500000000000000e+03,9.052286000000000854e+01,4.516369000000000078e-01,1.459759999999999673e+04
4.885500000000000000e+03,9.051572000000000173e+01,4.489183999999999952e-01,1.465784000000000196e+04
4.895500000000000000e+03,9.048857999999998469e+01,4.476297999999999666e-01,1.471817666666666992e+04
4.905500000000000000e+03,9.048571999999998638e+01,4.471025000000000138e-01,1.477864000000000306e+04
4.915500000000000000e+03,9.049429999999999552e+01,4.434397999999999951e-01,1.483921333333332950e+04
4.925500000000000000e+03,9.046570999999998719e+01,4.502059999999999951e-01,1.489990333333333183e+04
4.935500000000000000e+03,9.050855999999998858e+01,4.454910000000000814e-01,1.496070333333333292e+04
4.945500000000000000e+03,9.049143999999999721e+01,4.508630000000000138e-01,1.502160000000000036e+04
4.955500000000000000e+03,9.049286999999999637e+01,4.433263000000000065e-01,1.508262000000000080e+04
4.965500000000000000e+03,9.050287000000000148e+01,4.488743000000000594e-01,1.514373999999999978e+04
4.975500000000000000e+03,9.050570999999999344e+01,4.491748999999999326e-01,1.520496666666666897e+04
4.985500000000000000e+03,9.048856999999999573e+01,4.501648000000000316e-01,1.526627999999999884e+04
4.995500000000000000e+03,9.047712999999998829e+01,4.479212000000000193e-01,1.532771333333333314e+04
