5.500000000000000000e+00,7.861142699999999195e+01,6.086733000000000615e+00,2.844173133333333658e-01
1.550000000000000000e+01,7.773142999999998892e+01,4.360819000000001111e+00,1.689572533333333570e+00
2.550000000000000000e+01,8.275428000000000850e+01,2.514476000000000155e+00,4.369438000000000599e+00
3.550000000000000000e+01,8.223571000000001163e+01,1.659611100000000006e+00,8.362997333333334282e+00
4.550000000000000000e+01,8.371430000000000859e+01,1.382761499999999977e+00,1.370829999999999949e+01
5.550000000000000000e+01,8.118428999999999007e+01,1.225074300000000171e+00,2.037616999999999834e+01
6.550000000000000000e+01,8.650428999999999746e+01,9.464979000000000031e-01,2.833734333333332955e+01
7.550000000000000000e+01,8.690286999999999296e+01,1.032836599999999994e+00,3.759527666666667045e+01
8.550000000000000000e+01,8.599573999999998364e+01,9.111380000000000035e-01,4.809806333333333583e+01
9.550000000000000000e+01,8.710428999999999178e+01,9.602758000000000127e-01,5.980982333333332690e+01
1.055000000000000000e+02,8.536998000000001241e+01,8.278608000000000633e-01,7.275252333333332899e+01
1.155000000000000000e+02,8.834857999999999834e+01,7.313682000000000238e-01,8.696783000000000641e+01
1.255000000000000000e+02,8.791857999999999151e+01,5.838429000000000535e-01,1.024384700000000095e+02
1.355000000000000000e+02,8.903715000000001112e+01,5.951033999999999491e-01,1.190939666666666596e+02
1.455000000000000000e+02,8.926857000000001108e+01,5.832029999999999159e-01,1.369850333333333197e+02
1.555000000000000000e+02,8.915143000000000484e+01,5.179288000000000780e-01,1.561815666666666971e+02
1.655000000000000000e+02,8.952285000000000537e+01,4.989286000000000554e-01,1.766660333333333313e+02
1.755000000000000000e+02,8.908715000000000828e+01,5.300928999999999780e-01,1.984029333333333511e+02
1.855000000000000000e+02,8.897856999999999061e+01,4.627450000000000729e-01,2.213816333333333262e+02
1.955000000000000000e+02,9.012856999999999630e+01,5.161908000000000607e-01,2.455351666666666404e+02
2.055000000000000000e+02,9.025857999999999493e+01,5.071207999999999272e-01,2.708790666666666880e+02
2.155000000000000000e+02,9.029572000000000287e+01,4.532365000000000421e-01,2.974194333333333589e+02
2.255000000000000000e+02,9.026857999999998583e+01,4.635209999999999608e-01,3.251922999999999888e+02
2.355000000000000000e+02,8.964430000000000121e+01,4.407248999999999195e-01,3.542549999999999955e+02
2.455000000000000000e+02,9.029999000000000819e+01,4.963448999999999778e-01,3.845323333333333267e+02
2.555000000000000000e+02,9.031283999999999423e+01,4.416299999999999670e-01,4.160115999999999872e+02
2.655000000000000000e+02,9.057858000000001653e+01,4.562760000000000149e-01,4.487058666666665658e+02
2.755000000000000000e+02,9.035571999999999093e+01,4.780561999999999867e-01,4.826547999999999661e+02
2.855000000000000000e+02,9.072001000000000204e+01,4.498727999999999616e-01,5.178496333333333723e+02
2.955000000000000000e+02,9.044286000000001025e+01,4.333028999999999908e-01,5.542610666666666930e+02
3.055000000000000000e+02,9.053714999999998270e+01,4.355333000000000121e-01,5.918700666666667303e+02
3.155000000000000000e+02,9.082998999999999512e+01,4.306073000000000262e-01,6.306592333333334182e+02
3.255000000000000000e+02,9.052858999999999412e+01,4.650938999999999490e-01,6.706824333333332788e+02
3.355000000000000000e+02,9.094572000000000855e+01,4.362323000000000173e-01,7.119273000000000593e+02
3.455000000000000000e+02,9.064141000000002180e+01,4.522671999999999803e-01,7.543633333333333439e+02
3.555000000000000000e+02,9.073999999999999488e+01,4.464897999999999922e-01,7.980449000000000979e+02
3.655000000000000000e+02,9.079855999999999483e+01,4.486596000000000473e-01,8.429993000000000620e+02
3.755000000000000000e+02,9.090142000000000166e+01,4.516037999999999997e-01,8.892132666666666410e+02
3.855000000000000000e+02,9.095142000000001303e+01,4.370108000000000326e-01,9.367137666666667428e+02
3.955000000000000000e+02,9.094428000000000623e+01,4.426366000000000467e-01,9.854852333333334400e+02
4.055000000000000000e+02,9.118998999999999455e+01,4.559665999999999997e-01,1.035495466666666744e+03
4.155000000000000000e+02,9.109285000000001276e+01,4.359532999999999880e-01,1.086747333333333245e+03
4.255000000000000000e+02,9.115999000000000763e+01,4.337080000000000379e-01,1.139254999999999882e+03
4.355000000000000000e+02,9.110142999999999347e+01,4.398793000000000286e-01,1.192990666666666584e+03
4.455000000000000000e+02,9.103000999999999010e+01,4.370334999999999637e-01,1.247928333333333512e+03
4.555000000000000000e+02,9.110573000000000832e+01,4.295105000000000173e-01,1.304037333333333436e+03
4.655000000000000000e+02,9.103573000000000093e+01,4.481051000000000895e-01,1.361378333333333103e+03
4.755000000000000000e+02,9.104143000000000541e+01,4.268326999999999538e-01,1.419979666666666617e+03
4.855000000000000000e+02,9.105429999999998358e+01,4.355296000000000167e-01,1.479827999999999975e+03
4.955000000000000000e+02,9.091286999999999807e+01,4.365414999999999712e-01,1.540938333333333276e+03
5.055000000000000000e+02,9.101141000000001213e+01,4.346819000000000099e-01,1.603288333333333412e+03
5.155000000000000000e+02,9.103141999999999712e+01,4.375506999999999591e-01,1.666882999999999811e+03
5.255000000000000000e+02,9.103713999999999373e+01,4.342906999999999185e-01,1.731691666666666379e+03
5.355000000000000000e+02,9.100285000000000935e+01,4.434460000000000623e-01,1.797777666666666846e+03
5.455000000000000000e+02,9.099572000000000571e+01,4.455980999999999415e-01,1.865127999999999929e+03
5.555000000000000000e+02,9.097429999999999950e+01,4.314126999999999823e-01,1.933747333333333472e+03
5.655000000000000000e+02,9.106000000000000227e+01,4.376130999999999771e-01,2.003620000000000118e+03
5.755000000000000000e+02,9.094999000000001388e+01,4.399262000000000450e-01,2.074705333333333328e+03
5.855000000000000000e+02,9.092141999999998347e+01,4.578401999999999750e-01,2.147015333333333274e+03
5.955000000000000000e+02,9.096002000000000010e+01,4.546606999999999732e-01,2.220574999999999818e+03
6.055000000000000000e+02,9.092285000000001105e+01,4.362723000000000018e-01,2.295368666666666286e+03
6.155000000000000000e+02,9.098286000000000229e+01,4.424329000000000178e-01,2.371387333333333117e+03
6.255000000000000000e+02,9.088858000000000459e+01,4.502441000000000360e-01,2.448695666666666511e+03
6.355000000000000000e+02,9.085428999999999178e+01,4.504965999999999693e-01,2.527275666666666893e+03
6.455000000000000000e+02,9.082856999999998493e+01,4.467408999999999963e-01,2.607090333333333092e+03
6.555000000000000000e+02,9.082999999999999829e+01,4.485188999999999981e-01,2.688127999999999702e+03
6.655000000000000000e+02,9.090713000000000932e+01,4.499175000000000257e-01,2.770399000000000342e+03
6.755000000000000000e+02,9.090427999999999997e+01,4.554617999999999722e-01,2.853942333333332954e+03
6.855000000000000000e+02,9.086427000000000476e+01,4.393013000000000612e-01,2.938744333333333088e+03
6.955000000000000000e+02,9.083998999999998603e+01,4.462798000000000043e-01,3.024743333333333339e+03
7.055000000000000000e+02,9.090000000000000568e+01,4.429160999999999793e-01,3.111939666666666653e+03
7.155000000000000000e+02,9.086000000000001364e+01,4.544955000000000522e-01,3.200375333333332946e+03
7.255000000000000000e+02,9.077286000000000854e+01,4.519756000000000329e-01,3.290016000000000531e+03
7.355000000000000000e+02,9.085142000000001872e+01,4.490551999999999877e-01,3.380859666666666271e+03
7.455000000000000000e+02,9.085285999999999262e+01,4.395437000000000372e-01,3.472953333333333831e+03
7.555000000000000000e+02,9.079428000000000054e+01,4.415879000000000332e-01,3.566285333333333256e+03
7.655000000000000000e+02,9.090426999999999680e+01,4.552162000000000153e-01,3.660812000000000353e+03
7.755000000000000000e+02,9.079713999999999885e+01,4.553509000000000029e-01,3.756487333333333481e+03
7.855000000000000000e+02,9.084284999999999854e+01,4.415206999999999882e-01,3.853382000000000062e+03
7.955000000000000000e+02,9.082286000000000570e+01,4.423572000000000060e-01,3.951661333333333459e+03
8.055000000000000000e+02,9.081000000000000227e+01,4.475948000000000704e-01,4.051248999999998887e+03
8.155000000000000000e+02,9.082142000000000337e+01,4.492842000000000224e-01,4.152040666666667676e+03
8.255000000000000000e+02,9.082856999999999914e+01,4.424072000000000005e-01,4.254013000000000829e+03
8.355000000000000000e+02,9.077140999999998883e+01,4.444220000000000392e-01,4.357197666666667828e+03
8.455000000000000000e+02,9.081573000000000206e+01,4.503088000000000091e-01,4.461641999999999825e+03
8.555000000000000000e+02,9.080857000000000312e+01,4.514143999999999934e-01,4.567397999999999229e+03
8.655000000000000000e+02,9.078714999999999691e+01,4.522141000000000632e-01,4.674364000000000487e+03
8.755000000000000000e+02,9.077429999999999666e+01,4.562077999999999411e-01,4.782527666666665937e+03
8.855000000000000000e+02,9.076000000000000512e+01,4.548132999999999759e-01,4.891927333333333081e+03
8.955000000000000000e+02,9.077286000000000854e+01,4.578106000000000120e-01,5.002532333333333554e+03
9.055000000000000000e+02,9.074715000000000487e+01,4.555415999999999355e-01,5.114382000000000517e+03
9.155000000000000000e+02,9.074285999999999319e+01,4.581992000000000287e-01,5.227539333333333161e+03
9.255000000000000000e+02,9.073855999999999256e+01,4.522554999999999770e-01,5.341970666666667057e+03
9.355000000000000000e+02,9.078713000000000477e+01,4.581800000000000317e-01,5.457716000000000349e+03
9.455000000000000000e+02,9.077856999999998777e+01,4.567360000000000864e-01,5.574713333333333139e+03
9.555000000000000000e+02,9.081570999999999572e+01,4.553589999999999582e-01,5.692906333333334260e+03
9.655000000000000000e+02,9.075569000000000131e+01,4.592228000000000421e-01,5.812333000000000538e+03
9.755000000000000000e+02,9.080856000000001416e+01,4.601854999999999696e-01,5.933003666666666504e+03
9.855000000000000000e+02,9.069142999999999688e+01,4.582849000000000506e-01,6.054902333333333445e+03
9.955000000000000000e+02,9.070286999999999011e+01,4.607283999999999824e-01,6.178029333333333852e+03
1.005500000000000000e+03,9.074715999999999383e+01,4.554829000000000794e-01,6.302381666666666206e+03
1.015500000000000000e+03,9.074714999999999065e+01,4.565457000000000543e-01,6.428074666666665507e+03
1.025500000000000000e+03,9.073571999999998638e+01,4.587340000000000306e-01,6.555088000000000648e+03
1.035500000000000000e+03,9.074571000000000254e+01,4.562747999999999249e-01,6.683372999999999593e+03
1.045500000000000000e+03,9.072287000000000035e+01,4.571201999999999765e-01,6.812975999999999658e+03
1.055500000000000000e+03,9.074143000000000825e+01,4.544847000000000747e-01,6.943903333333332739e+03
1.065500000000000000e+03,9.071143000000000711e+01,4.587244999999999240e-01,7.076062333333333299e+03
1.075500000000000000e+03,9.067571000000000936e+01,4.561715999999999549e-01,7.209466666666667152e+03
1.085500000000000000e+03,9.068287000000000830e+01,4.517668000000000239e-01,7.344095000000001164e+03
1.095500000000000000e+03,9.075285000000000935e+01,4.565422000000000646e-01,7.479913333333332957e+03
1.105500000000000000e+03,9.068715000000000259e+01,4.573394999999999544e-01,7.616967333333333954e+03
1.115500000000000000e+03,9.073857999999999890e+01,4.569038999999999184e-01,7.755300000000000182e+03
1.125500000000000000e+03,9.065855999999999426e+01,4.569153000000000242e-01,7.894884999999999309e+03
1.135500000000000000e+03,9.074143999999999721e+01,4.587492000000000236e-01,8.035730999999999767e+03
1.145500000000000000e+03,9.067286999999998898e+01,4.545435999999999366e-01,8.177836000000000240e+03
1.155500000000000000e+03,9.066284999999999172e+01,4.561194999999999555e-01,8.321226000000000568e+03
1.165500000000000000e+03,9.069571000000000538e+01,4.559365999999999697e-01,8.465933000000000902e+03
1.175500000000000000e+03,9.065713999999999828e+01,4.559829999999999717e-01,8.611976666666667370e+03
1.185500000000000000e+03,9.069286000000002446e+01,4.597806999999999311e-01,8.759335000000000946e+03
1.195500000000000000e+03,9.064999000000000251e+01,4.581411000000000233e-01,8.908005333333330782e+03
1.205500000000000000e+03,9.066428000000000509e+01,4.541727999999999321e-01,9.057913666666669087e+03
1.215500000000000000e+03,9.061713000000000306e+01,4.567002999999999480e-01,9.209031333333334260e+03
1.225500000000000000e+03,9.063714999999999122e+01,4.577215000000000589e-01,9.361391333333334842e+03
1.235500000000000000e+03,9.063573000000000945e+01,4.576094999999999469e-01,9.515024999999999636e+03
1.245500000000000000e+03,9.063571999999999207e+01,4.560388999999999693e-01,9.669984000000000378e+03
1.255500000000000000e+03,9.063714000000000226e+01,4.589076999999999740e-01,9.826206666666665114e+03
1.265500000000000000e+03,9.062572000000000116e+01,4.563267999999999769e-01,9.983647333333334245e+03
1.275500000000000000e+03,9.061571000000000708e+01,4.576117000000000101e-01,1.014229133333333266e+04
1.285500000000000000e+03,9.066001000000001397e+01,4.609073999999999671e-01,1.030217000000000189e+04
1.295500000000000000e+03,9.060999999999998522e+01,4.616693000000000602e-01,1.046324000000000160e+04
1.305500000000000000e+03,9.061142999999999859e+01,4.544214000000000309e-01,1.062553333333333285e+04
1.315500000000000000e+03,9.062284999999999968e+01,4.545754999999999657e-01,1.078903999999999905e+04
1.325500000000000000e+03,9.059141999999999939e+01,4.572912999999999561e-01,1.095380999999999949e+04
1.335500000000000000e+03,9.059857999999999834e+01,4.568619000000000985e-01,1.111979666666666526e+04
1.345500000000000000e+03,9.057143999999998130e+01,4.571933999999999720e-01,1.128703999999999905e+04
1.355500000000000000e+03,9.060285000000001787e+01,4.580731000000000108e-01,1.145556999999999971e+04
1.365500000000000000e+03,9.060286000000000683e+01,4.567020000000000524e-01,1.162538333333333321e+04
1.375500000000000000e+03,9.060430000000000916e+01,4.567250999999999950e-01,1.179649333333333379e+04
1.385500000000000000e+03,9.059142999999998835e+01,4.579119999999999857e-01,1.196890333333333183e+04
1.395500000000000000e+03,9.057998999999999512e+01,4.570408999999999722e-01,1.214261333333333278e+04
1.405500000000000000e+03,9.057426999999998429e+01,4.562237999999999571e-01,1.231763999999999942e+04
1.415500000000000000e+03,9.057571999999998980e+01,4.566760999999999737e-01,1.249392000000000007e+04
1.425500000000000000e+03,9.057857999999998810e+01,4.580746000000000540e-01,1.267138000000000102e+04
1.435500000000000000e+03,9.059000000000000341e+01,4.567234000000000016e-01,1.285009666666666817e+04
1.445500000000000000e+03,9.056998999999999000e+01,4.589774999999999272e-01,1.303001333333333423e+04
1.455500000000000000e+03,9.056142000000001246e+01,4.570486999999999744e-01,1.321114000000000306e+04
1.465500000000000000e+03,9.057141000000000020e+01,4.526613999999999360e-01,1.339350666666666439e+04
1.475500000000000000e+03,9.056714000000000908e+01,4.597261999999999738e-01,1.357707333333333372e+04
1.485500000000000000e+03,9.057286999999999466e+01,4.554823000000000066e-01,1.376189666666666380e+04
1.495500000000000000e+03,9.055857000000000312e+01,4.530992999999999826e-01,1.394796666666666897e+04
1.505500000000000000e+03,9.055571999999999377e+01,4.562796999999999548e-01,1.413523999999999978e+04
1.515500000000000000e+03,9.054570000000001073e+01,4.590306999999999027e-01,1.432374333333333198e+04
1.525500000000000000e+03,9.056142000000001246e+01,4.548447000000000462e-01,1.451348999999999978e+04
1.535500000000000000e+03,9.055858000000000629e+01,4.565630000000000521e-01,1.470447666666666555e+04
1.545500000000000000e+03,9.056141999999998404e+01,4.598739999999999495e-01,1.489668666666667013e+04
1.555500000000000000e+03,9.056854999999998768e+01,4.515330000000000732e-01,1.509016666666666788e+04
1.565500000000000000e+03,9.054570999999999970e+01,4.578969999999999985e-01,1.528483333333333212e+04
1.575500000000000000e+03,9.057572000000000401e+01,4.564134999999999165e-01,1.548078000000000247e+04
1.585500000000000000e+03,9.056000000000000227e+01,4.577788999999999886e-01,1.567803333333333103e+04
1.595500000000000000e+03,9.055285000000000650e+01,4.556375000000000286e-01,1.587659666666666817e+04
1.605500000000000000e+03,9.054856999999999800e+01,4.531423999999999452e-01,1.607634000000000196e+04
1.615500000000000000e+03,9.054998999999999398e+01,4.585735999999999701e-01,1.627731999999999789e+04
1.625500000000000000e+03,9.056712999999999170e+01,4.540613000000000565e-01,1.647958000000000175e+04
1.635500000000000000e+03,9.054855999999999483e+01,4.523655999999999788e-01,1.668307333333333372e+04
1.645500000000000000e+03,9.055427000000000248e+01,4.610451000000000410e-01,1.688787333333332936e+04
1.655500000000000000e+03,9.051715000000000089e+01,4.583674000000000359e-01,1.709390000000000146e+04
1.665500000000000000e+03,9.053570999999999458e+01,4.568139999999999423e-01,1.730119666666666672e+04
1.675500000000000000e+03,9.054428000000000054e+01,4.585519000000000678e-01,1.750972000000000116e+04
1.685500000000000000e+03,9.054287000000002195e+01,4.560171000000000641e-01,1.771948333333333358e+04
1.695500000000000000e+03,9.053427999999999543e+01,4.539750999999999648e-01,1.793047333333333518e+04
1.705500000000000000e+03,9.052714000000000283e+01,4.581620000000000137e-01,1.814271666666666715e+04
1.715500000000000000e+03,9.052143999999998414e+01,4.527804999999999747e-01,1.835620666666666875e+04
1.725500000000000000e+03,9.051856999999999687e+01,4.532499999999999862e-01,1.857102333333333445e+04
1.735500000000000000e+03,9.053999000000001729e+01,4.555478000000000027e-01,1.878709333333333052e+04
1.745500000000000000e+03,9.050284000000000617e+01,4.557656999999999958e-01,1.900434666666667181e+04
1.755500000000000000e+03,9.052144000000001256e+01,4.595957000000000514e-01,1.922283333333333212e+04
1.765500000000000000e+03,9.051286999999999239e+01,4.594702000000000508e-01,1.944251666666666642e+04
1.775500000000000000e+03,9.048857999999999890e+01,4.591868999999998979e-01,1.966343000000000029e+04
1.785500000000000000e+03,9.049855999999999767e+01,4.558414000000000077e-01,1.988552666666666482e+04
1.795500000000000000e+03,9.050857999999999493e+01,4.585979000000001138e-01,2.010882333333333372e+04
1.805500000000000000e+03,9.050714000000000681e+01,4.554713000000000234e-01,2.033334999999999854e+04
1.815500000000000000e+03,9.048286000000000229e+01,4.584907999999999761e-01,2.055910333333333256e+04
1.825500000000000000e+03,9.049998999999999683e+01,4.573894999999999489e-01,2.078613666666666541e+04
1.835500000000000000e+03,9.050856999999999175e+01,4.594683999999999990e-01,2.101440333333333183e+04
1.845500000000000000e+03,9.048856000000000677e+01,4.558663000000000021e-01,2.124390000000000146e+04
1.855500000000000000e+03,9.048284999999999911e+01,4.574868999999999741e-01,2.147470000000000073e+04
1.865500000000000000e+03,9.050000000000000000e+01,4.589827999999999686e-01,2.170674333333333561e+04
1.875500000000000000e+03,9.049998999999999683e+01,4.597469000000000139e-01,2.194003333333333285e+04
1.885500000000000000e+03,9.047427000000000419e+01,4.594292000000000376e-01,2.217461666666666861e+04
1.895500000000000000e+03,9.048284999999999911e+01,4.553747000000000211e-01,2.241044333333333634e+04
1.905500000000000000e+03,9.049141000000000190e+01,4.619117999999999280e-01,2.264747999999999956e+04
1.915500000000000000e+03,9.046569999999999823e+01,4.571414000000000866e-01,2.288575000000000000e+04
1.925500000000000000e+03,9.049571000000000254e+01,4.597566999999999626e-01,2.312520000000000073e+04
1.935500000000000000e+03,9.048714999999999975e+01,4.595183999999999935e-01,2.336581666666666570e+04
1.945500000000000000e+03,9.047713000000000250e+01,4.588664999999999550e-01,2.360755666666666730e+04
1.955500000000000000e+03,9.047856999999999061e+01,4.569742999999999999e-01,2.385050999999999840e+04
1.965500000000000000e+03,9.049143000000000825e+01,4.603320999999999108e-01,2.409470666666667239e+04
1.975500000000000000e+03,9.047427999999999315e+01,4.617119000000000639e-01,2.434018999999999869e+04
1.985500000000000000e+03,9.047427999999999315e+01,4.612112999999999907e-01,2.458689666666666744e+04
1.995500000000000000e+03,9.046284999999998888e+01,4.586934999999999762e-01,2.483485666666666657e+04
2.005500000000000000e+03,9.046569999999999823e+01,4.559280999999999473e-01,2.508406999999999971e+04
2.015500000000000000e+03,9.046283999999999992e+01,4.563229999999999786e-01,2.533453333333333285e+04
2.025500000000000000e+03,9.046428000000000225e+01,4.586385000000000045e-01,2.558626999999999680e+04
2.035500000000000000e+03,9.047141999999999484e+01,4.553391000000000521e-01,2.583928666666666322e+04
2.045500000000000000e+03,9.045713999999999544e+01,4.567446000000000561e-01,2.609355333333332965e+04
2.055500000000000000e+03,9.046569000000000926e+01,4.588670999999999722e-01,2.634914666666666744e+04
2.065500000000000000e+03,9.045712999999999226e+01,4.569248999999999117e-01,2.660597999999999956e+04
2.075500000000000000e+03,9.044285999999999603e+01,4.569264999999999577e-01,2.686403000000000611e+04
2.085500000000000000e+03,9.044858000000000686e+01,4.573786000000000240e-01,2.712330999999999767e+04
2.095500000000000000e+03,9.047570000000000334e+01,4.568647000000000125e-01,2.738377000000000044e+04
2.105500000000000000e+03,9.045572999999998842e+01,4.551655000000000006e-01,2.764540000000000146e+04
2.115500000000000000e+03,9.045856000000000563e+01,4.599859999999999505e-01,2.790825000000000000e+04
2.125500000000000000e+03,9.045432000000000983e+01,4.568381999999999721e-01,2.817229000000000087e+04
2.135500000000000000e+03,9.045000000000000284e+01,4.627811000000000563e-01,2.843752000000000044e+04
2.145500000000000000e+03,9.044429999999998415e+01,4.609084999999999432e-01,2.870397666666666555e+04
2.155500000000000000e+03,9.045142999999998779e+01,4.577509000000000161e-01,2.897163333333333139e+04
2.165500000000000000e+03,9.045000000000000284e+01,4.592490999999999657e-01,2.924056999999999971e+04
2.175500000000000000e+03,9.045284000000000901e+01,4.603117999999999377e-01,2.951075333333333401e+04
2.185500000000000000e+03,9.046143000000000711e+01,4.586149999999999949e-01,2.978213999999999578e+04
2.195500000000000000e+03,9.045144000000000517e+01,4.574329999999999785e-01,3.005475666666666439e+04
2.205500000000000000e+03,9.045001999999999498e+01,4.581856000000000262e-01,3.032858666666666977e+04
2.215500000000000000e+03,9.045286000000000115e+01,4.608701000000000048e-01,3.060368333333333067e+04
2.225500000000000000e+03,9.045713999999999544e+01,4.623603999999999492e-01,3.088005999999999767e+04
2.235500000000000000e+03,9.044142999999999688e+01,4.599525000000000974e-01,3.115766333333333750e+04
2.245500000000000000e+03,9.045143000000000200e+01,4.607453999999999716e-01,3.143642333333333227e+04
2.255500000000000000e+03,9.044143999999998584e+01,4.614880999999999567e-01,3.171639333333332979e+04
2.265500000000000000e+03,9.043287000000000830e+01,4.609232000000000329e-01,3.199758333333333212e+04
2.275500000000000000e+03,9.043716999999999473e+01,4.633677999999999964e-01,3.228005333333333328e+04
2.285500000000000000e+03,9.044143999999998584e+01,4.611891000000000185e-01,3.256389666666666744e+04
2.295500000000000000e+03,9.043858000000001596e+01,4.609412999999999982e-01,3.284899666666665871e+04
2.305500000000000000e+03,9.043715999999999156e+01,4.621200999999999226e-01,3.313533666666666250e+04
2.315500000000000000e+03,9.043430000000000746e+01,4.610451999999999328e-01,3.342297000000000116e+04
2.325500000000000000e+03,9.043715000000000259e+01,4.596703999999999790e-01,3.371190000000000146e+04
2.335500000000000000e+03,9.043001000000001000e+01,4.614835999999999383e-01,3.400209333333333780e+04
2.345500000000000000e+03,9.043143999999999494e+01,4.612423000000000495e-01,3.429352999999999884e+04
2.355500000000000000e+03,9.042860000000000298e+01,4.633716000000000501e-01,3.458622666666666919e+04
2.365500000000000000e+03,9.043001000000001000e+01,4.590762000000000453e-01,3.488013999999999942e+04
2.375500000000000000e+03,9.042573000000000150e+01,4.633709000000000300e-01,3.517527000000000407e+04
2.385500000000000000e+03,9.042000999999999067e+01,4.623478999999999783e-01,3.547160333333332528e+04
2.395500000000000000e+03,9.043716999999999473e+01,4.619931000000000454e-01,3.576919999999999709e+04
2.405500000000000000e+03,9.042286999999998898e+01,4.619280000000000053e-01,3.606808000000000175e+04
2.415500000000000000e+03,9.043143999999999494e+01,4.628336999999999035e-01,3.636820000000000437e+04
2.425500000000000000e+03,9.041573000000001059e+01,4.614302999999999599e-01,3.666965666666666948e+04
2.435500000000000000e+03,9.041714999999999236e+01,4.602625999999999662e-01,3.697246333333333314e+04
2.445500000000000000e+03,9.042716999999998961e+01,4.603158000000000527e-01,3.727653333333334012e+04
2.455500000000000000e+03,9.041429999999999723e+01,4.635224000000000011e-01,3.758183999999999651e+04
2.465500000000000000e+03,9.041429000000000826e+01,4.593534000000000228e-01,3.788841000000000349e+04
2.475500000000000000e+03,9.041715999999999553e+01,4.621953000000000311e-01,3.819620999999999913e+04
2.485500000000000000e+03,9.042001999999999384e+01,4.626834999999999143e-01,3.850521333333333314e+04
2.495500000000000000e+03,9.041857999999999151e+01,4.617245999999999850e-01,3.881545666666666511e+04
2.505500000000000000e+03,9.041715999999999553e+01,4.615370000000000306e-01,3.912687999999999738e+04
2.515500000000000000e+03,9.040858000000000061e+01,4.606295000000000250e-01,3.943950333333334129e+04
2.525500000000000000e+03,9.041715999999999553e+01,4.611143999999999243e-01,3.975338999999999942e+04
2.535500000000000000e+03,9.041859000000000890e+01,4.605064999999999853e-01,4.006850333333334129e+04
2.545500000000000000e+03,9.041000999999998555e+01,4.615898999999998864e-01,4.038485999999999331e+04
2.555500000000000000e+03,9.040858000000000061e+01,4.619245000000000156e-01,4.070246000000000640e+04
2.565500000000000000e+03,9.040858000000000061e+01,4.618094000000000365e-01,4.102129666666665435e+04
2.575500000000000000e+03,9.040286000000000399e+01,4.602624999999999633e-01,4.134132666666666046e+04
2.585500000000000000e+03,9.040286000000000399e+01,4.619237999999999955e-01,4.166250666666666802e+04
2.595500000000000000e+03,9.040429000000000315e+01,4.616507000000000249e-01,4.198491666666666424e+04
2.605500000000000000e+03,9.040286000000000399e+01,4.610361000000000042e-01,4.230855333333332965e+04
2.615500000000000000e+03,9.040286000000000399e+01,4.620370000000000310e-01,4.263342000000000553e+04
2.625500000000000000e+03,9.040143000000001905e+01,4.638684999999999614e-01,4.295952999999999884e+04
2.635500000000000000e+03,9.041286999999998386e+01,4.614076999999999762e-01,4.328684666666666453e+04
2.645500000000000000e+03,9.039857000000000653e+01,4.609974000000000016e-01,4.361540333333333547e+04
2.655500000000000000e+03,9.041000999999998555e+01,4.625853000000000326e-01,4.394514333333333343e+04
2.665500000000000000e+03,9.040143000000000484e+01,4.614999000000000184e-01,4.427604999999999563e+04
2.675500000000000000e+03,9.039857000000000653e+01,4.629198000000000479e-01,4.460817666666665900e+04
2.685500000000000000e+03,9.039428000000000907e+01,4.625062999999999813e-01,4.494152666666667210e+04
2.695500000000000000e+03,9.040000000000000568e+01,4.606715000000000115e-01,4.527615666666666220e+04
2.705500000000000000e+03,9.039571000000000822e+01,4.639230999999999772e-01,4.561204666666666162e+04
2.715500000000000000e+03,9.039856999999999232e+01,4.625460999999999601e-01,4.594920666666667239e+04
2.725500000000000000e+03,9.039142000000001076e+01,4.625134000000000190e-01,4.628768000000000029e+04
2.735500000000000000e+03,9.039428000000000907e+01,4.612774999999998959e-01,4.662740999999999622e+04
2.745500000000000000e+03,9.038856000000001245e+01,4.617902999999999869e-01,4.696834999999999854e+04
2.755500000000000000e+03,9.038855999999999824e+01,4.618479000000000889e-01,4.731062333333333663e+04
2.765500000000000000e+03,9.038855999999999824e+01,4.612105999999999706e-01,4.765416000000000349e+04
2.775500000000000000e+03,9.038999000000001161e+01,4.623058999999999363e-01,4.799887999999999738e+04
2.785500000000000000e+03,9.038856000000001245e+01,4.612444999999999462e-01,4.834486333333333459e+04
2.795500000000000000e+03,9.038427000000000078e+01,4.605719999999999814e-01,4.869208333333332848e+04
2.805500000000000000e+03,9.038712999999998488e+01,4.609936000000000034e-01,4.904053999999999360e+04
2.815500000000000000e+03,9.038570000000001414e+01,4.626029999999999864e-01,4.939019999999999709e+04
2.825500000000000000e+03,9.038284000000000162e+01,4.607170999999999905e-01,4.974119666666666308e+04
2.835500000000000000e+03,9.038284000000000162e+01,4.623241000000000156e-01,5.009353000000000611e+04
2.845500000000000000e+03,9.038856000000001245e+01,4.619771000000000294e-01,5.044712333333332936e+04
2.855500000000000000e+03,9.038712999999999909e+01,4.617782999999999194e-01,5.080196666666667443e+04
2.865500000000000000e+03,9.038284000000001583e+01,4.607743000000000255e-01,5.115813333333333139e+04
2.875500000000000000e+03,9.037855000000000416e+01,4.598267999999999800e-01,5.151564333333333343e+04
2.885500000000000000e+03,9.038570000000001414e+01,4.618494999999999129e-01,5.187445666666666511e+04
2.895500000000000000e+03,9.039284999999999570e+01,4.614816999999999392e-01,5.223453333333333285e+04
2.905500000000000000e+03,9.037854999999998995e+01,4.610752999999999657e-01,5.259584000000000378e+04
2.915500000000000000e+03,9.037854999999998995e+01,4.609816999999999387e-01,5.295836666666667588e+04
2.925500000000000000e+03,9.037998000000000332e+01,4.615467999999999793e-01,5.332208333333333576e+04
2.935500000000000000e+03,9.038140999999998826e+01,4.624017000000000266e-01,5.368707666666666046e+04
2.945500000000000000e+03,9.037998000000000332e+01,4.610775999999999764e-01,5.405333333333332848e+04
2.955500000000000000e+03,9.037998000000000332e+01,4.626492999999999856e-01,5.442084666666666453e+04
2.965500000000000000e+03,9.038141000000000247e+01,4.602374000000000187e-01,5.478955999999999767e+04
2.975500000000000000e+03,9.037711999999999080e+01,4.602397999999999767e-01,5.515951666666666279e+04
2.985500000000000000e+03,9.037139999999999418e+01,4.619795999999999903e-01,5.553063000000000466e+04
2.995500000000000000e+03,9.037856000000000734e+01,4.613064000000000608e-01,5.590294333333333634e+04
3.005500000000000000e+03,9.037711999999999080e+01,4.612379999999999813e-01,5.627642333333333954e+04
3.015500000000000000e+03,9.037854999999998995e+01,4.625481999999999649e-01,5.665113333333333867e+04
3.025500000000000000e+03,9.037426000000000670e+01,4.611216999999999677e-01,5.702702666666665755e+04
3.035500000000000000e+03,9.037283999999998230e+01,4.611805000000000487e-01,5.740408333333333576e+04
3.045500000000000000e+03,9.037140999999999735e+01,4.619941000000000741e-01,5.778226333333332877e+04
3.055500000000000000e+03,9.036856000000000222e+01,4.614241999999998955e-01,5.816163999999999942e+04
3.065500000000000000e+03,9.036711999999999989e+01,4.636926000000000103e-01,5.854223666666667123e+04
3.075500000000000000e+03,9.036854000000001008e+01,4.606757999999999131e-01,5.892403333333332557e+04
3.085500000000000000e+03,9.036853999999999587e+01,4.602921000000000373e-01,5.930705000000000291e+04
3.095500000000000000e+03,9.036998000000001241e+01,4.612988999999999562e-01,5.969120666666666511e+04
3.105500000000000000e+03,9.037568999999999164e+01,4.602586999999999651e-01,6.007655666666667821e+04
3.115500000000000000e+03,9.037140000000000839e+01,4.614135000000000320e-01,6.046314666666666744e+04
3.125500000000000000e+03,9.036424999999999841e+01,4.623476000000000252e-01,6.085094999999999709e+04
3.135500000000000000e+03,9.035997999999999308e+01,4.601970999999999701e-01,6.123997666666666919e+04
3.145500000000000000e+03,9.036570000000000391e+01,4.625686999999999993e-01,6.163023333333332266e+04
3.155500000000000000e+03,9.036283000000000243e+01,4.612313999999999581e-01,6.202171999999999389e+04
3.165500000000000000e+03,9.036142999999998437e+01,4.606664999999999788e-01,6.241438999999999942e+04
3.175500000000000000e+03,9.035997999999999308e+01,4.622321000000000346e-01,6.280836000000000058e+04
3.185500000000000000e+03,9.036142999999999859e+01,4.610627999999999949e-01,6.320355666666666366e+04
3.195500000000000000e+03,9.035712999999999795e+01,4.618103999999999543e-01,6.359996999999999389e+04
3.205500000000000000e+03,9.035997999999999308e+01,4.617111000000000409e-01,6.399757666666667501e+04
3.215500000000000000e+03,9.035285000000000366e+01,4.619228999999999696e-01,6.439630999999999767e+04
3.225500000000000000e+03,9.036141999999999541e+01,4.604080999999999868e-01,6.479613666666667268e+04
3.235500000000000000e+03,9.035569999999998458e+01,4.617153000000001062e-01,6.519713999999999942e+04
3.245500000000000000e+03,9.035997999999999308e+01,4.610176000000000274e-01,6.559930000000000291e+04
3.255500000000000000e+03,9.035283999999998628e+01,4.629494999999999583e-01,6.600266000000000349e+04
3.265500000000000000e+03,9.035143000000000768e+01,4.617093999999999920e-01,6.640723333333332266e+04
3.275500000000000000e+03,9.034999999999999432e+01,4.609869999999999801e-01,6.681302999999999884e+04
3.285500000000000000e+03,9.035426999999999964e+01,4.614515000000000144e-01,6.722008666666666977e+04
3.295500000000000000e+03,9.034858999999998730e+01,4.597998000000000363e-01,6.762841999999999825e+04
3.305500000000000000e+03,9.034287999999999386e+01,4.611957000000000417e-01,6.803797666666666919e+04
3.315500000000000000e+03,9.034999999999999432e+01,4.617905999999999400e-01,6.844876333333333605e+04
3.325500000000000000e+03,9.035712999999998374e+01,4.628411000000000053e-01,6.886071666666665988e+04
3.335500000000000000e+03,9.034716999999999132e+01,4.610281999999999991e-01,6.927386333333332732e+04
3.345500000000000000e+03,9.034716000000000236e+01,4.619978999999999059e-01,6.968819666666667035e+04
3.355500000000000000e+03,9.034287000000000489e+01,4.616225999999999940e-01,7.010379666666666162e+04
3.365500000000000000e+03,9.034716000000000236e+01,4.622190000000000465e-01,7.052073666666666395e+04
3.375500000000000000e+03,9.035002000000000066e+01,4.623161999999999550e-01,7.093895999999999185e+04
3.385500000000000000e+03,9.035285999999999262e+01,4.605748999999999538e-01,7.135843999999998778e+04
3.395500000000000000e+03,9.034001999999999555e+01,4.615681999999999841e-01,7.177920000000001164e+04
3.405500000000000000e+03,9.035000999999999749e+01,4.617924999999999391e-01,7.220119999999998254e+04
3.415500000000000000e+03,9.034429999999998984e+01,4.613611000000000795e-01,7.262443666666667559e+04
3.425500000000000000e+03,9.033859999999999957e+01,4.619943000000000244e-01,7.304892999999999302e+04
3.435500000000000000e+03,9.033288000000000295e+01,4.607529999999999681e-01,7.347469666666667035e+04
3.445500000000000000e+03,9.033717999999998938e+01,4.629295999999999967e-01,7.390173000000001048e+04
3.455500000000000000e+03,9.033859999999999957e+01,4.608460000000000889e-01,7.433000999999999476e+04
3.465500000000000000e+03,9.033431000000000211e+01,4.599213999999999802e-01,7.475949333333333198e+04
3.475500000000000000e+03,9.033431999999999107e+01,4.614637000000000322e-01,7.519017333333333954e+04
3.485500000000000000e+03,9.033716999999998620e+01,4.609120999999999357e-01,7.562208333333334303e+04
3.495500000000000000e+03,9.033430999999998789e+01,4.610987999999999754e-01,7.605523666666666395e+04
3.505500000000000000e+03,9.033573999999998705e+01,4.614243000000000094e-01,7.648958666666666977e+04
3.515500000000000000e+03,9.033002999999999361e+01,4.609971000000000485e-01,7.692512000000000990e+04
3.525500000000000000e+03,9.033002999999999361e+01,4.617937000000000292e-01,7.736185333333331801e+04
3.535500000000000000e+03,9.033144999999998959e+01,4.608465999999998841e-01,7.779985333333333256e+04
3.545500000000000000e+03,9.032860000000000866e+01,4.618799000000000099e-01,7.823907666666666046e+04
3.555500000000000000e+03,9.033288999999999191e+01,4.608545999999999476e-01,7.867955666666667094e+04
3.565500000000000000e+03,9.033431999999999107e+01,4.613520000000000398e-01,7.912129999999998836e+04
3.575500000000000000e+03,9.032716999999999530e+01,4.619140999999998831e-01,7.956439666666666744e+04
3.585500000000000000e+03,9.032573999999999614e+01,4.624154999999999238e-01,8.000876999999998952e+04
3.595500000000000000e+03,9.032716999999999530e+01,4.609036999999999717e-01,8.045439999999999418e+04
3.605500000000000000e+03,9.032716999999999530e+01,4.608086999999999600e-01,8.090125999999999476e+04
3.615500000000000000e+03,9.032858999999999128e+01,4.615872999999999782e-01,8.134932000000000698e+04
3.625500000000000000e+03,9.032859999999999445e+01,4.613005999999999496e-01,8.179863333333333139e+04
3.635500000000000000e+03,9.032430999999999699e+01,4.598011999999999655e-01,8.224916333333333023e+04
3.645500000000000000e+03,9.031859000000000037e+01,4.600156999999999163e-01,8.270086666666666861e+04
3.655500000000000000e+03,9.032859999999998024e+01,4.613604000000000593e-01,8.315381999999999243e+04
3.665500000000000000e+03,9.032430999999999699e+01,4.602220000000000200e-01,8.360797333333332790e+04
3.675500000000000000e+03,9.032431000000001120e+01,4.615778999999999854e-01,8.406335333333331801e+04
3.685500000000000000e+03,9.032144999999999868e+01,4.618771000000000404e-01,8.451991333333331568e+04
3.695500000000000000e+03,9.032144999999999868e+01,4.599352000000000440e-01,8.497763999999999942e+04
3.705500000000000000e+03,9.032430999999999699e+01,4.614997000000000682e-01,8.543659333333333780e+04
3.715500000000000000e+03,9.031573000000000206e+01,4.599971999999999395e-01,8.589680333333332965e+04
3.725500000000000000e+03,9.032001999999999953e+01,4.609686000000000616e-01,8.635827000000000407e+04
3.735500000000000000e+03,9.031716000000001543e+01,4.610805000000000042e-01,8.682093999999998778e+04
3.745500000000000000e+03,9.032144999999999868e+01,4.614622999999999919e-01,8.728483000000000175e+04
3.755500000000000000e+03,9.031716000000001543e+01,4.607550000000000812e-01,8.774996333333333314e+04
3.765500000000000000e+03,9.032001999999999953e+01,4.630720999999999310e-01,8.821629333333334944e+04
3.775500000000000000e+03,9.032144999999999868e+01,4.606394999999999795e-01,8.868383666666666977e+04
3.785500000000000000e+03,9.031573000000000206e+01,4.626401999999999459e-01,8.915259666666667908e+04
3.795500000000000000e+03,9.031859000000000037e+01,4.620435000000000514e-01,8.962257333333334827e+04
3.805500000000000000e+03,9.031859000000000037e+01,4.610271000000000785e-01,9.009374999999998545e+04
3.815500000000000000e+03,9.031573000000000206e+01,4.610786000000001161e-01,9.056619333333332906e+04
3.825500000000000000e+03,9.031859000000000037e+01,4.620442999999999634e-01,9.103990666666666220e+04
3.835500000000000000e+03,9.031001000000000545e+01,4.609042000000000416e-01,9.151486666666666861e+04
3.845500000000000000e+03,9.031430000000000291e+01,4.621166000000000440e-01,9.199112666666666337e+04
3.855500000000000000e+03,9.031287000000000376e+01,4.621625000000000871e-01,9.246863666666667268e+04
3.865500000000000000e+03,9.031001000000000545e+01,4.621273999999999660e-01,9.294755000000000291e+04
3.875500000000000000e+03,9.031144000000000460e+01,4.617864999999999887e-01,9.342801333333333605e+04
3.885500000000000000e+03,9.031430000000000291e+01,4.614127000000000089e-01,9.390997000000000116e+04
3.895500000000000000e+03,9.031001000000000545e+01,4.626869999999999594e-01,9.439330666666665638e+04
3.905500000000000000e+03,9.031287000000000376e+01,4.604977000000000098e-01,9.487787666666667792e+04
3.915500000000000000e+03,9.031430000000000291e+01,4.612745000000000317e-01,9.536366000000000349e+04
3.925500000000000000e+03,9.031001000000000545e+01,4.612333999999999601e-01,9.585064666666666744e+04
3.935500000000000000e+03,9.030429000000000883e+01,4.627976000000000312e-01,9.633883000000000175e+04
3.945500000000000000e+03,9.031143999999999039e+01,4.624673999999999729e-01,9.682823333333333721e+04
3.955500000000000000e+03,9.031143999999999039e+01,4.623324999999999241e-01,9.731883333333334303e+04
3.965500000000000000e+03,9.030858000000000629e+01,4.609754000000000351e-01,9.781065666666667676e+04
3.975500000000000000e+03,9.030715000000000714e+01,4.641336999999999269e-01,9.830363000000000466e+04
3.985500000000000000e+03,9.030285999999999547e+01,4.619749999999999690e-01,9.879778333333334012e+04
3.995500000000000000e+03,9.030285999999999547e+01,4.620794999999999209e-01,9.929313333333333139e+04
4.005500000000000000e+03,9.030858000000000629e+01,4.626845000000000541e-01,9.978965666666666220e+04
4.015500000000000000e+03,9.030143000000001052e+01,4.610555000000000625e-01,1.002873333333333285e+05
4.025500000000000000e+03,9.029713999999998464e+01,4.618856000000000073e-01,1.007864000000000087e+05
4.035500000000000000e+03,9.030143000000001052e+01,4.613198000000000576e-01,1.012866333333333314e+05
4.045500000000000000e+03,9.030143000000001052e+01,4.601720999999999728e-01,1.017880999999999913e+05
4.055500000000000000e+03,9.029713999999998464e+01,4.636011999999999911e-01,1.022907666666666773e+05
4.065500000000000000e+03,9.030143000000001052e+01,4.628358999999999668e-01,1.027946333333333314e+05
4.075500000000000000e+03,9.030000000000001137e+01,4.614147000000000109e-01,1.032998333333333285e+05
4.085500000000000000e+03,9.029428000000000054e+01,4.625617000000000201e-01,1.038061666666666570e+05
4.095500000000000000e+03,9.029428000000000054e+01,4.621166999999999914e-01,1.043138666666666541e+05
4.105500000000000000e+03,9.028999000000000308e+01,4.622041000000000066e-01,1.048225666666666657e+05
4.115500000000000000e+03,9.028855999999998971e+01,4.615801000000000487e-01,1.053325333333333256e+05
4.125500000000000000e+03,9.029141999999998802e+01,4.623802000000000190e-01,1.058436666666666570e+05
4.135500000000000000e+03,9.028999000000001729e+01,4.610088999999999437e-01,1.063559333333333489e+05
4.145500000000000000e+03,9.029141999999998802e+01,4.617968999999999546e-01,1.068693666666666686e+05
4.155500000000000000e+03,9.028999000000001729e+01,4.621050999999999354e-01,1.073841333333333459e+05
4.165500000000000000e+03,9.028855999999998971e+01,4.622414999999999163e-01,1.078999666666666744e+05
4.175500000000000000e+03,9.027712000000001069e+01,4.616736000000000173e-01,1.084170666666666511e+05
4.185500000000000000e+03,9.029285000000000139e+01,4.617530999999999719e-01,1.089352666666666482e+05
4.195500000000000000e+03,9.027141000000000304e+01,4.609025999999999956e-01,1.094546333333333314e+05
4.205500000000000000e+03,9.028426999999999225e+01,4.611747000000000485e-01,1.099751000000000058e+05
4.215500000000000000e+03,9.027997999999999479e+01,4.624054000000000220e-01,1.104968666666666541e+05
4.225500000000000000e+03,9.026856999999999687e+01,4.610089000000000548e-01,1.110198333333333285e+05
4.235500000000000000e+03,9.027711999999999648e+01,4.615242000000000511e-01,1.115440333333333256e+05
4.245500000000000000e+03,9.027283000000001323e+01,4.616903000000000534e-01,1.120694333333333198e+05
4.255500000000000000e+03,9.026711000000000240e+01,4.610055000000000125e-01,1.125960000000000000e+05
4.265500000000000000e+03,9.026711999999999136e+01,4.619717999999999880e-01,1.131239666666666744e+05
4.275500000000000000e+03,9.027998000000000900e+01,4.606989000000000223e-01,1.136529666666666744e+05
4.285500000000000000e+03,9.027712000000001069e+01,4.603561999999999932e-01,1.141834666666666744e+05
4.295500000000000000e+03,9.027142999999999518e+01,4.616326000000000596e-01,1.147150333333333547e+05
4.305500000000000000e+03,9.026143000000000427e+01,4.624153999999999765e-01,1.152476333333333459e+05
4.315500000000000000e+03,9.026712000000000558e+01,4.603431000000000606e-01,1.157815333333333547e+05
4.325500000000000000e+03,9.027139999999999986e+01,4.604573000000000138e-01,1.163165666666666802e+05
4.335500000000000000e+03,9.027141000000000304e+01,4.607308999999999988e-01,1.168528333333333285e+05
4.345500000000000000e+03,9.028570000000000562e+01,4.611637000000000652e-01,1.173900333333333256e+05
4.355500000000000000e+03,9.025998000000001298e+01,4.606715000000000115e-01,1.179287333333333518e+05
4.365500000000000000e+03,9.025000999999998896e+01,4.609129000000000143e-01,1.184683666666666686e+05
4.375500000000000000e+03,9.026140000000000896e+01,4.599346999999999741e-01,1.190092333333333518e+05
4.385500000000000000e+03,9.026712999999999454e+01,4.604169999999999097e-01,1.195511333333333314e+05
4.395500000000000000e+03,9.026998999999999285e+01,4.604533999999999017e-01,1.200943000000000029e+05
4.405500000000000000e+03,9.026568999999999221e+01,4.603989000000000553e-01,1.206388666666666686e+05
4.415500000000000000e+03,9.024573000000000889e+01,4.603710000000000302e-01,1.211843666666666541e+05
4.425500000000000000e+03,9.025001000000000317e+01,4.603555000000000286e-01,1.217311666666666715e+05
4.435500000000000000e+03,9.024998999999999683e+01,4.606911000000000200e-01,1.222792666666666773e+05
4.445500000000000000e+03,9.024572000000000571e+01,4.597630999999999801e-01,1.228283999999999942e+05
4.455500000000000000e+03,9.025285999999998410e+01,4.604040999999999828e-01,1.233790333333333256e+05
4.465500000000000000e+03,9.024855999999999767e+01,4.594596000000000235e-01,1.239307666666666482e+05
4.475500000000000000e+03,9.024714000000000169e+01,4.591837999999999198e-01,1.244836999999999971e+05
4.485500000000000000e+03,9.025002000000000635e+01,4.602149999999999852e-01,1.250377666666666482e+05
4.495500000000000000e+03,9.025570999999999344e+01,4.591864999999999419e-01,1.255932000000000262e+05
4.505500000000000000e+03,9.024715000000000487e+01,4.587960000000000926e-01,1.261498666666666686e+05
4.515500000000000000e+03,9.024717000000001121e+01,4.600718999999999781e-01,1.267078000000000029e+05
4.525500000000000000e+03,9.024000999999999806e+01,4.617257999999999640e-01,1.272668666666666686e+05
4.535500000000000000e+03,9.023572000000000060e+01,4.611460000000000004e-01,1.278270000000000291e+05
4.545500000000000000e+03,9.023573999999999273e+01,4.600385000000000169e-01,1.283885666666666802e+05
4.555500000000000000e+03,9.024001000000001227e+01,4.615799000000000984e-01,1.289512333333333518e+05
4.565500000000000000e+03,9.022717000000000098e+01,4.607813000000000048e-01,1.295151666666666715e+05
4.575500000000000000e+03,9.023573999999999273e+01,4.646837000000000328e-01,1.300805000000000000e+05
4.585500000000000000e+03,9.023717000000000610e+01,4.614136000000000348e-01,1.306468333333333430e+05
4.595500000000000000e+03,9.022717000000000098e+01,4.590581999999999718e-01,1.312145333333333256e+05
4.605500000000000000e+03,9.023002999999999929e+01,4.636466000000001308e-01,1.317835000000000000e+05
4.615500000000000000e+03,9.023571999999998638e+01,4.640806000000000653e-01,1.323535666666666511e+05
4.625500000000000000e+03,9.023287999999999442e+01,4.632074999999999387e-01,1.329250333333333256e+05
4.635500000000000000e+03,9.023145999999999844e+01,4.604882999999999060e-01,1.334974333333333198e+05
4.645500000000000000e+03,9.023431999999999675e+01,4.617069999999999785e-01,1.340711333333333314e+05
4.655500000000000000e+03,9.022573999999998762e+01,4.627990999999999633e-01,1.346461333333333023e+05
4.665500000000000000e+03,9.023144999999999527e+01,4.649630000000000152e-01,1.352221666666666861e+05
4.675500000000000000e+03,9.023287999999999442e+01,4.655542000000000291e-01,1.357996666666666861e+05
4.685500000000000000e+03,9.023143999999999210e+01,4.639955999999999525e-01,1.363779666666666744e+05
4.695500000000000000e+03,9.022716999999998677e+01,4.646657000000000148e-01,1.369576333333333605e+05
4.705500000000000000e+03,9.022860000000000014e+01,4.648373999999999562e-01,1.375385000000000000e+05
4.715500000000000000e+03,9.022288000000000352e+01,4.648581999999999437e-01,1.381206333333333605e+05
4.725500000000000000e+03,9.022574000000000183e+01,4.651619999999999644e-01,1.387038666666666686e+05
4.735500000000000000e+03,9.023143999999999210e+01,4.644749000000000794e-01,1.392882999999999884e+05
4.745500000000000000e+03,9.022716999999998677e+01,4.648194999999999411e-01,1.398740000000000000e+05
4.755500000000000000e+03,9.022574000000000183e+01,4.643890000000000517e-01,1.404611333333333605e+05
4.765500000000000000e+03,9.021858999999999185e+01,4.651714999999999600e-01,1.410493333333333139e+05
4.775500000000000000e+03,9.022286999999998613e+01,4.648904999999999288e-01,1.416387999999999884e+05
4.785500000000000000e+03,9.022144999999999015e+01,4.645333999999999852e-01,1.422297333333333372e+05
4.795500000000000000e+03,9.022430999999997425e+01,4.632151999999999381e-01,1.428217333333333372e+05
4.805500000000000000e+03,9.022002000000000521e+01,4.642369000000000634e-01,1.434152333333333372e+05
4.815500000000000000e+03,9.021715999999999269e+01,4.645517000000000118e-01,1.440098666666666395e+05
4.825500000000000000e+03,9.021715999999999269e+01,4.647185999999999817e-01,1.446058333333333430e+05
4.835500000000000000e+03,9.021572999999997933e+01,4.642810999999998911e-01,1.452031000000000058e+05
4.845500000000000000e+03,9.021858999999999185e+01,4.632433999999999719e-01,1.458013333333333430e+05
4.855500000000000000e+03,9.021858999999999185e+01,4.644552000000000125e-01,1.464008999999999942e+05
4.865500000000000000e+03,9.021858999999999185e+01,4.645411000000000401e-01,1.470014333333333489e+05
4.875500000000000000e+03,9.021858999999999185e+01,4.645444999999999713e-01,1.476033999999999942e+05
4.885500000000000000e+03,9.022002000000000521e+01,4.633984000000000991e-01,1.482064666666666744e+05
4.895500000000000000e+03,9.021715999999999269e+01,4.618715999999999933e-01,1.488107333333333372e+05
4.905500000000000000e+03,9.021429999999999438e+01,4.643314999999999526e-01,1.494162000000000116e+05
4.915500000000000000e+03,9.021858999999999185e+01,4.621051999999999937e-01,1.500229666666666453e+05
4.925500000000000000e+03,9.021429999999999438e+01,4.631314999999999737e-01,1.506311999999999825e+05
4.935500000000000000e+03,9.021429999999999438e+01,4.638187999999999755e-01,1.512405666666666511e+05
4.945500000000000000e+03,9.021572999999997933e+01,4.626884999999999470e-01,1.518510666666666511e+05
4.955500000000000000e+03,9.021429999999999438e+01,4.641455999999999915e-01,1.524628666666666686e+05
4.965500000000000000e+03,9.021429999999999438e+01,4.641871000000000191e-01,1.530758333333333139e+05
4.975500000000000000e+03,9.021572999999997933e+01,4.633274000000000004e-01,1.536900666666666802e+05
4.985500000000000000e+03,9.021429999999999438e+01,4.642053000000000429e-01,1.543054000000000233e+05
4.995500000000000000e+03,9.021429999999999438e+01,4.638720999999999539e-01,1.549221666666666570e+05
