5.500000000000000000e+00,8.390142000000000166e+01,4.058197200000000038e+01,8.575171433333332593e-02
1.550000000000000000e+01,7.979142000000000223e+01,4.704105000000000203e+00,5.069809333333333834e-01
2.550000000000000000e+01,8.804858000000000118e+01,3.052294999999999980e+00,1.358538500000000315e+00
3.550000000000000000e+01,8.555571000000000481e+01,2.894286999999999832e+00,2.678901666666666959e+00
4.550000000000000000e+01,8.360427999999998860e+01,1.668963199999999869e+00,4.432692333333333679e+00
5.550000000000000000e+01,8.791429000000000826e+01,1.820705699999999982e+00,6.597406333333333706e+00
6.550000000000000000e+01,8.811143000000001280e+01,1.699715000000000087e+00,9.206770000000000564e+00
7.550000000000000000e+01,8.850856999999999175e+01,1.202455799999999853e+00,1.223288233333333430e+01
8.550000000000000000e+01,8.892569999999999197e+01,8.094413000000001412e-01,1.563061666666666838e+01
9.550000000000000000e+01,8.829285000000000139e+01,9.197398000000001073e-01,1.942739666666666665e+01
1.055000000000000000e+02,8.710428000000000281e+01,8.679375000000000284e-01,2.364145666666666301e+01
1.155000000000000000e+02,8.842571000000000936e+01,7.462353000000001568e-01,2.825716666666666654e+01
1.255000000000000000e+02,8.986428999999999689e+01,7.190018999999999716e-01,3.327823333333333267e+01
1.355000000000000000e+02,8.805429999999999779e+01,5.794297999999999949e-01,3.871313666666667075e+01
1.455000000000000000e+02,9.030573000000001116e+01,6.950415999999999261e-01,4.456438666666666393e+01
1.555000000000000000e+02,8.986999999999999034e+01,6.212737999999999872e-01,5.084925666666666899e+01
1.655000000000000000e+02,8.940856999999999744e+01,5.542293000000000358e-01,5.756428999999999263e+01
1.755000000000000000e+02,8.979856999999999800e+01,5.340311999999999282e-01,6.470280666666666036e+01
1.855000000000000000e+02,8.985571999999999093e+01,5.121781000000000805e-01,7.224388666666666836e+01
1.955000000000000000e+02,9.011569999999998970e+01,4.895963999999999317e-01,8.019923000000000002e+01
2.055000000000000000e+02,9.001000000000000512e+01,4.653655999999999904e-01,8.855720666666665863e+01
2.155000000000000000e+02,9.060428000000001703e+01,4.810864999999999725e-01,9.732894666666666694e+01
2.255000000000000000e+02,9.060427999999998860e+01,4.905567999999999595e-01,1.065217966666666598e+02
2.355000000000000000e+02,9.042714000000000851e+01,5.084959000000000007e-01,1.161124666666666769e+02
2.455000000000000000e+02,9.023855999999999256e+01,4.910730000000000928e-01,1.260964666666666716e+02
2.555000000000000000e+02,8.994285999999999603e+01,4.936682000000000015e-01,1.364744999999999777e+02
2.655000000000000000e+02,9.034142999999998835e+01,4.999658000000000158e-01,1.472502999999999815e+02
2.755000000000000000e+02,9.037998999999999228e+01,4.602856000000000170e-01,1.584217333333333215e+02
2.855000000000000000e+02,9.062570999999999799e+01,4.667230000000001100e-01,1.699779666666666742e+02
2.955000000000000000e+02,9.062143000000000370e+01,4.553277999999999492e-01,1.819136666666666713e+02
3.055000000000000000e+02,9.087999999999999545e+01,4.571068999999999827e-01,1.942377666666666869e+02
3.155000000000000000e+02,9.091999000000001274e+01,4.692094999999999461e-01,2.069782666666666842e+02
3.255000000000000000e+02,9.066429000000000826e+01,4.626804999999999946e-01,2.201306666666666274e+02
3.355000000000000000e+02,9.087999999999999545e+01,4.402055999999999747e-01,2.336681666666666786e+02
3.455000000000000000e+02,9.088143999999999778e+01,4.667675000000000018e-01,2.475984666666666385e+02
3.555000000000000000e+02,9.081284999999999741e+01,4.755665999999999505e-01,2.619966333333333068e+02
3.655000000000000000e+02,9.097999000000000080e+01,4.649256999999999418e-01,2.769162000000000035e+02
3.755000000000000000e+02,9.085715000000000430e+01,4.581488000000000227e-01,2.923349666666666167e+02
3.855000000000000000e+02,9.097428999999999633e+01,4.593436000000000741e-01,3.082723333333332789e+02
3.955000000000000000e+02,9.090714000000001249e+01,4.797936999999999896e-01,3.246915000000000191e+02
4.055000000000000000e+02,9.095284000000000901e+01,4.578149999999999720e-01,3.415843999999999596e+02
4.155000000000000000e+02,9.105428000000000566e+01,4.628053999999999779e-01,3.589417999999999438e+02
4.255000000000000000e+02,9.101142000000000110e+01,4.493288999999999755e-01,3.766924000000000206e+02
4.355000000000000000e+02,9.099857999999998981e+01,4.580791000000000723e-01,3.948332999999999515e+02
4.455000000000000000e+02,9.091001000000001397e+01,4.442700000000000538e-01,4.133837999999999511e+02
4.555000000000000000e+02,9.089856999999999232e+01,4.550277999999999823e-01,4.323392000000000053e+02
4.655000000000000000e+02,9.100285999999998410e+01,4.408559999999999701e-01,4.516942333333333295e+02
4.755000000000000000e+02,9.090427000000001101e+01,4.631758000000000264e-01,4.714556333333333669e+02
4.855000000000000000e+02,9.090715000000000146e+01,4.658579999999999943e-01,4.916317333333332726e+02
4.955000000000000000e+02,9.111285999999999774e+01,4.607473999999999736e-01,5.122101000000000113e+02
5.055000000000000000e+02,9.097855000000001269e+01,4.498088000000000086e-01,5.331785666666667112e+02
5.155000000000000000e+02,9.096286000000000627e+01,4.574564999999999881e-01,5.545633000000000266e+02
5.255000000000000000e+02,9.090001999999999782e+01,4.572789000000000437e-01,5.763614666666667290e+02
5.355000000000000000e+02,9.109714999999998497e+01,4.698737999999999526e-01,5.985470666666666375e+02
5.455000000000000000e+02,9.089284999999999570e+01,4.456823000000000867e-01,6.211088333333333367e+02
5.555000000000000000e+02,9.111571999999998184e+01,4.739256000000000024e-01,6.440580999999999676e+02
5.655000000000000000e+02,9.102572000000000685e+01,4.603595000000000326e-01,6.673994666666666262e+02
5.755000000000000000e+02,9.100428999999999746e+01,4.625124999999999931e-01,6.911432666666665909e+02
5.855000000000000000e+02,9.095427999999999713e+01,4.631709999999999994e-01,7.152993999999998778e+02
5.955000000000000000e+02,9.095572999999998842e+01,4.540519000000000638e-01,7.398426666666666733e+02
6.055000000000000000e+02,9.094428999999999519e+01,4.709755999999999387e-01,7.647664666666667017e+02
6.155000000000000000e+02,9.088570999999998890e+01,4.655947000000000280e-01,7.900826999999999316e+02
6.255000000000000000e+02,9.091285999999999490e+01,4.727284999999999404e-01,8.157716333333332841e+02
6.355000000000000000e+02,9.090713999999999828e+01,4.551230999999999471e-01,8.418618000000000166e+02
6.455000000000000000e+02,9.092285999999998580e+01,4.683171999999999890e-01,8.683645000000000209e+02
6.555000000000000000e+02,9.083142999999999745e+01,4.584740000000001037e-01,8.952825666666667530e+02
6.655000000000000000e+02,9.085286999999999580e+01,4.629500000000000282e-01,9.226196333333333541e+02
6.755000000000000000e+02,9.087286999999999182e+01,4.612778999999999630e-01,9.503218666666667787e+02
6.855000000000000000e+02,9.092427999999998178e+01,4.632474000000000314e-01,9.784035999999998694e+02
6.955000000000000000e+02,9.085285999999999262e+01,4.614420000000000188e-01,1.006874133333333361e+03
7.055000000000000000e+02,9.093856999999999857e+01,4.587799999999999656e-01,1.035729499999999916e+03
7.155000000000000000e+02,9.079857000000001221e+01,4.798072000000000448e-01,1.064973199999999906e+03
7.255000000000000000e+02,9.085429000000000599e+01,4.816402000000000183e-01,1.094615333333333183e+03
7.355000000000000000e+02,9.081143999999999039e+01,4.754609999999999670e-01,1.124648333333333085e+03
7.455000000000000000e+02,9.088857000000000141e+01,4.896497000000000210e-01,1.155058666666666795e+03
7.555000000000000000e+02,9.085999999999998522e+01,4.753090999999999289e-01,1.185835999999999785e+03
7.655000000000000000e+02,9.087144000000000688e+01,4.868164000000000380e-01,1.217030999999999722e+03
7.755000000000000000e+02,9.083142999999999745e+01,4.857916000000000456e-01,1.248643999999999778e+03
7.855000000000000000e+02,9.081570000000000675e+01,4.781349999999999767e-01,1.280648666666666486e+03
7.955000000000000000e+02,9.085999000000001047e+01,4.793347000000000024e-01,1.313066666666666833e+03
8.055000000000000000e+02,9.092143000000001507e+01,4.874214000000000047e-01,1.345900000000000091e+03
8.155000000000000000e+02,9.090143999999999380e+01,4.764426000000000494e-01,1.379151666666666642e+03
8.255000000000000000e+02,9.088428999999999292e+01,4.812168000000000556e-01,1.412820666666666739e+03
8.355000000000000000e+02,9.079430000000000689e+01,4.749571999999999683e-01,1.446893999999999778e+03
8.455000000000000000e+02,9.077571000000000367e+01,4.846696999999999811e-01,1.481369333333333543e+03
8.555000000000000000e+02,9.089713999999999317e+01,4.848174999999999568e-01,1.516231333333333168e+03
8.655000000000000000e+02,9.084857000000000937e+01,4.785023000000000470e-01,1.551471333333333405e+03
8.755000000000000000e+02,9.083711999999999875e+01,4.814894000000000673e-01,1.587083333333333258e+03
8.855000000000000000e+02,9.084427999999999770e+01,4.793649000000000382e-01,1.623079000000000178e+03
8.955000000000000000e+02,9.089856000000000336e+01,4.726665000000000449e-01,1.659470666666666602e+03
9.055000000000000000e+02,9.085714000000000112e+01,4.773007999999999695e-01,1.696264000000000351e+03
9.155000000000000000e+02,9.084429000000000087e+01,4.754808999999999841e-01,1.733460666666666611e+03
9.255000000000000000e+02,9.081713999999999487e+01,4.847023000000000303e-01,1.771066666666666379e+03
9.355000000000000000e+02,9.084000000000000341e+01,4.781775999999999804e-01,1.809086999999999989e+03
9.455000000000000000e+02,9.083714000000000510e+01,4.734200999999999548e-01,1.847500333333333401e+03
9.555000000000000000e+02,9.071999999999999886e+01,4.740223000000000075e-01,1.886297666666666828e+03
9.655000000000000000e+02,9.080284000000000333e+01,4.839702000000000170e-01,1.925484333333333325e+03
9.755000000000000000e+02,9.076143999999999323e+01,4.721241999999999384e-01,1.965065000000000055e+03
9.855000000000000000e+02,9.078573000000000093e+01,4.786221999999999421e-01,2.005039333333333389e+03
9.955000000000000000e+02,9.080858000000000629e+01,4.907350999999999241e-01,2.045405999999999722e+03
1.005500000000000000e+03,9.079714000000001306e+01,4.847257999999999845e-01,2.086177333333333536e+03
1.015500000000000000e+03,9.077284999999999116e+01,4.885182999999999609e-01,2.127347666666666555e+03
1.025500000000000000e+03,9.078001000000000431e+01,4.806013999999999564e-01,2.168899666666666690e+03
1.035500000000000000e+03,9.083570999999999174e+01,4.729679999999999995e-01,2.210844000000000051e+03
1.045500000000000000e+03,9.075856999999999175e+01,4.846991999999999967e-01,2.253182999999999993e+03
1.055500000000000000e+03,9.073285000000001332e+01,4.933869000000000726e-01,2.295903333333333194e+03
1.065500000000000000e+03,9.074857999999998981e+01,4.747415000000000385e-01,2.339001999999999953e+03
1.075500000000000000e+03,9.075859000000001231e+01,4.796322000000000085e-01,2.382487000000000080e+03
1.085500000000000000e+03,9.077859999999999729e+01,4.749419000000000279e-01,2.426367333333333136e+03
1.095500000000000000e+03,9.078571999999999775e+01,4.798745999999999290e-01,2.470642666666666628e+03
1.105500000000000000e+03,9.072141999999999484e+01,4.923229000000000077e-01,2.515304999999999836e+03
1.115500000000000000e+03,9.070856000000000563e+01,4.899646999999999752e-01,2.560376333333333150e+03
1.125500000000000000e+03,9.070429000000000030e+01,4.884956999999999216e-01,2.605883333333333212e+03
1.135500000000000000e+03,9.070571999999999946e+01,4.847758999999999818e-01,2.651831999999999880e+03
1.145500000000000000e+03,9.073143999999999210e+01,4.809292000000000011e-01,2.698208999999999833e+03
1.155500000000000000e+03,9.070714000000000965e+01,4.833600000000000674e-01,2.745011999999999716e+03
1.165500000000000000e+03,9.066000999999998555e+01,4.828998999999999375e-01,2.792233000000000175e+03
1.175500000000000000e+03,9.069570000000000221e+01,4.822494000000000502e-01,2.839859333333333325e+03
1.185500000000000000e+03,9.067999999999999261e+01,4.759330000000000505e-01,2.887884333333333416e+03
1.195500000000000000e+03,9.066713999999998919e+01,4.805341000000000196e-01,2.936291666666666970e+03
1.205500000000000000e+03,9.067716000000000065e+01,4.828551000000000926e-01,2.985111666666666224e+03
1.215500000000000000e+03,9.063999999999998636e+01,4.887189000000000116e-01,3.034358000000000175e+03
1.225500000000000000e+03,9.067715000000001169e+01,4.901659999999999906e-01,3.083993333333332885e+03
1.235500000000000000e+03,9.065427999999999997e+01,4.914882999999999891e-01,3.133997000000000298e+03
1.245500000000000000e+03,9.061714999999999520e+01,4.927305000000000712e-01,3.184377999999999702e+03
1.255500000000000000e+03,9.066143000000000995e+01,4.779394999999999061e-01,3.235130999999999858e+03
1.265500000000000000e+03,9.068571000000000026e+01,4.906683999999999490e-01,3.286279333333333398e+03
1.275500000000000000e+03,9.059999999999999432e+01,4.814312000000000036e-01,3.337820333333334020e+03
1.285500000000000000e+03,9.063572000000002049e+01,4.871983000000000286e-01,3.389748000000000502e+03
1.295500000000000000e+03,9.060856999999998607e+01,4.842833999999999195e-01,3.442079666666666071e+03
1.305500000000000000e+03,9.061570999999999287e+01,4.929756000000000138e-01,3.494826333333333423e+03
1.315500000000000000e+03,9.058285000000000764e+01,4.907179000000000402e-01,3.547959666666667090e+03
1.325500000000000000e+03,9.059429000000000087e+01,4.917391000000000401e-01,3.601473666666666304e+03
1.335500000000000000e+03,9.059429000000000087e+01,4.904972000000000776e-01,3.655365666666666129e+03
1.345500000000000000e+03,9.056143000000000143e+01,4.820325000000000304e-01,3.709659666666666453e+03
1.355500000000000000e+03,9.057429000000000485e+01,4.858399000000000467e-01,3.764361666666666679e+03
1.365500000000000000e+03,9.059855999999999199e+01,4.878962999999999495e-01,3.819460000000000491e+03
1.375500000000000000e+03,9.059141999999999939e+01,4.918104999999999838e-01,3.874978000000000065e+03
1.385500000000000000e+03,9.056713999999999487e+01,4.908333999999999753e-01,3.930919666666666217e+03
1.395500000000000000e+03,9.058714000000000510e+01,4.866446000000000938e-01,3.987280333333333601e+03
1.405500000000000000e+03,9.058141000000000531e+01,4.876348999999999267e-01,4.044044999999999618e+03
1.415500000000000000e+03,9.056857000000000824e+01,4.872913000000000383e-01,4.101211999999999534e+03
1.425500000000000000e+03,9.056573000000000206e+01,4.903444999999999609e-01,4.158778666666667050e+03
1.435500000000000000e+03,9.058286999999999978e+01,4.838527999999999163e-01,4.216728333333333467e+03
1.445500000000000000e+03,9.055998999999999910e+01,4.852031999999999456e-01,4.275087666666666337e+03
1.455500000000000000e+03,9.059000999999997816e+01,4.841986000000000345e-01,4.333871333333333496e+03
1.465500000000000000e+03,9.055856999999998891e+01,4.884552999999999257e-01,4.393066333333334114e+03
1.475500000000000000e+03,9.057285999999999149e+01,4.908111999999998920e-01,4.452672666666667283e+03
1.485500000000000000e+03,9.056143000000000143e+01,4.873462000000000072e-01,4.512713333333334049e+03
1.495500000000000000e+03,9.055143000000001052e+01,4.824042999999999526e-01,4.573222000000000662e+03
1.505500000000000000e+03,9.053857999999999606e+01,4.813353999999999688e-01,4.634196333333333314e+03
1.515500000000000000e+03,9.057143000000000654e+01,4.809160000000000101e-01,4.695605666666666366e+03
1.525500000000000000e+03,9.054999000000000819e+01,4.834588000000000774e-01,4.757456000000000131e+03
1.535500000000000000e+03,9.054713999999998464e+01,4.806884000000000157e-01,4.819722999999999956e+03
1.545500000000000000e+03,9.055145000000000266e+01,4.804155000000000508e-01,4.882364333333332979e+03
1.555500000000000000e+03,9.054001000000000943e+01,4.835808000000000328e-01,4.945384333333333416e+03
1.565500000000000000e+03,9.053856999999999289e+01,4.845001000000001001e-01,5.008791000000000167e+03
1.575500000000000000e+03,9.053716000000000008e+01,4.853667999999999871e-01,5.072606666666667479e+03
1.585500000000000000e+03,9.054143000000000541e+01,4.849472999999999701e-01,5.136822999999999411e+03
1.595500000000000000e+03,9.054713999999999885e+01,4.828671999999999964e-01,5.201456333333333532e+03
1.605500000000000000e+03,9.051856999999999687e+01,4.846926999999999763e-01,5.266492666666666992e+03
1.615500000000000000e+03,9.054141999999998802e+01,4.800590999999999609e-01,5.331941333333334114e+03
1.625500000000000000e+03,9.054000999999999522e+01,4.801688999999999541e-01,5.397811333333333096e+03
1.635500000000000000e+03,9.053427999999999543e+01,4.831378000000000061e-01,5.464097333333333154e+03
1.645500000000000000e+03,9.055002000000000351e+01,4.816981000000000179e-01,5.530790666666667676e+03
1.655500000000000000e+03,9.052286999999999750e+01,4.798470000000000235e-01,5.597886999999998807e+03
1.665500000000000000e+03,9.052000000000001023e+01,4.803619000000000083e-01,5.665392999999999120e+03
1.675500000000000000e+03,9.054999999999999716e+01,4.852227000000000068e-01,5.733298333333334085e+03
1.685500000000000000e+03,9.054287000000000774e+01,4.725869999999999793e-01,5.801601999999999862e+03
1.695500000000000000e+03,9.052286000000000854e+01,4.834722000000000186e-01,5.870290666666665857e+03
1.705500000000000000e+03,9.052715999999999497e+01,4.840310999999999919e-01,5.939377333333333809e+03
1.715500000000000000e+03,9.052572000000000685e+01,4.758229999999999404e-01,6.008877000000000407e+03
1.725500000000000000e+03,9.051714000000001192e+01,4.812956999999999930e-01,6.078811333333334005e+03
1.735500000000000000e+03,9.052286000000000854e+01,4.838492000000000348e-01,6.149179000000000087e+03
1.745500000000000000e+03,9.052428000000000452e+01,4.785005999999999426e-01,6.219940999999999804e+03
1.755500000000000000e+03,9.051143999999999323e+01,4.808813000000000670e-01,6.291075666666666621e+03
1.765500000000000000e+03,9.051286000000000342e+01,4.791692000000000173e-01,6.362611333333332368e+03
1.775500000000000000e+03,9.050428999999999746e+01,4.806848000000000232e-01,6.434540333333333365e+03
1.785500000000000000e+03,9.049857000000000085e+01,4.782482999999999040e-01,6.506865999999999985e+03
1.795500000000000000e+03,9.050570999999999344e+01,4.764509999999999579e-01,6.579581999999999425e+03
1.805500000000000000e+03,9.050000000000000000e+01,4.840342000000000811e-01,6.652690000000000509e+03
1.815500000000000000e+03,9.049571000000000254e+01,4.771759000000000417e-01,6.726204000000000633e+03
1.825500000000000000e+03,9.049999000000001104e+01,4.799635000000000984e-01,6.800127999999999702e+03
1.835500000000000000e+03,9.049569999999999936e+01,4.816622999999999877e-01,6.874460000000000946e+03
1.845500000000000000e+03,9.049999999999998579e+01,4.804515999999999787e-01,6.949218999999999141e+03
1.855500000000000000e+03,9.048144999999998106e+01,4.853116000000000096e-01,7.024369000000000597e+03
1.865500000000000000e+03,9.049998999999999683e+01,4.797333000000000847e-01,7.099913999999999760e+03
1.875500000000000000e+03,9.047999000000000080e+01,4.892290999999999168e-01,7.175862333333333481e+03
1.885500000000000000e+03,9.049855999999999767e+01,4.860293000000000530e-01,7.252209666666667545e+03
1.895500000000000000e+03,9.047713000000001671e+01,4.846581000000000361e-01,7.328954999999999018e+03
1.905500000000000000e+03,9.048140999999999678e+01,4.805465999999999904e-01,7.406088666666665631e+03
1.915500000000000000e+03,9.048427999999998406e+01,4.805283999999999667e-01,7.483598333333333358e+03
1.925500000000000000e+03,9.049427999999998917e+01,4.810269999999999824e-01,7.561494666666667399e+03
1.935500000000000000e+03,9.048712999999999340e+01,4.819750999999999896e-01,7.639788333333332957e+03
1.945500000000000000e+03,9.047997999999999763e+01,4.827623999999999249e-01,7.718489333333333889e+03
1.955500000000000000e+03,9.048285999999998808e+01,4.822604000000000335e-01,7.797586000000001150e+03
1.965500000000000000e+03,9.048140999999999678e+01,4.862273000000000289e-01,7.877071666666665806e+03
1.975500000000000000e+03,9.046144000000001029e+01,4.831420999999999633e-01,7.956934666666666089e+03
1.985500000000000000e+03,9.047713000000001671e+01,4.846268000000000242e-01,8.037166666666666970e+03
1.995500000000000000e+03,9.048141000000001100e+01,4.805431999999999482e-01,8.117802999999999884e+03
2.005500000000000000e+03,9.047139999999998849e+01,4.822555000000000591e-01,8.198830666666664911e+03
2.015500000000000000e+03,9.046426999999999907e+01,4.807812999999999670e-01,8.280229666666666162e+03
2.025500000000000000e+03,9.047284000000000503e+01,4.840395000000000669e-01,8.362014333333334434e+03
2.035500000000000000e+03,9.046142999999999290e+01,4.780167999999999640e-01,8.444197000000000116e+03
2.045500000000000000e+03,9.046000000000000796e+01,4.821359000000000061e-01,8.526772666666665828e+03
2.055500000000000000e+03,9.047141000000000588e+01,4.883525999999999700e-01,8.609743333333333794e+03
2.065500000000000000e+03,9.045428000000001134e+01,4.844837000000000171e-01,8.693098666666668578e+03
2.075500000000000000e+03,9.044571999999999434e+01,4.836390999999999885e-01,8.776841666666665333e+03
2.085500000000000000e+03,9.044858000000000686e+01,4.818011999999999295e-01,8.860992666666666992e+03
2.095500000000000000e+03,9.043999999999999773e+01,4.834771999999999958e-01,8.945541333333334478e+03
2.105500000000000000e+03,9.046141000000000076e+01,4.865022999999999986e-01,9.030486333333334187e+03
2.115500000000000000e+03,9.045286000000000115e+01,4.851162000000000529e-01,9.115826999999999316e+03
2.125500000000000000e+03,9.045143000000000200e+01,4.862446000000000268e-01,9.201565666666665493e+03
2.135500000000000000e+03,9.043571999999998923e+01,4.827563000000000271e-01,9.287702666666667938e+03
2.145500000000000000e+03,9.044143000000001109e+01,4.837115000000000720e-01,9.374226666666665551e+03
2.155500000000000000e+03,9.043999999999999773e+01,4.879476999999999842e-01,9.461156666666665842e+03
2.165500000000000000e+03,9.043287000000000830e+01,4.846072999999999631e-01,9.548448999999998705e+03
2.175500000000000000e+03,9.043712999999999624e+01,4.849934000000000189e-01,9.636121999999999389e+03
2.185500000000000000e+03,9.044570000000000221e+01,4.825992000000000060e-01,9.724180666666668913e+03
2.195500000000000000e+03,9.044142999999999688e+01,4.836641000000000412e-01,9.812624333333333198e+03
2.205500000000000000e+03,9.043286999999999409e+01,4.840149000000000257e-01,9.901465999999998530e+03
2.215500000000000000e+03,9.043856999999999857e+01,4.835094000000000891e-01,9.990705666666666730e+03
2.225500000000000000e+03,9.042287000000000319e+01,4.812534999999999452e-01,1.008034766666666656e+04
2.235500000000000000e+03,9.043144999999999811e+01,4.838898000000000366e-01,1.017038933333333443e+04
2.245500000000000000e+03,9.043429999999999325e+01,4.855770999999999837e-01,1.026082999999999811e+04
2.255500000000000000e+03,9.041429000000000826e+01,4.832441999999999571e-01,1.035166333333333205e+04
2.265500000000000000e+03,9.041144000000001313e+01,4.850748000000000282e-01,1.044295333333333474e+04
2.275500000000000000e+03,9.042144999999999300e+01,4.831868999999999192e-01,1.053470999999999913e+04
2.285500000000000000e+03,9.040713999999999828e+01,4.808370999999999063e-01,1.062686000000000058e+04
2.295500000000000000e+03,9.042286999999998898e+01,4.833027000000000295e-01,1.071943333333333067e+04
2.305500000000000000e+03,9.040858000000000061e+01,4.817400000000000015e-01,1.081239333333333343e+04
2.315500000000000000e+03,9.040857000000001165e+01,4.829485000000000028e-01,1.090569666666666672e+04
2.325500000000000000e+03,9.040429000000000315e+01,4.820776999999999424e-01,1.099939333333333343e+04
2.335500000000000000e+03,9.041143999999999892e+01,4.829359999999999209e-01,1.109350000000000000e+04
2.345500000000000000e+03,9.042001000000001909e+01,4.808179000000000203e-01,1.118800000000000182e+04
2.355500000000000000e+03,9.041858999999999469e+01,4.833527000000000240e-01,1.128286666666666497e+04
2.365500000000000000e+03,9.040999999999999659e+01,4.810161000000000020e-01,1.137816333333333387e+04
2.375500000000000000e+03,9.040285999999998978e+01,4.814835000000000642e-01,1.147388333333333503e+04
2.385500000000000000e+03,9.040572000000000230e+01,4.818175000000000097e-01,1.157003999999999905e+04
2.395500000000000000e+03,9.040429000000000315e+01,4.796706999999999499e-01,1.166659000000000015e+04
2.405500000000000000e+03,9.039428000000000907e+01,4.816567999999999405e-01,1.176354000000000087e+04
2.415500000000000000e+03,9.039570999999999401e+01,4.803199000000000218e-01,1.186089666666666744e+04
2.425500000000000000e+03,9.040286000000000399e+01,4.829834000000000072e-01,1.195864333333333343e+04
2.435500000000000000e+03,9.039714000000000738e+01,4.797228999999999521e-01,1.205677666666666664e+04
2.445500000000000000e+03,9.039142000000001076e+01,4.812568999999999875e-01,1.215533333333333212e+04
2.455500000000000000e+03,9.039714000000000738e+01,4.799526000000000070e-01,1.225429000000000087e+04
2.465500000000000000e+03,9.040858000000000061e+01,4.820090999999999681e-01,1.235369333333333270e+04
2.475500000000000000e+03,9.040000000000000568e+01,4.789945000000001007e-01,1.245352666666666664e+04
2.485500000000000000e+03,9.039428000000000907e+01,4.807228999999999530e-01,1.255375000000000000e+04
2.495500000000000000e+03,9.038998999999999739e+01,4.786782999999998900e-01,1.265434666666666817e+04
2.505500000000000000e+03,9.039856999999999232e+01,4.774366999999999917e-01,1.275527999999999884e+04
2.515500000000000000e+03,9.039713999999999317e+01,4.814020999999999439e-01,1.285659666666666635e+04
2.525500000000000000e+03,9.038999000000001161e+01,4.792423999999999573e-01,1.295827999999999884e+04
2.535500000000000000e+03,9.040000000000000568e+01,4.782214999999999661e-01,1.306035000000000036e+04
2.545500000000000000e+03,9.038713000000001330e+01,4.785574000000000217e-01,1.316282333333333372e+04
2.555500000000000000e+03,9.039141999999999655e+01,4.775223999999999580e-01,1.326570666666666875e+04
2.565500000000000000e+03,9.038855999999999824e+01,4.792835000000000290e-01,1.336902666666666664e+04
2.575500000000000000e+03,9.039714000000000738e+01,4.802426999999999668e-01,1.347272333333333336e+04
2.585500000000000000e+03,9.039141999999998234e+01,4.792466000000000226e-01,1.357680333333333328e+04
2.595500000000000000e+03,9.039142000000001076e+01,4.777640999999999138e-01,1.368124666666666781e+04
2.605500000000000000e+03,9.038427000000000078e+01,4.789579999999999949e-01,1.378606000000000131e+04
2.615500000000000000e+03,9.039427999999999486e+01,4.806081999999999854e-01,1.389122333333333336e+04
2.625500000000000000e+03,9.038570000000001414e+01,4.784008000000000149e-01,1.399677666666666664e+04
2.635500000000000000e+03,9.039142000000001076e+01,4.769585000000000075e-01,1.410267333333333409e+04
2.645500000000000000e+03,9.038142000000000564e+01,4.793571000000000915e-01,1.420899666666666781e+04
2.655500000000000000e+03,9.038141000000000247e+01,4.760627000000000608e-01,1.431571333333333314e+04
2.665500000000000000e+03,9.038999000000001161e+01,4.794306999999999874e-01,1.442284000000000015e+04
2.675500000000000000e+03,9.038712999999999909e+01,4.796785000000000077e-01,1.453038333333333503e+04
2.685500000000000000e+03,9.038712999999999909e+01,4.791265000000000107e-01,1.463833666666666613e+04
2.695500000000000000e+03,9.038284000000000162e+01,4.795399999999999663e-01,1.474669666666666672e+04
2.705500000000000000e+03,9.038284000000000162e+01,4.796143999999999963e-01,1.485546333333333678e+04
2.715500000000000000e+03,9.038570000000001414e+01,4.783483999999999514e-01,1.496464666666666380e+04
2.725500000000000000e+03,9.038998999999999739e+01,4.789413999999999616e-01,1.507419666666666490e+04
2.735500000000000000e+03,9.038855999999999824e+01,4.775958000000000148e-01,1.518415999999999985e+04
2.745500000000000000e+03,9.038284000000001583e+01,4.798341999999999885e-01,1.529451666666666824e+04
2.755500000000000000e+03,9.038855999999998403e+01,4.782238000000000322e-01,1.540528666666666686e+04
2.765500000000000000e+03,9.037998000000000332e+01,4.796672999999999076e-01,1.551643333333333067e+04
2.775500000000000000e+03,9.038141000000000247e+01,4.793444000000000038e-01,1.562801333333333241e+04
2.785500000000000000e+03,9.037712000000000501e+01,4.790228999999999182e-01,1.574001666666666824e+04
2.795500000000000000e+03,9.037997999999998910e+01,4.780143000000000586e-01,1.585245000000000073e+04
2.805500000000000000e+03,9.038140999999998826e+01,4.778894000000000197e-01,1.596526999999999862e+04
2.815500000000000000e+03,9.037998000000000332e+01,4.772367000000000137e-01,1.607851000000000022e+04
2.825500000000000000e+03,9.037568999999999164e+01,4.796684999999999977e-01,1.619212666666666701e+04
2.835500000000000000e+03,9.038284000000001583e+01,4.795019999999999838e-01,1.630613666666666904e+04
2.845500000000000000e+03,9.038141000000000247e+01,4.808070999999999873e-01,1.642051666666667006e+04
2.855500000000000000e+03,9.038427000000000078e+01,4.802417999999999410e-01,1.653532999999999811e+04
2.865500000000000000e+03,9.038141000000000247e+01,4.793388000000000093e-01,1.665057999999999811e+04
2.875500000000000000e+03,9.037568999999999164e+01,4.796118000000000881e-01,1.676626333333332877e+04
2.885500000000000000e+03,9.037998000000000332e+01,4.800855000000000539e-01,1.688237333333333663e+04
2.895500000000000000e+03,9.037711999999999080e+01,4.805335999999999497e-01,1.699889333333333343e+04
2.905500000000000000e+03,9.037568999999999164e+01,4.806911999999999852e-01,1.711581333333333168e+04
2.915500000000000000e+03,9.037568999999999164e+01,4.784015000000000351e-01,1.723316000000000349e+04
2.925500000000000000e+03,9.037282999999999333e+01,4.788924999999999987e-01,1.735090333333333547e+04
2.935500000000000000e+03,9.037282999999999333e+01,4.802349999999999675e-01,1.746907333333333008e+04
2.945500000000000000e+03,9.037998000000000332e+01,4.790434999999999555e-01,1.758762666666666701e+04
2.955500000000000000e+03,9.037282999999999333e+01,4.788180000000000769e-01,1.770659000000000378e+04
2.965500000000000000e+03,9.037282999999999333e+01,4.768400000000000416e-01,1.782593999999999505e+04
2.975500000000000000e+03,9.037854999999998995e+01,4.791108999999999507e-01,1.794567666666666628e+04
2.985500000000000000e+03,9.037139999999999418e+01,4.776285000000000669e-01,1.806581333333333532e+04
2.995500000000000000e+03,9.037425999999997828e+01,4.793079999999999563e-01,1.818632333333333008e+04
3.005500000000000000e+03,9.037568999999999164e+01,4.777674999999999561e-01,1.830726999999999680e+04
3.015500000000000000e+03,9.037426000000000670e+01,4.792284999999999462e-01,1.842857333333333008e+04
3.025500000000000000e+03,9.037282999999999333e+01,4.792620000000000213e-01,1.855029999999999563e+04
3.035500000000000000e+03,9.037139999999999418e+01,4.807643000000000333e-01,1.867240333333333183e+04
3.045500000000000000e+03,9.037282999999999333e+01,4.791633000000000142e-01,1.879488333333333503e+04
3.055500000000000000e+03,9.036854999999999905e+01,4.798885000000000511e-01,1.891773333333333358e+04
3.065500000000000000e+03,9.036996999999999503e+01,4.784996999999999723e-01,1.904098333333333721e+04
3.075500000000000000e+03,9.036997999999999820e+01,4.786728000000000094e-01,1.916462000000000262e+04
3.085500000000000000e+03,9.036854999999999905e+01,4.756857999999999365e-01,1.928863666666666904e+04
3.095500000000000000e+03,9.037568999999999164e+01,4.800235999999999947e-01,1.941305333333333692e+04
3.105500000000000000e+03,9.037282999999999333e+01,4.792633000000000587e-01,1.953786999999999898e+04
3.115500000000000000e+03,9.037139999999999418e+01,4.790992999999999502e-01,1.966313333333333139e+04
3.125500000000000000e+03,9.036996999999999503e+01,4.786694999999999700e-01,1.978877333333333445e+04
3.135500000000000000e+03,9.036854999999999905e+01,4.777778999999999776e-01,1.991481999999999971e+04
3.145500000000000000e+03,9.036996999999999503e+01,4.793526000000000176e-01,2.004126333333333241e+04
3.155500000000000000e+03,9.036283999999997718e+01,4.807735000000000203e-01,2.016808000000000175e+04
3.165500000000000000e+03,9.036426999999999055e+01,4.766825000000000090e-01,2.029530333333333692e+04
3.175500000000000000e+03,9.036569000000000074e+01,4.793512999999999802e-01,2.042291666666666424e+04
3.185500000000000000e+03,9.036569999999998970e+01,4.805889999999999884e-01,2.055088999999999942e+04
3.195500000000000000e+03,9.036569000000000074e+01,4.789451999999999599e-01,2.067927999999999884e+04
3.205500000000000000e+03,9.036282999999998822e+01,4.783620999999999013e-01,2.080806000000000131e+04
3.215500000000000000e+03,9.037282999999999333e+01,4.780660999999999383e-01,2.093725000000000000e+04
3.225500000000000000e+03,9.036425999999998737e+01,4.793459000000000469e-01,2.106689666666666744e+04
3.235500000000000000e+03,9.035712999999999795e+01,4.776328000000000240e-01,2.119692333333333227e+04
3.245500000000000000e+03,9.035712999999999795e+01,4.782171000000000061e-01,2.132734666666666453e+04
3.255500000000000000e+03,9.036425999999998737e+01,4.779957999999999707e-01,2.145823666666666759e+04
3.265500000000000000e+03,9.036283999999999139e+01,4.789835000000000065e-01,2.158960333333333620e+04
3.275500000000000000e+03,9.035569999999999879e+01,4.770543999999999341e-01,2.172137999999999738e+04
3.285500000000000000e+03,9.036141000000000645e+01,4.798850000000000060e-01,2.185357666666666773e+04
3.295500000000000000e+03,9.036710999999999672e+01,4.808301000000000380e-01,2.198612666666666701e+04
3.305500000000000000e+03,9.036140000000000327e+01,4.781641999999999837e-01,2.211906666666666570e+04
3.315500000000000000e+03,9.035569999999998458e+01,4.758821999999999219e-01,2.225240333333333547e+04
3.325500000000000000e+03,9.035570999999998776e+01,4.772121000000000279e-01,2.238612666666666701e+04
3.335500000000000000e+03,9.035569000000000983e+01,4.794238999999999029e-01,2.252025666666666439e+04
3.345500000000000000e+03,9.035997999999999308e+01,4.770170000000000243e-01,2.265477999999999520e+04
3.355500000000000000e+03,9.035426999999999964e+01,4.762269000000000641e-01,2.278970000000000073e+04
3.365500000000000000e+03,9.035142000000000451e+01,4.780031000000000141e-01,2.292502666666666482e+04
3.375500000000000000e+03,9.034999999999999432e+01,4.762992999999999810e-01,2.306075666666666439e+04
3.385500000000000000e+03,9.034572000000000003e+01,4.762005000000000265e-01,2.319692666666666628e+04
3.395500000000000000e+03,9.034430000000000405e+01,4.762491999999999837e-01,2.333350000000000000e+04
3.405500000000000000e+03,9.034857999999999834e+01,4.775375000000000592e-01,2.347050000000000000e+04
3.415500000000000000e+03,9.034712999999999283e+01,4.761499000000000703e-01,2.360789333333333343e+04
3.425500000000000000e+03,9.034716000000000236e+01,4.773242999999999792e-01,2.374570999999999913e+04
3.435500000000000000e+03,9.034427999999999770e+01,4.794891000000000569e-01,2.388392333333333227e+04
3.445500000000000000e+03,9.033716999999998620e+01,4.758288000000000517e-01,2.402259333333333052e+04
3.455500000000000000e+03,9.034004000000001611e+01,4.765103000000000533e-01,2.416167333333333227e+04
3.465500000000000000e+03,9.034714999999998497e+01,4.778709999999999347e-01,2.430113333333333139e+04
3.475500000000000000e+03,9.033574999999999022e+01,4.775429999999999953e-01,2.444096333333333314e+04
3.485500000000000000e+03,9.033574999999999022e+01,4.758643000000000178e-01,2.458122000000000116e+04
3.495500000000000000e+03,9.033288999999999191e+01,4.769677999999999973e-01,2.472189000000000306e+04
3.505500000000000000e+03,9.033432000000000528e+01,4.774808999999999304e-01,2.486298666666666759e+04
3.515500000000000000e+03,9.033859999999999957e+01,4.780426000000000397e-01,2.500447000000000116e+04
3.525500000000000000e+03,9.033144999999998959e+01,4.755110999999999644e-01,2.514634333333333052e+04
3.535500000000000000e+03,9.033717999999998938e+01,4.771295000000000397e-01,2.528861666666666861e+04
3.545500000000000000e+03,9.033574999999999022e+01,4.754582000000001085e-01,2.543128333333333285e+04
3.555500000000000000e+03,9.033288999999999191e+01,4.775313999999999948e-01,2.557435666666666657e+04
3.565500000000000000e+03,9.033288999999999191e+01,4.775868999999999254e-01,2.571781333333333168e+04
3.575500000000000000e+03,9.033288999999999191e+01,4.768788999999999945e-01,2.586163333333333139e+04
3.585500000000000000e+03,9.033145999999999276e+01,4.795213999999999865e-01,2.600581999999999971e+04
3.595500000000000000e+03,9.032860000000000866e+01,4.758639000000000618e-01,2.615035999999999694e+04
3.605500000000000000e+03,9.033145999999999276e+01,4.757380000000000497e-01,2.629523999999999796e+04
3.615500000000000000e+03,9.033431999999999107e+01,4.765536000000000216e-01,2.644050333333333401e+04
3.625500000000000000e+03,9.033003000000000782e+01,4.756108999999999476e-01,2.658615333333333183e+04
3.635500000000000000e+03,9.032859999999998024e+01,4.759979000000000293e-01,2.673222333333333518e+04
3.645500000000000000e+03,9.033145999999999276e+01,4.781113999999999642e-01,2.687870000000000073e+04
3.655500000000000000e+03,9.032860000000000866e+01,4.769382000000000343e-01,2.702558666666666250e+04
3.665500000000000000e+03,9.032860000000000866e+01,4.761818000000000994e-01,2.717283333333333212e+04
3.675500000000000000e+03,9.032716999999999530e+01,4.771837999999998803e-01,2.732051666666666279e+04
3.685500000000000000e+03,9.033002999999999361e+01,4.762163000000000368e-01,2.746859000000000378e+04
3.695500000000000000e+03,9.032860000000000866e+01,4.773108999999998714e-01,2.761704666666666890e+04
3.705500000000000000e+03,9.032430999999999699e+01,4.768075999999999981e-01,2.776589666666666744e+04
3.715500000000000000e+03,9.032716999999999530e+01,4.754983999999999322e-01,2.791510999999999694e+04
3.725500000000000000e+03,9.032431000000001120e+01,4.772250999999999577e-01,2.806471666666666351e+04
3.735500000000000000e+03,9.032288000000001205e+01,4.778734999999999511e-01,2.821469333333333634e+04
3.745500000000000000e+03,9.032573999999999614e+01,4.775908000000000375e-01,2.836506666666666206e+04
3.755500000000000000e+03,9.032144999999999868e+01,4.753025000000000166e-01,2.851581999999999971e+04
3.765500000000000000e+03,9.032716999999999530e+01,4.756334999999999869e-01,2.866696666666666351e+04
3.775500000000000000e+03,9.032287999999998362e+01,4.769621999999998918e-01,2.881854666666666890e+04
3.785500000000000000e+03,9.032288000000001205e+01,4.746924000000000143e-01,2.897052333333333445e+04
3.795500000000000000e+03,9.032573999999999614e+01,4.769565000000000055e-01,2.912288666666666541e+04
3.805500000000000000e+03,9.032430999999999699e+01,4.776042999999999816e-01,2.927565333333333183e+04
3.815500000000000000e+03,9.032144999999999868e+01,4.758040999999999521e-01,2.942879666666666890e+04
3.825500000000000000e+03,9.032144999999999868e+01,4.782249000000000083e-01,2.958235333333333256e+04
3.835500000000000000e+03,9.031716000000000122e+01,4.750414000000000025e-01,2.973629333333333489e+04
3.845500000000000000e+03,9.031859000000000037e+01,4.760800000000000587e-01,2.989065666666666584e+04
3.855500000000000000e+03,9.031715999999998701e+01,4.757388999999999646e-01,3.004539000000000306e+04
3.865500000000000000e+03,9.032001999999999953e+01,4.771675000000000222e-01,3.020052000000000044e+04
3.875500000000000000e+03,9.032288000000001205e+01,4.762058999999999598e-01,3.035602999999999884e+04
3.885500000000000000e+03,9.031716000000000122e+01,4.776395999999999975e-01,3.051197000000000116e+04
3.895500000000000000e+03,9.032001999999999953e+01,4.745157000000000957e-01,3.066828999999999724e+04
3.905500000000000000e+03,9.031430000000000291e+01,4.745788000000000229e-01,3.082501333333333605e+04
3.915500000000000000e+03,9.031144000000000460e+01,4.766716999999999760e-01,3.098216666666666788e+04
3.925500000000000000e+03,9.031859000000000037e+01,4.757033999999999985e-01,3.113975999999999840e+04
3.935500000000000000e+03,9.031430000000000291e+01,4.753826999999999359e-01,3.129774333333332834e+04
3.945500000000000000e+03,9.030571999999999377e+01,4.761879999999999447e-01,3.145609333333333416e+04
3.955500000000000000e+03,9.030858000000000629e+01,4.758396000000000292e-01,3.161482666666667137e+04
3.965500000000000000e+03,9.030858000000000629e+01,4.768571999999999811e-01,3.177398333333333721e+04
3.975500000000000000e+03,9.031001000000000545e+01,4.751013000000000597e-01,3.193352333333333809e+04
3.985500000000000000e+03,9.030715000000000714e+01,4.763353000000000170e-01,3.209344333333333634e+04
3.995500000000000000e+03,9.030571999999999377e+01,4.775955999999998980e-01,3.225380999999999767e+04
4.005500000000000000e+03,9.029285000000000139e+01,4.775098999999999871e-01,3.241459999999999854e+04
4.015500000000000000e+03,9.030858000000000629e+01,4.754696999999999951e-01,3.257578333333333649e+04
4.025500000000000000e+03,9.030858000000000629e+01,4.765818000000000554e-01,3.273736000000000422e+04
4.035500000000000000e+03,9.029999999999999716e+01,4.757994000000000945e-01,3.289933333333332848e+04
4.045500000000000000e+03,9.029713999999998464e+01,4.757328000000001222e-01,3.306169000000000233e+04
4.055500000000000000e+03,9.028999000000000308e+01,4.763254000000000654e-01,3.322440666666666948e+04
4.065500000000000000e+03,9.029141999999998802e+01,4.765829000000000315e-01,3.338749000000000524e+04
4.075500000000000000e+03,9.029857000000001221e+01,4.767433999999999839e-01,3.355097666666666919e+04
4.085500000000000000e+03,9.028713000000000477e+01,4.761070000000000024e-01,3.371484666666666453e+04
4.095500000000000000e+03,9.028713000000000477e+01,4.749381000000000297e-01,3.387910333333333256e+04
4.105500000000000000e+03,9.028569999999999141e+01,4.760773000000000366e-01,3.404375333333333401e+04
4.115500000000000000e+03,9.029427999999998633e+01,4.748903000000000429e-01,3.420880333333333692e+04
4.125500000000000000e+03,9.029713999999999885e+01,4.775674000000000308e-01,3.437426666666666279e+04
4.135500000000000000e+03,9.029285000000001560e+01,4.763806000000000429e-01,3.454013666666667268e+04
4.145500000000000000e+03,9.029285000000000139e+01,4.761010999999999993e-01,3.470641666666666424e+04
4.155500000000000000e+03,9.028427000000000646e+01,4.765113000000000265e-01,3.487304333333333489e+04
4.165500000000000000e+03,9.028856000000000392e+01,4.761609000000001091e-01,3.504003333333333285e+04
4.175500000000000000e+03,9.028999000000000308e+01,4.752777000000000251e-01,3.520738999999999942e+04
4.185500000000000000e+03,9.028427000000002067e+01,4.752134000000000080e-01,3.537513666666666541e+04
4.195500000000000000e+03,9.028570000000000562e+01,4.769671999999999801e-01,3.554325000000000000e+04
4.205500000000000000e+03,9.028141000000000815e+01,4.748423999999999978e-01,3.571175333333333401e+04
4.215500000000000000e+03,9.028283999999999310e+01,4.755948999999999316e-01,3.588065666666666220e+04
4.225500000000000000e+03,9.028570000000000562e+01,4.767303999999999431e-01,3.604995333333333110e+04
4.235500000000000000e+03,9.027712000000001069e+01,4.758038999999999463e-01,3.621965666666666220e+04
4.245500000000000000e+03,9.027997999999999479e+01,4.770193999999999823e-01,3.638974000000000524e+04
4.255500000000000000e+03,9.027283000000001323e+01,4.763682999999999668e-01,3.656023333333333721e+04
4.265500000000000000e+03,9.027569000000001154e+01,4.757945000000000091e-01,3.673113333333333867e+04
4.275500000000000000e+03,9.026998000000000388e+01,4.755279000000000034e-01,3.690242333333333954e+04
4.285500000000000000e+03,9.026998999999999285e+01,4.755856000000000527e-01,3.707411000000000058e+04
4.295500000000000000e+03,9.026998000000000388e+01,4.764916000000000151e-01,3.724619333333333634e+04
4.305500000000000000e+03,9.026427000000001044e+01,4.761927999999999161e-01,3.741878333333333285e+04
4.315500000000000000e+03,9.026570000000000960e+01,4.751485000000000847e-01,3.759181666666666570e+04
4.325500000000000000e+03,9.026568999999999221e+01,4.749749999999999805e-01,3.776527999999999884e+04
4.335500000000000000e+03,9.026428000000001362e+01,4.750091000000000174e-01,3.793914666666666744e+04
4.345500000000000000e+03,9.025570000000000448e+01,4.751445000000000252e-01,3.811345333333333110e+04
4.355500000000000000e+03,9.025996999999999559e+01,4.775890999999999886e-01,3.828816000000000349e+04
4.365500000000000000e+03,9.025854999999999961e+01,4.751500000000000168e-01,3.846327000000000407e+04
4.375500000000000000e+03,9.025285999999999831e+01,4.767463999999999591e-01,3.863881666666666570e+04
4.385500000000000000e+03,9.025571000000000765e+01,4.748696000000000583e-01,3.881477000000000407e+04
4.395500000000000000e+03,9.024998999999999683e+01,4.764040000000000497e-01,3.899110333333333256e+04
4.405500000000000000e+03,9.025428000000000850e+01,4.755146999999999013e-01,3.916782333333333372e+04
4.415500000000000000e+03,9.025428000000000850e+01,4.770509000000000555e-01,3.934495666666666511e+04
4.425500000000000000e+03,9.024572000000000571e+01,4.759521999999999364e-01,3.952246666666666715e+04
4.435500000000000000e+03,9.025141000000000702e+01,4.762378999999999918e-01,3.970037000000000262e+04
4.445500000000000000e+03,9.024714000000000169e+01,4.763137999999999539e-01,3.987865333333333547e+04
4.455500000000000000e+03,9.024855999999999767e+01,4.771904000000000146e-01,4.005733000000000175e+04
4.465500000000000000e+03,9.024143999999998300e+01,4.759798999999999003e-01,4.023641666666666424e+04
4.475500000000000000e+03,9.024000999999999806e+01,4.761087999999999987e-01,4.041590000000000146e+04
4.485500000000000000e+03,9.024715000000000487e+01,4.754971999999999532e-01,4.059578333333332557e+04
4.495500000000000000e+03,9.024143999999998300e+01,4.760592000000000157e-01,4.077605666666666366e+04
4.505500000000000000e+03,9.023429999999999040e+01,4.758882999999999863e-01,4.095673333333333721e+04
4.515500000000000000e+03,9.023857999999999890e+01,4.768894000000000188e-01,4.113777333333333081e+04
4.525500000000000000e+03,9.023572999999998956e+01,4.761521000000000226e-01,4.131921333333333314e+04
4.535500000000000000e+03,9.024572000000000571e+01,4.770197000000000465e-01,4.150104666666666890e+04
4.545500000000000000e+03,9.023430999999997937e+01,4.759612999999999761e-01,4.168327666666666482e+04
4.555500000000000000e+03,9.024000999999998385e+01,4.765191999999999761e-01,4.186591666666667152e+04
4.565500000000000000e+03,9.023287999999999442e+01,4.760754000000000374e-01,4.204895333333333110e+04
4.575500000000000000e+03,9.023145999999999844e+01,4.757542000000000160e-01,4.223240666666666220e+04
4.585500000000000000e+03,9.023287000000000546e+01,4.763260999999999745e-01,4.241631666666666570e+04
4.595500000000000000e+03,9.023143999999999210e+01,4.762397999999999909e-01,4.260064333333333343e+04
4.605500000000000000e+03,9.023286999999999125e+01,4.767526000000000264e-01,4.278536666666666861e+04
4.615500000000000000e+03,9.023144999999999527e+01,4.767697000000000185e-01,4.297050666666666802e+04
4.625500000000000000e+03,9.023144999999999527e+01,4.756188000000000637e-01,4.315603333333333285e+04
4.635500000000000000e+03,9.023287999999999442e+01,4.763481000000000520e-01,4.334201666666666279e+04
4.645500000000000000e+03,9.022859999999998593e+01,4.780616000000000310e-01,4.352842666666666628e+04
4.655500000000000000e+03,9.022858999999999696e+01,4.764473999999999654e-01,4.371526000000000204e+04
4.665500000000000000e+03,9.023143999999999210e+01,4.769216000000000011e-01,4.390248333333332994e+04
4.675500000000000000e+03,9.022860000000000014e+01,4.775300000000000655e-01,4.409011000000000058e+04
4.685500000000000000e+03,9.022572999999999865e+01,4.761238000000000414e-01,4.427814333333333343e+04
4.695500000000000000e+03,9.022287999999998931e+01,4.762220000000000342e-01,4.446661000000000058e+04
4.705500000000000000e+03,9.022573999999998762e+01,4.768411999999999651e-01,4.465549666666667326e+04
4.715500000000000000e+03,9.022288000000000352e+01,4.773507999999999640e-01,4.484477333333333081e+04
4.725500000000000000e+03,9.022572999999998444e+01,4.770094999999999752e-01,4.503449333333333198e+04
4.735500000000000000e+03,9.022144000000000119e+01,4.762590999999999353e-01,4.522466999999999825e+04
4.745500000000000000e+03,9.022429999999999950e+01,4.762498000000000009e-01,4.541528333333333285e+04
4.755500000000000000e+03,9.022430999999998846e+01,4.766161999999999344e-01,4.560633999999999651e+04
4.765500000000000000e+03,9.022145000000000437e+01,4.759797000000000056e-01,4.579776333333333605e+04
4.775500000000000000e+03,9.022144999999999015e+01,4.756042000000000880e-01,4.598961000000000058e+04
4.785500000000000000e+03,9.022144999999997594e+01,4.759729000000000321e-01,4.618185000000000582e+04
4.795500000000000000e+03,9.022002000000000521e+01,4.759411000000000058e-01,4.637451999999999680e+04
4.805500000000000000e+03,9.022288000000000352e+01,4.754732000000000403e-01,4.656775333333333401e+04
4.815500000000000000e+03,9.021858999999999185e+01,4.752499000000000029e-01,4.676140333333333547e+04
4.825500000000000000e+03,9.022002000000000521e+01,4.748267999999999378e-01,4.695547000000000844e+04
4.835500000000000000e+03,9.021715999999999269e+01,4.762838000000000349e-01,4.714995999999999913e+04
4.845500000000000000e+03,9.022144999999999015e+01,4.755995000000000639e-01,4.734486333333334187e+04
4.855500000000000000e+03,9.022287000000000035e+01,4.752952000000000288e-01,4.754018666666666104e+04
4.865500000000000000e+03,9.022144999999999015e+01,4.758953000000000211e-01,4.773591999999999825e+04
4.875500000000000000e+03,9.021715999999999269e+01,4.753759000000000734e-01,4.793209666666666453e+04
4.885500000000000000e+03,9.021715999999999269e+01,4.758407000000000053e-01,4.812871333333332586e+04
4.895500000000000000e+03,9.022002000000000521e+01,4.768008000000000246e-01,4.832577666666666482e+04
4.905500000000000000e+03,9.021858999999999185e+01,4.760045999999999999e-01,4.852326000000000204e+04
4.915500000000000000e+03,9.021572999999997933e+01,4.751007999999999898e-01,4.872116999999999825e+04
4.925500000000000000e+03,9.021715999999999269e+01,4.761277999999999899e-01,4.891946666666666715e+04
4.935500000000000000e+03,9.021572999999997933e+01,4.766979999999999551e-01,4.911820000000000437e+04
4.945500000000000000e+03,9.021429999999999438e+01,4.752558999999999534e-01,4.931731666666666570e+04
4.955500000000000000e+03,9.021429999999999438e+01,4.760777999999999954e-01,4.951685333333333256e+04
4.965500000000000000e+03,9.021572999999997933e+01,4.763872000000000106e-01,4.971680000000000291e+04
4.975500000000000000e+03,9.021572999999997933e+01,4.753816000000000708e-01,4.991719333333333634e+04
4.985500000000000000e+03,9.021715999999999269e+01,4.752816000000000263e-01,5.011800999999999476e+04
4.995500000000000000e+03,9.021429999999999438e+01,4.757751000000000619e-01,5.031925000000000728e+04
