5.500000000000000000e+00,7.610572000000000514e+01,7.408044599999999491e+01,1.453413813333333249e-02
1.550000000000000000e+01,8.123427000000000930e+01,6.083740999999999843e+00,8.208903666666667043e-02
2.550000000000000000e+01,8.598573000000001798e+01,3.167594999999999494e+00,2.081603999999999954e-01
3.550000000000000000e+01,8.896572000000000457e+01,2.166567999999999827e+00,3.937871999999999484e-01
4.550000000000000000e+01,8.890856999999999744e+01,1.591964000000000157e+00,6.671532333333332065e-01
5.550000000000000000e+01,8.837143000000000370e+01,1.311326999999999909e+00,1.007404466666666609e+00
6.550000000000000000e+01,8.825712999999998942e+01,1.055290000000000061e+00,1.406591666666666685e+00
7.550000000000000000e+01,8.818143000000000598e+01,8.905435000000000434e-01,1.865155333333333276e+00
8.550000000000000000e+01,8.853714999999999691e+01,7.373378999999999905e-01,2.383861999999999703e+00
9.550000000000000000e+01,8.913858999999999355e+01,6.363816000000001027e-01,2.962105666666666970e+00
1.055000000000000000e+02,8.907286000000000570e+01,6.084183000000000785e-01,3.657169666666666874e+00
1.155000000000000000e+02,8.941714000000001761e+01,5.526408000000000431e-01,4.437701333333333942e+00
1.255000000000000000e+02,8.943430000000000746e+01,5.046562999999999466e-01,5.282258000000000564e+00
1.355000000000000000e+02,8.941427999999999088e+01,4.682503000000000637e-01,6.198585000000000456e+00
1.455000000000000000e+02,8.962571999999998695e+01,4.682311000000000112e-01,7.190054000000000833e+00
1.555000000000000000e+02,8.940285000000000082e+01,4.383635000000000170e-01,8.262130333333333354e+00
1.655000000000000000e+02,8.880857999999999208e+01,4.120782000000000056e-01,9.409864999999999924e+00
1.755000000000000000e+02,8.884571000000001106e+01,3.857997000000000232e-01,1.062799666666666631e+01
1.855000000000000000e+02,8.881857000000000824e+01,3.730699000000000654e-01,1.191512999999999955e+01
1.955000000000000000e+02,8.868142000000000280e+01,3.675507000000000080e-01,1.326709000000000138e+01
2.055000000000000000e+02,8.880855999999998573e+01,3.740690999999999877e-01,1.468301666666666883e+01
2.155000000000000000e+02,8.891143999999999892e+01,3.567125999999999908e-01,1.616735333333333102e+01
2.255000000000000000e+02,8.896572000000000457e+01,3.550788999999999751e-01,1.774156333333333180e+01
2.355000000000000000e+02,8.905857000000000312e+01,3.537578000000000111e-01,1.937540666666667022e+01
2.455000000000000000e+02,8.905857999999999208e+01,3.379798999999999998e-01,2.106630666666666585e+01
2.555000000000000000e+02,8.911713000000000306e+01,3.310816999999999788e-01,2.281429666666666733e+01
2.655000000000000000e+02,8.932142999999999233e+01,3.182445000000000412e-01,2.461881999999999948e+01
2.755000000000000000e+02,8.933858000000000743e+01,3.085737000000000063e-01,2.647853333333333126e+01
2.855000000000000000e+02,8.947572000000000969e+01,3.089867000000000585e-01,2.839794999999999803e+01
2.955000000000000000e+02,8.952285999999999433e+01,3.018636000000000097e-01,3.041404666666666756e+01
3.055000000000000000e+02,8.954999000000000819e+01,2.918262999999999829e-01,3.251843999999999824e+01
3.155000000000000000e+02,8.956284999999999741e+01,2.878965999999999470e-01,3.468480999999999881e+01
3.255000000000000000e+02,8.950714000000000681e+01,2.796655000000000113e-01,3.690838000000000108e+01
3.355000000000000000e+02,8.954285000000001560e+01,2.805963000000000207e-01,3.918939999999999912e+01
3.455000000000000000e+02,8.978570999999999458e+01,2.769665000000000044e-01,4.152703000000000344e+01
3.555000000000000000e+02,8.955857000000000312e+01,2.763890999999999432e-01,4.392002666666667210e+01
3.655000000000000000e+02,8.974429999999998131e+01,2.726951000000000791e-01,4.636987666666666286e+01
3.755000000000000000e+02,8.969427000000000305e+01,2.700536000000000048e-01,4.887675333333333327e+01
3.855000000000000000e+02,8.979142999999999120e+01,2.692199000000000120e-01,5.144097000000000719e+01
3.955000000000000000e+02,8.976001000000000829e+01,2.672039999999999971e-01,5.406259333333333927e+01
4.055000000000000000e+02,8.988286000000000797e+01,2.649386000000000241e-01,5.674194666666666365e+01
4.155000000000000000e+02,8.986141999999999541e+01,2.635465000000000169e-01,5.948099333333333050e+01
4.255000000000000000e+02,8.994570999999999117e+01,2.622634999999999272e-01,6.227765666666666533e+01
4.355000000000000000e+02,8.997572999999999865e+01,2.606192999999999982e-01,6.513000333333333458e+01
4.455000000000000000e+02,9.000857999999999493e+01,2.583948000000000356e-01,6.803909333333334075e+01
4.555000000000000000e+02,8.993429999999997904e+01,2.573030000000000039e-01,7.100235666666665679e+01
4.655000000000000000e+02,9.001569999999999538e+01,2.560704999999999787e-01,7.401948666666666554e+01
4.755000000000000000e+02,8.999287000000001058e+01,2.535763000000000322e-01,7.709007666666666125e+01
4.855000000000000000e+02,9.004141999999998802e+01,2.524639000000000189e-01,8.021580666666666559e+01
4.955000000000000000e+02,9.002571000000001789e+01,2.510046999999999695e-01,8.339841666666666242e+01
5.055000000000000000e+02,9.014141999999999655e+01,2.492150999999999672e-01,8.663766999999998575e+01
5.155000000000000000e+02,9.012430000000000518e+01,2.496988999999999737e-01,8.993315666666666175e+01
5.255000000000000000e+02,9.005572000000000799e+01,2.458966999999999958e-01,9.328586333333332448e+01
5.355000000000000000e+02,9.019285000000000707e+01,2.464784999999999893e-01,9.671196000000000481e+01
5.455000000000000000e+02,9.018571000000000026e+01,2.437027999999999694e-01,1.002166333333333341e+02
5.555000000000000000e+02,9.030427000000000248e+01,2.379671000000000147e-01,1.037812233333333296e+02
5.655000000000000000e+02,9.037000000000000455e+01,2.378080999999999945e-01,1.074052000000000078e+02
5.755000000000000000e+02,9.029142000000000223e+01,2.322604000000000057e-01,1.110886333333333198e+02
5.855000000000000000e+02,9.032002000000001374e+01,2.327998000000000012e-01,1.148312999999999846e+02
5.955000000000000000e+02,9.039571000000000822e+01,2.312136000000000191e-01,1.186320333333333394e+02
6.055000000000000000e+02,9.033142999999999745e+01,2.303375000000000006e-01,1.224948333333333466e+02
6.155000000000000000e+02,9.033856999999999005e+01,2.317366999999999899e-01,1.264173666666666520e+02
6.255000000000000000e+02,9.029714000000001306e+01,2.289849999999999941e-01,1.304043333333333408e+02
6.355000000000000000e+02,9.034286000000000172e+01,2.297347000000000139e-01,1.344659333333333393e+02
6.455000000000000000e+02,9.037713999999999714e+01,2.292508999999999797e-01,1.386012666666666746e+02
6.555000000000000000e+02,9.031001999999999441e+01,2.270747000000000182e-01,1.428113666666666575e+02
6.655000000000000000e+02,9.032428000000000168e+01,2.275774000000000130e-01,1.470991666666666902e+02
6.755000000000000000e+02,9.029855999999999483e+01,2.262074000000000029e-01,1.514582000000000050e+02
6.855000000000000000e+02,9.036143000000001280e+01,2.261873999999999829e-01,1.558826666666666938e+02
6.955000000000000000e+02,9.036713999999999203e+01,2.255369000000000401e-01,1.603737333333333481e+02
7.055000000000000000e+02,9.036285999999999774e+01,2.256643999999999595e-01,1.649396666666666533e+02
7.155000000000000000e+02,9.034858999999998730e+01,2.237197000000000213e-01,1.695773999999999546e+02
7.255000000000000000e+02,9.036859000000001174e+01,2.233804999999999819e-01,1.742800000000000011e+02
7.355000000000000000e+02,9.033856000000000108e+01,2.236554000000000042e-01,1.790439666666666767e+02
7.455000000000000000e+02,9.032714000000001420e+01,2.217817999999999734e-01,1.838793666666666695e+02
7.555000000000000000e+02,9.026714999999998668e+01,2.204872999999999972e-01,1.887929666666666719e+02
7.655000000000000000e+02,9.037858999999998844e+01,2.208110000000000073e-01,1.937748333333333335e+02
7.755000000000000000e+02,9.036142999999999859e+01,2.198315000000000130e-01,1.988308333333333451e+02
7.855000000000000000e+02,9.032573000000000718e+01,2.197707000000000410e-01,2.039605999999999995e+02
7.955000000000000000e+02,9.031569999999999254e+01,2.193459999999999854e-01,2.091624000000000194e+02
8.055000000000000000e+02,9.032286999999999466e+01,2.188043999999999545e-01,2.144333666666666431e+02
8.155000000000000000e+02,9.026000000000001933e+01,2.186306999999999834e-01,2.197708999999999833e+02
8.255000000000000000e+02,9.028570999999999458e+01,2.191715999999999942e-01,2.251807333333333077e+02
8.355000000000000000e+02,9.025001000000000317e+01,2.176503999999999939e-01,2.306687333333333356e+02
8.455000000000000000e+02,9.029142999999999120e+01,2.181611000000000244e-01,2.362300666666666586e+02
8.555000000000000000e+02,9.025284000000000617e+01,2.176697999999999966e-01,2.418590666666666493e+02
8.655000000000000000e+02,9.015570999999999913e+01,2.161635999999999558e-01,2.475501999999999896e+02
8.755000000000000000e+02,9.023285999999998808e+01,2.166444000000000147e-01,2.533045333333333531e+02
8.855000000000000000e+02,9.025284999999999513e+01,2.161304000000000280e-01,2.591259666666666703e+02
8.955000000000000000e+02,9.020143000000000200e+01,2.151352000000000264e-01,2.650151999999999930e+02
9.055000000000000000e+02,9.024855000000000871e+01,2.151663000000000048e-01,2.709708333333333599e+02
9.155000000000000000e+02,9.025855999999998858e+01,2.149811000000000083e-01,2.769895000000000209e+02
9.255000000000000000e+02,9.027855999999999881e+01,2.143797000000000064e-01,2.830717333333333272e+02
9.355000000000000000e+02,9.029857000000001221e+01,2.141557000000000044e-01,2.892168000000000347e+02
9.455000000000000000e+02,9.032712999999998260e+01,2.150658000000000292e-01,2.954256999999999493e+02
9.555000000000000000e+02,9.032713999999998578e+01,2.136786999999999992e-01,3.016981999999999857e+02
9.655000000000000000e+02,9.033714000000000510e+01,2.138378999999999697e-01,3.080349666666666621e+02
9.755000000000000000e+02,9.034429000000000087e+01,2.139494999999999592e-01,3.144437666666667042e+02
9.855000000000000000e+02,9.036285000000000878e+01,2.134439999999999671e-01,3.209171333333333109e+02
9.955000000000000000e+02,9.035855000000000814e+01,2.134528999999999732e-01,3.274532666666666501e+02
1.005500000000000000e+03,9.040430000000000632e+01,2.136721000000000037e-01,3.340529000000000224e+02
1.015500000000000000e+03,9.041000999999999976e+01,2.135134999999999950e-01,3.407150333333333379e+02
1.025500000000000000e+03,9.041000999999999976e+01,2.130274000000000056e-01,3.474376666666667006e+02
1.035500000000000000e+03,9.041286000000000911e+01,2.126783999999999897e-01,3.542189666666666881e+02
1.045500000000000000e+03,9.040427000000002522e+01,2.118696999999999941e-01,3.610593000000000075e+02
1.055500000000000000e+03,9.041428999999999405e+01,2.113805999999999741e-01,3.679592666666666787e+02
1.065500000000000000e+03,9.039713000000001841e+01,2.111143999999999799e-01,3.749196000000000026e+02
1.075500000000000000e+03,9.043855999999999540e+01,2.111886999999999792e-01,3.819389666666666585e+02
1.085500000000000000e+03,9.041573000000001059e+01,2.103199999999999792e-01,3.890182333333333418e+02
1.095500000000000000e+03,9.043429000000000428e+01,2.105566999999999855e-01,3.961567333333333067e+02
1.105500000000000000e+03,9.042999000000000365e+01,2.106018000000000057e-01,4.033527000000000271e+02
1.115500000000000000e+03,9.041000999999998555e+01,2.102995999999999754e-01,4.106060999999999694e+02
1.125500000000000000e+03,9.040714000000001249e+01,2.102793999999999774e-01,4.179152333333333331e+02
1.135500000000000000e+03,9.039856999999999232e+01,2.098202999999999874e-01,4.252794000000000096e+02
1.145500000000000000e+03,9.041857999999999151e+01,2.093869000000000147e-01,4.326986999999999171e+02
1.155500000000000000e+03,9.040856999999999744e+01,2.094284999999999619e-01,4.401722666666666441e+02
1.165500000000000000e+03,9.041999999999998749e+01,2.085583999999999771e-01,4.476997000000000071e+02
1.175500000000000000e+03,9.040426999999999680e+01,2.086967000000000128e-01,4.552807999999999993e+02
1.185500000000000000e+03,9.043001999999999896e+01,2.085824000000000011e-01,4.629176333333332991e+02
1.195500000000000000e+03,9.041285999999999490e+01,2.081512000000000084e-01,4.706117333333333477e+02
1.205500000000000000e+03,9.043998999999999455e+01,2.083922000000000274e-01,4.783864666666667063e+02
1.215500000000000000e+03,9.042571000000000936e+01,2.086043000000000203e-01,4.862292000000000485e+02
1.225500000000000000e+03,9.043429000000000428e+01,2.080742999999999898e-01,4.941371000000000322e+02
1.235500000000000000e+03,9.041715999999999553e+01,2.078282999999999936e-01,5.021149333333333971e+02
1.245500000000000000e+03,9.043286000000000513e+01,2.081523999999999874e-01,5.101613000000000397e+02
1.255500000000000000e+03,9.041285000000000593e+01,2.078098999999999918e-01,5.182717666666667355e+02
1.265500000000000000e+03,9.043855000000000643e+01,2.078339999999999910e-01,5.264498333333333449e+02
1.275500000000000000e+03,9.044714000000000453e+01,2.078403000000000334e-01,5.346952999999999747e+02
1.285500000000000000e+03,9.043430000000000746e+01,2.076908000000000087e-01,5.430054666666666208e+02
1.295500000000000000e+03,9.043856000000000961e+01,2.076193000000000066e-01,5.513850333333333538e+02
1.305500000000000000e+03,9.045284999999999798e+01,2.074092999999999909e-01,5.598405666666665184e+02
1.315500000000000000e+03,9.046571000000001561e+01,2.069409000000000387e-01,5.683741666666667243e+02
1.325500000000000000e+03,9.047141000000000588e+01,2.071120999999999657e-01,5.769759999999999991e+02
1.335500000000000000e+03,9.045427000000000817e+01,2.067127000000000270e-01,5.856393666666666604e+02
1.345500000000000000e+03,9.046285000000000309e+01,2.074305999999999928e-01,5.943697666666666919e+02
1.355500000000000000e+03,9.045430000000000348e+01,2.065999999999999781e-01,6.031692333333332954e+02
1.365500000000000000e+03,9.046142999999999290e+01,2.067795000000000327e-01,6.120345333333332292e+02
1.375500000000000000e+03,9.046569999999999823e+01,2.068289000000000100e-01,6.209660000000000082e+02
1.385500000000000000e+03,9.045855000000000246e+01,2.056248999999999716e-01,6.299629999999999654e+02
1.395500000000000000e+03,9.046714000000000055e+01,2.065694999999999892e-01,6.390276000000000067e+02
1.405500000000000000e+03,9.046143000000000711e+01,2.064385999999999721e-01,6.481609333333333325e+02
1.415500000000000000e+03,9.046998999999999569e+01,2.061789999999999734e-01,6.573626999999999043e+02
1.425500000000000000e+03,9.045286000000001536e+01,2.058253000000000166e-01,6.666351666666666915e+02
1.435500000000000000e+03,9.045714999999998440e+01,2.055091000000000001e-01,6.759799333333332925e+02
1.445500000000000000e+03,9.045570999999999628e+01,2.061122000000000232e-01,6.854024333333334198e+02
1.455500000000000000e+03,9.044286999999999921e+01,2.055375999999999870e-01,6.949039000000000215e+02
1.465500000000000000e+03,9.043429999999999325e+01,2.054438999999999849e-01,7.044800666666666302e+02
1.475500000000000000e+03,9.042428999999999917e+01,2.056398000000000115e-01,7.141285666666666430e+02
1.485500000000000000e+03,9.040429000000000315e+01,2.052804000000000018e-01,7.238478000000000065e+02
1.495500000000000000e+03,9.040570999999999913e+01,2.054442999999999964e-01,7.336409000000001015e+02
1.505500000000000000e+03,9.040855999999999426e+01,2.054081000000000101e-01,7.435039666666667699e+02
1.515500000000000000e+03,9.039000999999998953e+01,2.050978000000000245e-01,7.534311666666666270e+02
1.525500000000000000e+03,9.039714000000000738e+01,2.051482999999999779e-01,7.634352999999998701e+02
1.535500000000000000e+03,9.041284999999999172e+01,2.053860999999999881e-01,7.735252000000000407e+02
1.545500000000000000e+03,9.039856999999999232e+01,2.050137999999999960e-01,7.836871666666668261e+02
1.555500000000000000e+03,9.040715000000000146e+01,2.046583000000000152e-01,7.939132666666666864e+02
1.565500000000000000e+03,9.040572000000000230e+01,2.046924999999999994e-01,8.042026333333333241e+02
1.575500000000000000e+03,9.040142999999999063e+01,2.046829000000000287e-01,8.145546666666666624e+02
1.585500000000000000e+03,9.042000000000000171e+01,2.047631000000000034e-01,8.249713333333332912e+02
1.595500000000000000e+03,9.040427999999999997e+01,2.045359999999999956e-01,8.354570333333333565e+02
1.605500000000000000e+03,9.041571999999999321e+01,2.044454999999999745e-01,8.460194333333332679e+02
1.615500000000000000e+03,9.038998999999999739e+01,2.044827999999999923e-01,8.566561666666666497e+02
1.625500000000000000e+03,9.038713999999998805e+01,2.044271999999999756e-01,8.673579999999999472e+02
1.635500000000000000e+03,9.039285000000000991e+01,2.044677999999999773e-01,8.781250000000000000e+02
1.645500000000000000e+03,9.039856999999999232e+01,2.044655000000000222e-01,8.889649666666667827e+02
1.655500000000000000e+03,9.038713999999998805e+01,2.046651999999999916e-01,8.998812333333332845e+02
1.665500000000000000e+03,9.038856000000001245e+01,2.038496999999999948e-01,9.108668000000000120e+02
1.675500000000000000e+03,9.037569999999999482e+01,2.038243000000000138e-01,9.219201000000000477e+02
1.685500000000000000e+03,9.040856999999999744e+01,2.037891000000000008e-01,9.330403333333333649e+02
1.695500000000000000e+03,9.041999999999998749e+01,2.041005999999999931e-01,9.442284333333331006e+02
1.705500000000000000e+03,9.041714000000000340e+01,2.035315000000000318e-01,9.554830333333333101e+02
1.715500000000000000e+03,9.043286000000000513e+01,2.038224000000000147e-01,9.668058333333334531e+02
1.725500000000000000e+03,9.043000999999999578e+01,2.032982999999999874e-01,9.782081000000000586e+02
1.735500000000000000e+03,9.043998999999999455e+01,2.031476999999999866e-01,9.896852666666667346e+02
1.745500000000000000e+03,9.045144000000000517e+01,2.030459999999999765e-01,1.001233333333333348e+03
1.755500000000000000e+03,9.047140000000000271e+01,2.030593999999999733e-01,1.012844399999999951e+03
1.765500000000000000e+03,9.048569999999999425e+01,2.027437999999999740e-01,1.024512633333333270e+03
1.775500000000000000e+03,9.048856000000000677e+01,2.026736000000000093e-01,1.036237500000000182e+03
1.785500000000000000e+03,9.050426999999999111e+01,2.024731000000000170e-01,1.048024366666666765e+03
1.795500000000000000e+03,9.047999000000000080e+01,2.025085000000000357e-01,1.059879666666666708e+03
1.805500000000000000e+03,9.049714000000000169e+01,2.022974000000000161e-01,1.071795333333333247e+03
1.815500000000000000e+03,9.048285000000001332e+01,2.024720999999999882e-01,1.083776333333333469e+03
1.825500000000000000e+03,9.048999000000000592e+01,2.019283999999999801e-01,1.095845000000000027e+03
1.835500000000000000e+03,9.050713000000001784e+01,2.019067000000000223e-01,1.108005333333333283e+03
1.845500000000000000e+03,9.049428000000000338e+01,2.019404999999999950e-01,1.120231000000000222e+03
1.855500000000000000e+03,9.051714000000001192e+01,2.020225999999999966e-01,1.132522666666666737e+03
1.865500000000000000e+03,9.050428999999999746e+01,2.022313000000000027e-01,1.144879999999999882e+03
1.875500000000000000e+03,9.050285999999999831e+01,2.023709000000000202e-01,1.157302666666666937e+03
1.885500000000000000e+03,9.051572000000001594e+01,2.016652999999999918e-01,1.169791333333333341e+03
1.895500000000000000e+03,9.049429999999999552e+01,2.028515000000000179e-01,1.182356666666666797e+03
1.905500000000000000e+03,9.050857000000000596e+01,2.021605000000000207e-01,1.194997333333333245e+03
1.915500000000000000e+03,9.050428999999999746e+01,2.023703000000000307e-01,1.207703333333333376e+03
1.925500000000000000e+03,9.048713999999999658e+01,2.027115000000000167e-01,1.220471000000000004e+03
1.935500000000000000e+03,9.049285000000000423e+01,2.025952000000000308e-01,1.233299666666666553e+03
1.945500000000000000e+03,9.050714999999999577e+01,2.018762000000000056e-01,1.246195333333333338e+03
1.955500000000000000e+03,9.048141999999999996e+01,2.036688999999999861e-01,1.259162666666666610e+03
1.965500000000000000e+03,9.049998999999999683e+01,2.024007999999999918e-01,1.272194333333333361e+03
1.975500000000000000e+03,9.047140999999999167e+01,2.033167999999999920e-01,1.285289666666666562e+03
1.985500000000000000e+03,9.048855999999999256e+01,2.029741999999999658e-01,1.298448333333333267e+03
1.995500000000000000e+03,9.048712999999999340e+01,2.018525999999999931e-01,1.311676666666666733e+03
2.005500000000000000e+03,9.047997999999999763e+01,2.031193000000000026e-01,1.324967666666666901e+03
2.015500000000000000e+03,9.048855999999999256e+01,2.018188999999999955e-01,1.338322666666666464e+03
2.025500000000000000e+03,9.046999000000000990e+01,2.024568999999999952e-01,1.351744666666666944e+03
2.035500000000000000e+03,9.047857000000000482e+01,2.029477999999999560e-01,1.365235666666666475e+03
2.045500000000000000e+03,9.047856000000000165e+01,2.018454999999999833e-01,1.378796666666666852e+03
2.055500000000000000e+03,9.045286000000001536e+01,2.037297999999999887e-01,1.392428333333333512e+03
2.065500000000000000e+03,9.046569999999998402e+01,2.036458000000000157e-01,1.406120000000000118e+03
2.075500000000000000e+03,9.046286000000000627e+01,2.030751000000000084e-01,1.419865999999999985e+03
2.085500000000000000e+03,9.046714000000000055e+01,2.030348000000000153e-01,1.433669000000000096e+03
2.095500000000000000e+03,9.044570999999999117e+01,2.029847999999999930e-01,1.447536666666666633e+03
2.105500000000000000e+03,9.045714000000000965e+01,2.039107000000000003e-01,1.461459333333333234e+03
2.115500000000000000e+03,9.045712999999999226e+01,2.032345999999999875e-01,1.475439333333333252e+03
2.125500000000000000e+03,9.045428000000001134e+01,2.020706999999999920e-01,1.489472333333333381e+03
2.135500000000000000e+03,9.044713000000000136e+01,2.033121000000000511e-01,1.503560666666666748e+03
2.145500000000000000e+03,9.044001000000000090e+01,2.028449000000000224e-01,1.517709333333333461e+03
2.155500000000000000e+03,9.044428999999999519e+01,2.021592000000000111e-01,1.531920000000000073e+03
2.165500000000000000e+03,9.043429000000000428e+01,2.027133999999999880e-01,1.546187666666666701e+03
2.175500000000000000e+03,9.042428999999999917e+01,2.022701999999999833e-01,1.560514333333333298e+03
2.185500000000000000e+03,9.043431000000001063e+01,2.022179000000000060e-01,1.574894999999999982e+03
2.195500000000000000e+03,9.042571000000000936e+01,2.033503999999999867e-01,1.589331000000000131e+03
2.205500000000000000e+03,9.041572000000000742e+01,2.035213999999999912e-01,1.603821333333333541e+03
2.215500000000000000e+03,9.043143000000000598e+01,2.035759999999999792e-01,1.618366999999999962e+03
2.225500000000000000e+03,9.042287999999999215e+01,2.024882000000000348e-01,1.632964999999999691e+03
2.235500000000000000e+03,9.041715999999999553e+01,2.032134000000000162e-01,1.647620000000000118e+03
2.245500000000000000e+03,9.041859000000000890e+01,2.027353999999999823e-01,1.662329333333333580e+03
2.255500000000000000e+03,9.039856000000000336e+01,2.026796999999999627e-01,1.677093999999999824e+03
2.265500000000000000e+03,9.041143000000000995e+01,2.029564999999999841e-01,1.691912333333333208e+03
2.275500000000000000e+03,9.040000000000000568e+01,2.023717999999999628e-01,1.706788000000000011e+03
2.285500000000000000e+03,9.040858000000000061e+01,2.032428000000000012e-01,1.721721333333333405e+03
2.295500000000000000e+03,9.042000999999999067e+01,2.029726999999999781e-01,1.736715666666666493e+03
2.305500000000000000e+03,9.041715000000000657e+01,2.029411000000000131e-01,1.751766666666666879e+03
2.315500000000000000e+03,9.040286000000000399e+01,2.029948999999999781e-01,1.766871666666666670e+03
2.325500000000000000e+03,9.042287000000001740e+01,2.037764999999999715e-01,1.782039666666666790e+03
2.335500000000000000e+03,9.042428999999999917e+01,2.035295000000000021e-01,1.797271666666666761e+03
2.345500000000000000e+03,9.041143999999999892e+01,2.037377000000000216e-01,1.812561999999999898e+03
2.355500000000000000e+03,9.042144000000000403e+01,2.035992999999999831e-01,1.827909999999999854e+03
2.365500000000000000e+03,9.042143999999998982e+01,2.036706999999999823e-01,1.843309333333333370e+03
2.375500000000000000e+03,9.040429000000000315e+01,2.035814999999999986e-01,1.858763666666666495e+03
2.385500000000000000e+03,9.041286999999999807e+01,2.036657000000000051e-01,1.874272999999999911e+03
2.395500000000000000e+03,9.041143999999999892e+01,2.038344000000000267e-01,1.889845333333333429e+03
2.405500000000000000e+03,9.041000999999999976e+01,2.036494999999999833e-01,1.905516000000000076e+03
2.415500000000000000e+03,9.041286999999999807e+01,2.036213000000000051e-01,1.921255666666666684e+03
2.425500000000000000e+03,9.042429999999998813e+01,2.036196000000000395e-01,1.937057000000000016e+03
2.435500000000000000e+03,9.042429999999998813e+01,2.035716999999999943e-01,1.952926666666666733e+03
2.445500000000000000e+03,9.041572999999999638e+01,2.033040999999999876e-01,1.968861000000000104e+03
2.455500000000000000e+03,9.043999999999999773e+01,2.031765000000000099e-01,1.984856333333333168e+03
2.465500000000000000e+03,9.044141999999999371e+01,2.032790000000000430e-01,2.000913333333333185e+03
2.475500000000000000e+03,9.043573000000000661e+01,2.031556999999999946e-01,2.017026333333333696e+03
2.485500000000000000e+03,9.045429000000000030e+01,2.029965999999999993e-01,2.033199333333333243e+03
2.495500000000000000e+03,9.046140999999998655e+01,2.032570999999999961e-01,2.049436666666666497e+03
2.505500000000000000e+03,9.047570999999999231e+01,2.032449000000000061e-01,2.065747000000000298e+03
2.515500000000000000e+03,9.046856999999998550e+01,2.030838999999999839e-01,2.082125333333332492e+03
2.525500000000000000e+03,9.047283999999999082e+01,2.029682000000000153e-01,2.098563999999999396e+03
2.535500000000000000e+03,9.046856999999999971e+01,2.029930000000000345e-01,2.115061000000000604e+03
2.545500000000000000e+03,9.047569000000000017e+01,2.028848000000000040e-01,2.131619999999999891e+03
2.555500000000000000e+03,9.046714000000000055e+01,2.029157000000000044e-01,2.148244333333333543e+03
2.565500000000000000e+03,9.047711999999999932e+01,2.029981999999999898e-01,2.164929999999999382e+03
2.575500000000000000e+03,9.048140999999998257e+01,2.029643999999999893e-01,2.181685333333332892e+03
2.585500000000000000e+03,9.047854999999999848e+01,2.028956000000000093e-01,2.198506333333333259e+03
2.595500000000000000e+03,9.048283999999998173e+01,2.026785000000000392e-01,2.215403999999999542e+03
2.605500000000000000e+03,9.046855000000000757e+01,2.026625999999999705e-01,2.232384000000000015e+03
2.615500000000000000e+03,9.048569999999999425e+01,2.026601000000000374e-01,2.249422000000000025e+03
2.625500000000000000e+03,9.047997999999999763e+01,2.026928000000000341e-01,2.266525666666665984e+03
2.635500000000000000e+03,9.047711999999999932e+01,2.024369000000000030e-01,2.283702333333333627e+03
2.645500000000000000e+03,9.047568999999998596e+01,2.024157999999999791e-01,2.300944666666666762e+03
2.655500000000000000e+03,9.048570000000000846e+01,2.024398000000000031e-01,2.318248333333333449e+03
2.665500000000000000e+03,9.048283999999998173e+01,2.024761999999999951e-01,2.335608999999999469e+03
2.675500000000000000e+03,9.047997999999999763e+01,2.024554999999999827e-01,2.353024000000000342e+03
2.685500000000000000e+03,9.048140999999999678e+01,2.023942999999999992e-01,2.370505666666666457e+03
2.695500000000000000e+03,9.047711999999999932e+01,2.022571999999999703e-01,2.388057666666666591e+03
2.705500000000000000e+03,9.047854999999999848e+01,2.023823999999999901e-01,2.405665666666666766e+03
2.715500000000000000e+03,9.047854999999999848e+01,2.026040999999999814e-01,2.423332666666666682e+03
2.725500000000000000e+03,9.047997999999998342e+01,2.025244999999999962e-01,2.441096000000000004e+03
2.735500000000000000e+03,9.048713000000000761e+01,2.024245999999999823e-01,2.458946666666666715e+03
2.745500000000000000e+03,9.047997999999999763e+01,2.023757000000000195e-01,2.476867999999999483e+03
2.755500000000000000e+03,9.049571000000000254e+01,2.029959000000000346e-01,2.494854333333333216e+03
2.765500000000000000e+03,9.048999000000000592e+01,2.024971999999999883e-01,2.512900333333333037e+03
2.775500000000000000e+03,9.049714000000000169e+01,2.023317000000000032e-01,2.530998000000000502e+03
2.785500000000000000e+03,9.051429999999999154e+01,2.024564999999999837e-01,2.549151000000000295e+03
2.795500000000000000e+03,9.050428999999999746e+01,2.022520999999999902e-01,2.567368666666666741e+03
2.805500000000000000e+03,9.051287000000000660e+01,2.022422999999999860e-01,2.585661666666666861e+03
2.815500000000000000e+03,9.052716999999999814e+01,2.023271999999999571e-01,2.604019666666666126e+03
2.825500000000000000e+03,9.052430999999999983e+01,2.024089000000000027e-01,2.622440000000000055e+03
2.835500000000000000e+03,9.053574000000000410e+01,2.020802000000000154e-01,2.640922666666666373e+03
2.845500000000000000e+03,9.053288000000000579e+01,2.023124000000000033e-01,2.659467666666666446e+03
2.855500000000000000e+03,9.054143999999999437e+01,2.023331000000000157e-01,2.678081666666666933e+03
2.865500000000000000e+03,9.054573000000000604e+01,2.024858000000000491e-01,2.696760999999999513e+03
2.875500000000000000e+03,9.054999999999999716e+01,2.027768000000000070e-01,2.715510666666666566e+03
2.885500000000000000e+03,9.056142000000001246e+01,2.024743999999999988e-01,2.734332000000000335e+03
2.895500000000000000e+03,9.055143000000001052e+01,2.021938000000000069e-01,2.753220333333333201e+03
2.905500000000000000e+03,9.055428000000000566e+01,2.022071000000000007e-01,2.772174666666666781e+03
2.915500000000000000e+03,9.054571999999998866e+01,2.024457000000000340e-01,2.791194333333333361e+03
2.925500000000000000e+03,9.054715999999999099e+01,2.022464000000000206e-01,2.810285666666666657e+03
2.935500000000000000e+03,9.055142000000000735e+01,2.021757000000000137e-01,2.829449333333333016e+03
2.945500000000000000e+03,9.055713000000000079e+01,2.023834999999999940e-01,2.848683666666666795e+03
2.955500000000000000e+03,9.054571999999998866e+01,2.023600999999999872e-01,2.867980333333333419e+03
2.965500000000000000e+03,9.055143000000001052e+01,2.029262000000000010e-01,2.887335000000000036e+03
2.975500000000000000e+03,9.054287999999999670e+01,2.028375000000000039e-01,2.906746666666666442e+03
2.985500000000000000e+03,9.053858999999998503e+01,2.029217000000000104e-01,2.926223666666666759e+03
2.995500000000000000e+03,9.053429999999998756e+01,2.021113999999999966e-01,2.945761666666666770e+03
3.005500000000000000e+03,9.053145000000000664e+01,2.030588000000000393e-01,2.965363000000000284e+03
3.015500000000000000e+03,9.054999000000000819e+01,2.028125999999999818e-01,2.985022666666666737e+03
3.025500000000000000e+03,9.053287000000000262e+01,2.028636000000000050e-01,3.004744333333333088e+03
3.035500000000000000e+03,9.052716999999998393e+01,2.024956000000000533e-01,3.024532333333333554e+03
3.045500000000000000e+03,9.053002999999999645e+01,2.020275999999999461e-01,3.044384333333333416e+03
3.055500000000000000e+03,9.052288000000000068e+01,2.020944000000000074e-01,3.064300999999999476e+03
3.065500000000000000e+03,9.052288000000000068e+01,2.020972000000000046e-01,3.084280666666667003e+03
3.075500000000000000e+03,9.051716000000000406e+01,2.019681999999999866e-01,3.104348999999999705e+03
3.085500000000000000e+03,9.052145000000000152e+01,2.018761000000000028e-01,3.124534333333333052e+03
3.095500000000000000e+03,9.051716000000000406e+01,2.019040000000000001e-01,3.144788666666666359e+03
3.105500000000000000e+03,9.050572000000001083e+01,2.016830000000000012e-01,3.165116333333332932e+03
3.115500000000000000e+03,9.051430000000000575e+01,2.017396999999999940e-01,3.185514333333333070e+03
3.125500000000000000e+03,9.051286999999999239e+01,2.017901999999999751e-01,3.205972999999999956e+03
3.135500000000000000e+03,9.050714999999999577e+01,2.017018999999999895e-01,3.226496000000000095e+03
3.145500000000000000e+03,9.050428999999999746e+01,2.015939999999999954e-01,3.247082999999999629e+03
3.155500000000000000e+03,9.050428999999999746e+01,2.014132000000000144e-01,3.267739000000000487e+03
3.165500000000000000e+03,9.050714999999999577e+01,2.015062000000000242e-01,3.288490666666666129e+03
3.175500000000000000e+03,9.050428999999999746e+01,2.015300999999999898e-01,3.309325666666666621e+03
3.185500000000000000e+03,9.050000000000000000e+01,2.013862999999999626e-01,3.330235333333333074e+03
3.195500000000000000e+03,9.050286000000001252e+01,2.012293999999999750e-01,3.351220000000000255e+03
3.205500000000000000e+03,9.050285999999999831e+01,2.010711999999999777e-01,3.372272333333332881e+03
3.215500000000000000e+03,9.050571999999999662e+01,2.011935000000000251e-01,3.393392333333333227e+03
3.225500000000000000e+03,9.050428999999999746e+01,2.015163999999999844e-01,3.414585333333333438e+03
3.235500000000000000e+03,9.050714999999999577e+01,2.015233999999999914e-01,3.435855333333332965e+03
3.245500000000000000e+03,9.050858000000000914e+01,2.014385999999999677e-01,3.457196333333333314e+03
3.255500000000000000e+03,9.050285999999999831e+01,2.015869000000000411e-01,3.478605000000000473e+03
3.265500000000000000e+03,9.050000000000000000e+01,2.011811000000000293e-01,3.500069666666666308e+03
3.275500000000000000e+03,9.050428999999999746e+01,2.012545000000000306e-01,3.521586666666667043e+03
3.285500000000000000e+03,9.049571000000000254e+01,2.013579000000000063e-01,3.543168666666666923e+03
3.295500000000000000e+03,9.050428999999999746e+01,2.011102000000000167e-01,3.564816000000000258e+03
3.305500000000000000e+03,9.049571000000000254e+01,2.014612999999999821e-01,3.586526333333332786e+03
3.315500000000000000e+03,9.049142000000000507e+01,2.020230999999999832e-01,3.608304000000000087e+03
3.325500000000000000e+03,9.049141999999999086e+01,2.007996999999999976e-01,3.630151666666667097e+03
3.335500000000000000e+03,9.048426999999999509e+01,2.010620999999999936e-01,3.652073333333332812e+03
3.345500000000000000e+03,9.048141999999998575e+01,2.012909999999999699e-01,3.674061666666666952e+03
3.355500000000000000e+03,9.048569999999998004e+01,2.015534000000000214e-01,3.696126000000000204e+03
3.365500000000000000e+03,9.048855999999999256e+01,2.016798000000000202e-01,3.718283333333332848e+03
3.375500000000000000e+03,9.048427000000000930e+01,2.013955000000000051e-01,3.740527000000000498e+03
3.385500000000000000e+03,9.047854999999999848e+01,2.012094000000000382e-01,3.762832999999999629e+03
3.395500000000000000e+03,9.048569999999999425e+01,2.016066000000000247e-01,3.785210333333333438e+03
3.405500000000000000e+03,9.048712999999999340e+01,2.020643000000000300e-01,3.807661666666666861e+03
3.415500000000000000e+03,9.048569999999999425e+01,2.016926000000000274e-01,3.830180333333333692e+03
3.425500000000000000e+03,9.047854999999999848e+01,2.018292999999999893e-01,3.852763000000000375e+03
3.435500000000000000e+03,9.047854999999999848e+01,2.015011000000000441e-01,3.875406666666666752e+03
3.445500000000000000e+03,9.048283999999999594e+01,2.015830000000000122e-01,3.898115000000000236e+03
3.455500000000000000e+03,9.047569000000000017e+01,2.016132000000000202e-01,3.920891666666667334e+03
3.465500000000000000e+03,9.048426999999999509e+01,2.014988000000000334e-01,3.943734666666666271e+03
3.475500000000000000e+03,9.048426999999999509e+01,2.019865999999999884e-01,3.966647333333333336e+03
3.485500000000000000e+03,9.048140999999998257e+01,2.014949999999999797e-01,3.989630666666666457e+03
3.495500000000000000e+03,9.048426999999999509e+01,2.015269999999999562e-01,4.012681666666667297e+03
3.505500000000000000e+03,9.047713000000000250e+01,2.016823000000000088e-01,4.035799333333333834e+03
3.515500000000000000e+03,9.047711999999999932e+01,2.017857999999999874e-01,4.058988000000000284e+03
3.525500000000000000e+03,9.046428000000000225e+01,2.015847999999999529e-01,4.082252666666666300e+03
3.535500000000000000e+03,9.045570999999999628e+01,2.019333999999999851e-01,4.105597999999999956e+03
3.545500000000000000e+03,9.045430000000000348e+01,2.014994000000000229e-01,4.129013333333334231e+03
3.555500000000000000e+03,9.045857999999999777e+01,2.016569000000000000e-01,4.152495000000000800e+03
3.565500000000000000e+03,9.044858000000000686e+01,2.019344999999999890e-01,4.176033999999999651e+03
3.575500000000000000e+03,9.044145000000000323e+01,2.020276000000000016e-01,4.199630000000000109e+03
3.585500000000000000e+03,9.045000000000000284e+01,2.013428999999999913e-01,4.223289666666666562e+03
3.595500000000000000e+03,9.043713999999998521e+01,2.018169999999999964e-01,4.247011666666667224e+03
3.605500000000000000e+03,9.044429999999999836e+01,2.015240000000000364e-01,4.270795000000000073e+03
3.615500000000000000e+03,9.044429999999999836e+01,2.014752000000000209e-01,4.294637999999999920e+03
3.625500000000000000e+03,9.043572999999999240e+01,2.016004999999999880e-01,4.318543999999999869e+03
3.635500000000000000e+03,9.043287999999999727e+01,2.017024000000000039e-01,4.342513666666666722e+03
3.645500000000000000e+03,9.043431999999999960e+01,2.014541999999999722e-01,4.366547000000000480e+03
3.655500000000000000e+03,9.042145000000000721e+01,2.014471999999999929e-01,4.390635000000000218e+03
3.665500000000000000e+03,9.042001000000000488e+01,2.016817999999999667e-01,4.414779999999999745e+03
3.675500000000000000e+03,9.041573000000001059e+01,2.012646000000000157e-01,4.438978333333333467e+03
3.685500000000000000e+03,9.040286000000000399e+01,2.015608999999999873e-01,4.463230999999999767e+03
3.695500000000000000e+03,9.039856999999999232e+01,2.015731999999999802e-01,4.487546333333333678e+03
3.705500000000000000e+03,9.040858000000000061e+01,2.016293999999999864e-01,4.511930666666666184e+03
3.715500000000000000e+03,9.039857000000000653e+01,2.014746000000000037e-01,4.536377666666667210e+03
3.725500000000000000e+03,9.039714000000000738e+01,2.014689999999999814e-01,4.560882333333333008e+03
3.735500000000000000e+03,9.040858000000001482e+01,2.013708000000000164e-01,4.585442666666667719e+03
3.745500000000000000e+03,9.040286000000001820e+01,2.015101999999999727e-01,4.610064000000000306e+03
3.755500000000000000e+03,9.040143000000000484e+01,2.016534000000000104e-01,4.634750333333332492e+03
3.765500000000000000e+03,9.039571000000000822e+01,2.015238000000000029e-01,4.659501333333333605e+03
3.775500000000000000e+03,9.039856999999999232e+01,2.015556999999999765e-01,4.684321666666666715e+03
3.785500000000000000e+03,9.039285000000000991e+01,2.013316999999999746e-01,4.709212666666667246e+03
3.795500000000000000e+03,9.039571000000000822e+01,2.016629000000000060e-01,4.734172333333332972e+03
3.805500000000000000e+03,9.039856999999999232e+01,2.012120000000000020e-01,4.759197666666666919e+03
3.815500000000000000e+03,9.039857000000000653e+01,2.014866000000000157e-01,4.784283666666666250e+03
3.825500000000000000e+03,9.040142999999999063e+01,2.014073999999999864e-01,4.809445000000000618e+03
3.835500000000000000e+03,9.040429000000000315e+01,2.015921999999999714e-01,4.834682999999999993e+03
3.845500000000000000e+03,9.040714999999998724e+01,2.012154999999999916e-01,4.859989666666666380e+03
3.855500000000000000e+03,9.041286999999999807e+01,2.014018000000000197e-01,4.885359333333333780e+03
3.865500000000000000e+03,9.041429999999999723e+01,2.013720000000000232e-01,4.910783666666667159e+03
3.875500000000000000e+03,9.041572999999998217e+01,2.014044999999999863e-01,4.936268000000000029e+03
3.885500000000000000e+03,9.041429999999999723e+01,2.014626999999999946e-01,4.961818000000000211e+03
3.895500000000000000e+03,9.041429999999998302e+01,2.015412999999999788e-01,4.987429333333334398e+03
3.905500000000000000e+03,9.041715999999999553e+01,2.015019000000000116e-01,5.013100333333332856e+03
3.915500000000000000e+03,9.041287000000001228e+01,2.014064999999999883e-01,5.038829999999999927e+03
3.925500000000000000e+03,9.041429999999999723e+01,2.012681000000000053e-01,5.064623000000000502e+03
3.935500000000000000e+03,9.040858000000000061e+01,2.013786999999999661e-01,5.090481999999999971e+03
3.945500000000000000e+03,9.041000999999999976e+01,2.014743999999999979e-01,5.116403000000000247e+03
3.955500000000000000e+03,9.040715000000000146e+01,2.013617000000000046e-01,5.142384333333333416e+03
3.965500000000000000e+03,9.040000000000000568e+01,2.014106999999999981e-01,5.168420666666666875e+03
3.975500000000000000e+03,9.039285000000000991e+01,2.011918999999999791e-01,5.194513333333334231e+03
3.985500000000000000e+03,9.038284000000001583e+01,2.013247000000000231e-01,5.220663666666667268e+03
3.995500000000000000e+03,9.037854999999998995e+01,2.013272999999999868e-01,5.246876666666667006e+03
4.005500000000000000e+03,9.037711999999999080e+01,2.012409000000000003e-01,5.273159333333333961e+03
4.015500000000000000e+03,9.038141000000000247e+01,2.010946000000000122e-01,5.299504999999999200e+03
4.025500000000000000e+03,9.037711999999999080e+01,2.012875000000000081e-01,5.325908999999998741e+03
4.035500000000000000e+03,9.037998000000000332e+01,2.012372000000000050e-01,5.352367333333333590e+03
4.045500000000000000e+03,9.037140000000000839e+01,2.012295000000000056e-01,5.378883666666666613e+03
4.055500000000000000e+03,9.038427000000000078e+01,2.010673999999999795e-01,5.405459000000000742e+03
4.065500000000000000e+03,9.037998000000000332e+01,2.012075000000000391e-01,5.432096999999999753e+03
4.075500000000000000e+03,9.037854999999998995e+01,2.011969999999999870e-01,5.458796333333333678e+03
4.085500000000000000e+03,9.037998000000000332e+01,2.011928999999999801e-01,5.485560000000000400e+03
4.095500000000000000e+03,9.038427000000001499e+01,2.011658000000000057e-01,5.512385000000000218e+03
4.105500000000000000e+03,9.038427000000001499e+01,2.012637000000000176e-01,5.539289333333333161e+03
4.115500000000000000e+03,9.038284000000001583e+01,2.009838000000000180e-01,5.566266666666666424e+03
4.125500000000000000e+03,9.038141000000000247e+01,2.011993999999999727e-01,5.593310666666666293e+03
4.135500000000000000e+03,9.038712999999999909e+01,2.011296000000000195e-01,5.620422999999999774e+03
4.145500000000000000e+03,9.038284000000001583e+01,2.011112999999999928e-01,5.647599999999999454e+03
4.155500000000000000e+03,9.038998999999998318e+01,2.011111999999999900e-01,5.674834333333333234e+03
4.165500000000000000e+03,9.037855000000000416e+01,2.010612999999999706e-01,5.702123333333333903e+03
4.175500000000000000e+03,9.038284000000001583e+01,2.010762999999999856e-01,5.729471000000000458e+03
4.185500000000000000e+03,9.038570000000001414e+01,2.010122000000000020e-01,5.756877666666668119e+03
4.195500000000000000e+03,9.037854999999998995e+01,2.009997000000000311e-01,5.784343333333334158e+03
4.205500000000000000e+03,9.037998000000000332e+01,2.009226000000000067e-01,5.811864666666667290e+03
4.215500000000000000e+03,9.038141000000000247e+01,2.008166000000000118e-01,5.839452000000000226e+03
4.225500000000000000e+03,9.037854999999998995e+01,2.009142999999999901e-01,5.867180333333333692e+03
4.235500000000000000e+03,9.037711999999999080e+01,2.009339000000000264e-01,5.894994999999999891e+03
4.245500000000000000e+03,9.036996999999999503e+01,2.007557999999999843e-01,5.922873333333333903e+03
4.255500000000000000e+03,9.037712000000001922e+01,2.007729999999999515e-01,5.950815000000000509e+03
4.265500000000000000e+03,9.036853999999998166e+01,2.007488000000000050e-01,5.978814666666666199e+03
4.275500000000000000e+03,9.036567999999999756e+01,2.007366000000000150e-01,6.006874000000000706e+03
4.285500000000000000e+03,9.036567999999999756e+01,2.007050999999999696e-01,6.034993000000000393e+03
4.295500000000000000e+03,9.036567999999999756e+01,2.007915000000000116e-01,6.063176333333332877e+03
4.305500000000000000e+03,9.036138999999998589e+01,2.007293000000000271e-01,6.091429333333333489e+03
4.315500000000000000e+03,9.037426000000000670e+01,2.007662000000000335e-01,6.119744999999999891e+03
4.325500000000000000e+03,9.036567999999999756e+01,2.007451999999999848e-01,6.148117333333333590e+03
4.335500000000000000e+03,9.036996999999999503e+01,2.006879000000000024e-01,6.176550666666667894e+03
4.345500000000000000e+03,9.036854000000001008e+01,2.007304000000000033e-01,6.205050666666667894e+03
4.355500000000000000e+03,9.038284000000001583e+01,2.006834000000000118e-01,6.233613999999999578e+03
4.365500000000000000e+03,9.038712999999999909e+01,2.006210999999999967e-01,6.262242000000000189e+03
4.375500000000000000e+03,9.038427000000000078e+01,2.006574000000000135e-01,6.290936333333333096e+03
4.385500000000000000e+03,9.038998999999999739e+01,2.008116999999999819e-01,6.319699666666665507e+03
4.395500000000000000e+03,9.038426999999998657e+01,2.005339000000000149e-01,6.348527000000000044e+03
4.405500000000000000e+03,9.039571000000000822e+01,2.007213000000000191e-01,6.377417333333333772e+03
4.415500000000000000e+03,9.039571000000000822e+01,2.007097999999999938e-01,6.406371999999999389e+03
4.425500000000000000e+03,9.039428000000000907e+01,2.005931000000000242e-01,6.435394333333333634e+03
4.435500000000000000e+03,9.039714000000000738e+01,2.005523999999999918e-01,6.464490333333333183e+03
4.445500000000000000e+03,9.039714000000002159e+01,2.006274000000000390e-01,6.493654333333333852e+03
4.455500000000000000e+03,9.040000000000000568e+01,2.005897000000000374e-01,6.522878333333334012e+03
4.465500000000000000e+03,9.039857000000002074e+01,2.005352999999999997e-01,6.552159666666666453e+03
4.475500000000000000e+03,9.039857000000002074e+01,2.005530999999999842e-01,6.581498666666666395e+03
4.485500000000000000e+03,9.040000000000000568e+01,2.005539000000000072e-01,6.610901333333332332e+03
4.495500000000000000e+03,9.040000000000000568e+01,2.004850000000000243e-01,6.640381666666666206e+03
4.505500000000000000e+03,9.040000000000000568e+01,2.004050000000000276e-01,6.669921999999998661e+03
4.515500000000000000e+03,9.040000000000000568e+01,2.004081000000000334e-01,6.699517333333332317e+03
4.525500000000000000e+03,9.040000000000000568e+01,2.004012999999999489e-01,6.729167333333332863e+03
4.535500000000000000e+03,9.040000000000000568e+01,2.004097999999999991e-01,6.758873333333332084e+03
4.545500000000000000e+03,9.040000000000000568e+01,2.003710999999999964e-01,6.788632666666666410e+03
4.555500000000000000e+03,9.040000000000000568e+01,2.003351000000000437e-01,6.818446000000000822e+03
4.565500000000000000e+03,9.040000000000000568e+01,2.003467999999999916e-01,6.848314666666667108e+03
4.575500000000000000e+03,9.039857000000002074e+01,2.002465999999999968e-01,6.878240999999999985e+03
4.585500000000000000e+03,9.039428000000000907e+01,2.002787000000000039e-01,6.908253666666666504e+03
4.595500000000000000e+03,9.039857000000002074e+01,2.002044000000000046e-01,6.938358333333334485e+03
4.605500000000000000e+03,9.039857000000002074e+01,2.002912000000000303e-01,6.968519999999999527e+03
4.615500000000000000e+03,9.039714000000000738e+01,2.002557000000000365e-01,6.998734000000001288e+03
4.625500000000000000e+03,9.038998999999999739e+01,2.003232000000000068e-01,7.029001666666667916e+03
4.635500000000000000e+03,9.039714000000000738e+01,2.002724999999999922e-01,7.059322000000000116e+03
4.645500000000000000e+03,9.039428000000002328e+01,2.002123000000000097e-01,7.089696666666665806e+03
4.655500000000000000e+03,9.038856000000001245e+01,2.002278000000000113e-01,7.120128666666666504e+03
4.665500000000000000e+03,9.038713000000002751e+01,2.002308999999999894e-01,7.150648666666666031e+03
4.675500000000000000e+03,9.038570000000001414e+01,2.001327999999999996e-01,7.181235666666665566e+03
4.685500000000000000e+03,9.038141000000000247e+01,2.002290999999999932e-01,7.211879333333333307e+03
4.695500000000000000e+03,9.037854999999998995e+01,2.001499999999999946e-01,7.242579333333333125e+03
4.705500000000000000e+03,9.036425999999998737e+01,2.001148999999999845e-01,7.273334333333334143e+03
4.715500000000000000e+03,9.036996999999999503e+01,2.001894000000000173e-01,7.304147333333332426e+03
4.725500000000000000e+03,9.036567999999999756e+01,2.001583000000000112e-01,7.335018666666667741e+03
4.735500000000000000e+03,9.035853999999999075e+01,2.002334000000000336e-01,7.365952333333332717e+03
4.745500000000000000e+03,9.035853000000000179e+01,2.002295000000000047e-01,7.396947333333332608e+03
4.755500000000000000e+03,9.035712999999998374e+01,2.002012999999999709e-01,7.428004333333333307e+03
4.765500000000000000e+03,9.035427999999998860e+01,2.001379000000000075e-01,7.459122333333334609e+03
4.775500000000000000e+03,9.035141999999999030e+01,2.001719000000000137e-01,7.490302999999999884e+03
4.785500000000000000e+03,9.035141999999999030e+01,2.001440999999999915e-01,7.521547333333332972e+03
4.795500000000000000e+03,9.035567999999997824e+01,2.000939999999999941e-01,7.552883666666666613e+03
4.805500000000000000e+03,9.034573999999999216e+01,2.000248000000000026e-01,7.584359666666666271e+03
4.815500000000000000e+03,9.035569999999998458e+01,2.001071000000000100e-01,7.615906333333334260e+03
4.825500000000000000e+03,9.035285999999999262e+01,2.000061000000000200e-01,7.647525333333333947e+03
4.835500000000000000e+03,9.035427999999998860e+01,1.999900000000000011e-01,7.679216666666665333e+03
4.845500000000000000e+03,9.034716999999999132e+01,2.000183999999999851e-01,7.710975333333333765e+03
4.855500000000000000e+03,9.035002000000000066e+01,1.999749000000000110e-01,7.742798999999999069e+03
4.865500000000000000e+03,9.035428999999997757e+01,1.999678000000000011e-01,7.774692000000000007e+03
4.875500000000000000e+03,9.036427999999999372e+01,1.999895000000000145e-01,7.806647999999999229e+03
4.885500000000000000e+03,9.035997999999999308e+01,1.998979999999999924e-01,7.838669333333333270e+03
4.895500000000000000e+03,9.036571000000000708e+01,1.998958999999999875e-01,7.870764333333332615e+03
4.905500000000000000e+03,9.036426999999999055e+01,1.998655000000000015e-01,7.902931000000001404e+03
4.915500000000000000e+03,9.036710999999999672e+01,1.999180000000000124e-01,7.935166000000000167e+03
4.925500000000000000e+03,9.036711999999999989e+01,1.998565000000000202e-01,7.967463000000000648e+03
4.935500000000000000e+03,9.037426999999999566e+01,1.998272000000000381e-01,7.999827999999999520e+03
4.945500000000000000e+03,9.037426000000000670e+01,1.997812999999999950e-01,8.032267333333334136e+03
4.955500000000000000e+03,9.037282999999999333e+01,1.998920000000000141e-01,8.064780666666667457e+03
4.965500000000000000e+03,9.037998000000000332e+01,1.997552000000000216e-01,8.097362333333335300e+03
4.975500000000000000e+03,9.037568999999999164e+01,1.998270999999999797e-01,8.130005666666666002e+03
4.985500000000000000e+03,9.037569000000000585e+01,1.997688000000000241e-01,8.162713333333333139e+03
4.995500000000000000e+03,9.037426000000000670e+01,1.997516000000000014e-01,8.195489333333332979e+03
