5.500000000000000000e+00,7.888428999999999292e+01,9.016925799999999924e+01,4.542505866666667058e-02
1.550000000000000000e+01,8.151715000000000089e+01,4.053812000000000637e+00,2.674255333333333540e-01
2.550000000000000000e+01,8.655857000000000312e+01,2.230583000000000204e+00,6.912326999999999222e-01
3.550000000000000000e+01,8.929000000000000625e+01,1.682859999999999800e+00,1.311658833333333218e+00
4.550000000000000000e+01,8.931857999999999720e+01,1.203199700000000094e+00,2.127666999999999753e+00
5.550000000000000000e+01,8.965000999999999465e+01,9.062907000000001156e-01,3.137931666666666342e+00
6.550000000000000000e+01,9.052857999999999095e+01,7.770719999999999850e-01,4.345622666666666412e+00
7.550000000000000000e+01,9.064144000000001711e+01,7.164767000000000774e-01,5.757623999999999853e+00
8.550000000000000000e+01,9.087000000000000455e+01,6.544708999999999666e-01,7.372225000000000250e+00
9.550000000000000000e+01,9.076427999999999940e+01,5.776753000000000027e-01,9.198496333333334718e+00
1.055000000000000000e+02,9.069572999999999752e+01,5.224177999999999322e-01,1.126439799999999991e+01
1.155000000000000000e+02,9.076427999999999940e+01,5.023785000000000611e-01,1.356476333333333173e+01
1.255000000000000000e+02,9.107572000000000401e+01,4.892173999999999690e-01,1.609680000000000177e+01
1.355000000000000000e+02,9.105143999999998528e+01,4.616081000000000212e-01,1.887136999999999887e+01
1.455000000000000000e+02,9.121428000000000225e+01,4.262548999999999921e-01,2.186624666666666528e+01
1.555000000000000000e+02,9.106286000000000058e+01,3.987814000000000636e-01,2.505957333333333281e+01
1.655000000000000000e+02,9.110426999999999964e+01,3.875460000000000571e-01,2.845362000000000080e+01
1.755000000000000000e+02,9.133427000000000362e+01,3.722959000000000129e-01,3.202776666666666472e+01
1.855000000000000000e+02,9.112572000000000116e+01,3.581987000000000365e-01,3.577933333333333366e+01
1.955000000000000000e+02,9.123999999999999488e+01,3.498470000000000191e-01,3.970891333333333506e+01
2.055000000000000000e+02,9.119856999999998948e+01,3.422119000000000133e-01,4.381492999999999682e+01
2.155000000000000000e+02,9.120000000000000284e+01,3.335062999999999778e-01,4.809923333333333773e+01
2.255000000000000000e+02,9.114286000000001309e+01,3.278692000000000273e-01,5.257091666666666185e+01
2.355000000000000000e+02,9.114142999999998551e+01,3.228096999999999772e-01,5.724881666666666291e+01
2.455000000000000000e+02,9.105570000000000164e+01,3.097965999999999775e-01,6.212278666666666993e+01
2.555000000000000000e+02,9.096714999999998952e+01,3.128186999999999496e-01,6.718701333333333992e+01
2.655000000000000000e+02,9.099285000000000423e+01,3.019774000000000069e-01,7.244676666666666165e+01
2.755000000000000000e+02,9.095572000000001367e+01,3.002162999999999915e-01,7.789886666666666315e+01
2.855000000000000000e+02,9.092285999999998580e+01,2.969529000000000196e-01,8.354285666666666543e+01
2.955000000000000000e+02,9.090713999999999828e+01,2.984528000000000181e-01,8.937940999999999292e+01
3.055000000000000000e+02,9.089427999999999486e+01,2.870810000000000306e-01,9.541843333333332566e+01
3.155000000000000000e+02,9.085999999999999943e+01,2.836805999999999495e-01,1.016537799999999976e+02
3.255000000000000000e+02,9.083716000000001145e+01,2.836912999999999796e-01,1.080800333333333327e+02
3.355000000000000000e+02,9.084144000000000574e+01,2.755934999999999913e-01,1.147009999999999792e+02
3.455000000000000000e+02,9.080572000000000799e+01,2.765894999999999326e-01,1.215157666666666785e+02
3.555000000000000000e+02,9.079998999999999398e+01,2.721011000000000402e-01,1.285228666666666584e+02
3.655000000000000000e+02,9.080573000000001116e+01,2.684922999999999615e-01,1.357224999999999966e+02
3.755000000000000000e+02,9.079858999999999014e+01,2.631305999999999923e-01,1.431134000000000128e+02
3.855000000000000000e+02,9.079142999999999120e+01,2.638044999999999973e-01,1.506959333333333575e+02
3.955000000000000000e+02,9.075142999999999915e+01,2.612864999999999771e-01,1.584709666666666408e+02
4.055000000000000000e+02,9.075428000000000850e+01,2.574485000000000245e-01,1.664307666666666421e+02
4.155000000000000000e+02,9.077715000000000600e+01,2.569473999999999925e-01,1.745677000000000021e+02
4.255000000000000000e+02,9.074144000000001142e+01,2.530884999999999385e-01,1.828868333333333567e+02
4.355000000000000000e+02,9.069714999999999350e+01,2.527407999999999877e-01,1.914061333333333437e+02
4.455000000000000000e+02,9.069714999999999350e+01,2.525112999999999941e-01,2.001404666666666685e+02
4.555000000000000000e+02,9.069142999999999688e+01,2.538873999999999853e-01,2.090809000000000140e+02
4.655000000000000000e+02,9.069141999999999371e+01,2.508005999999999291e-01,2.182266333333332966e+02
4.755000000000000000e+02,9.068286999999999409e+01,2.517932999999999977e-01,2.275848000000000013e+02
4.855000000000000000e+02,9.067999999999999261e+01,2.545659000000000116e-01,2.371584333333333348e+02
4.955000000000000000e+02,9.068286000000000513e+01,2.508073000000000108e-01,2.469456333333333191e+02
5.055000000000000000e+02,9.067285000000001105e+01,2.460672999999999888e-01,2.569472333333333154e+02
5.155000000000000000e+02,9.066141999999999257e+01,2.493215999999999766e-01,2.671517666666666742e+02
5.255000000000000000e+02,9.065570000000001016e+01,2.487923999999999969e-01,2.775497000000000298e+02
5.355000000000000000e+02,9.067428999999999917e+01,2.465302000000000326e-01,2.881386666666666088e+02
5.455000000000000000e+02,9.070286999999999011e+01,2.439714000000000049e-01,2.989179000000000315e+02
5.555000000000000000e+02,9.067714000000000851e+01,2.487651000000000168e-01,3.098878666666666390e+02
5.655000000000000000e+02,9.069570999999999117e+01,2.432037000000000226e-01,3.210377999999999474e+02
5.755000000000000000e+02,9.070570999999998207e+01,2.454984000000000055e-01,3.323656666666666979e+02
5.855000000000000000e+02,9.067855999999999028e+01,2.450536000000000381e-01,3.438728666666666527e+02
5.955000000000000000e+02,9.067570000000000618e+01,2.442116000000000287e-01,3.555631000000000199e+02
6.055000000000000000e+02,9.067855999999999028e+01,2.389111000000000151e-01,3.674519666666666353e+02
6.155000000000000000e+02,9.067999999999999261e+01,2.445634999999999892e-01,3.795392333333332999e+02
6.255000000000000000e+02,9.065856999999999744e+01,2.418420000000000292e-01,3.918065666666665834e+02
6.355000000000000000e+02,9.067712000000000216e+01,2.394612999999999603e-01,4.042633999999999901e+02
6.455000000000000000e+02,9.065141999999998745e+01,2.414398000000000377e-01,4.169270333333332701e+02
6.555000000000000000e+02,9.064284999999999570e+01,2.418996000000000479e-01,4.298064999999999714e+02
6.655000000000000000e+02,9.063572000000000628e+01,2.404758999999999924e-01,4.429204666666667549e+02
6.755000000000000000e+02,9.065142000000000166e+01,2.412586000000000175e-01,4.562338666666666427e+02
6.855000000000000000e+02,9.065427999999999997e+01,2.391264999999999641e-01,4.697402999999999338e+02
6.955000000000000000e+02,9.063715000000000543e+01,2.393686999999999898e-01,4.834395666666667353e+02
7.055000000000000000e+02,9.063286000000000797e+01,2.400917999999999941e-01,4.973349333333333675e+02
7.155000000000000000e+02,9.060856999999998607e+01,2.379137000000000057e-01,5.114257333333333122e+02
7.255000000000000000e+02,9.061856999999999118e+01,2.364748000000000128e-01,5.257109000000000378e+02
7.355000000000000000e+02,9.057715000000000316e+01,2.359015999999999891e-01,5.401893333333332521e+02
7.455000000000000000e+02,9.055859000000000947e+01,2.378105999999999831e-01,5.548677333333333763e+02
7.555000000000000000e+02,9.054857000000001221e+01,2.347795999999999772e-01,5.697453666666666550e+02
7.655000000000000000e+02,9.054141999999998802e+01,2.371592999999999896e-01,5.848277333333332990e+02
7.755000000000000000e+02,9.051142000000001531e+01,2.356307999999999736e-01,6.001102999999999383e+02
7.855000000000000000e+02,9.052000999999998498e+01,2.329499999999999349e-01,6.155917999999999211e+02
7.955000000000000000e+02,9.052572000000000685e+01,2.304517999999999844e-01,6.312676333333331513e+02
8.055000000000000000e+02,9.050428999999999746e+01,2.319126000000000243e-01,6.471398333333333994e+02
8.155000000000000000e+02,9.048141000000001100e+01,2.322680000000000022e-01,6.632061000000001059e+02
8.255000000000000000e+02,9.047997999999998342e+01,2.301647999999999750e-01,6.794700333333333901e+02
8.355000000000000000e+02,9.046283000000001095e+01,2.317147000000000234e-01,6.959330999999999676e+02
8.455000000000000000e+02,9.046139999999999759e+01,2.306076999999999710e-01,7.125986666666667588e+02
8.555000000000000000e+02,9.045998000000000161e+01,2.299626999999999644e-01,7.294618666666667650e+02
8.655000000000000000e+02,9.043998999999999455e+01,2.298087999999999798e-01,7.465162666666667519e+02
8.755000000000000000e+02,9.044142000000000792e+01,2.288248999999999977e-01,7.637612333333333936e+02
8.855000000000000000e+02,9.044998000000001070e+01,2.271864999999999579e-01,7.812008333333332075e+02
8.955000000000000000e+02,9.043000999999999578e+01,2.279909999999999992e-01,7.988359000000000378e+02
9.055000000000000000e+02,9.041715000000002078e+01,2.272787000000000002e-01,8.166573333333333267e+02
9.155000000000000000e+02,9.042143999999998982e+01,2.258846999999999938e-01,8.346556666666667752e+02
9.255000000000000000e+02,9.039999000000001672e+01,2.252658999999999911e-01,8.528294000000001915e+02
9.355000000000000000e+02,9.042143999999998982e+01,2.250045999999999713e-01,8.711784999999999854e+02
9.455000000000000000e+02,9.040715000000001567e+01,2.247726000000000168e-01,8.897036000000000513e+02
9.555000000000000000e+02,9.040715000000000146e+01,2.240797000000000205e-01,9.084060333333333119e+02
9.655000000000000000e+02,9.040715000000000146e+01,2.238621999999999834e-01,9.272885666666664974e+02
9.755000000000000000e+02,9.040286000000000399e+01,2.231017000000000139e-01,9.463500000000000227e+02
9.855000000000000000e+02,9.039571000000000822e+01,2.228867000000000209e-01,9.655880999999999403e+02
9.955000000000000000e+02,9.040143000000000484e+01,2.226952999999999849e-01,9.850021333333334042e+02
1.005500000000000000e+03,9.039856999999999232e+01,2.218564000000000092e-01,1.004591966666666622e+03
1.015500000000000000e+03,9.039142000000001076e+01,2.218551999999999746e-01,1.024358333333333348e+03
1.025500000000000000e+03,9.038570000000001414e+01,2.210446000000000077e-01,1.044308233333333419e+03
1.035500000000000000e+03,9.038713000000001330e+01,2.213264000000000065e-01,1.064449666666666872e+03
1.045500000000000000e+03,9.038712999999998488e+01,2.207832000000000128e-01,1.084782333333333327e+03
1.055500000000000000e+03,9.037711999999999080e+01,2.200042999999999860e-01,1.105315000000000055e+03
1.065500000000000000e+03,9.038141000000000247e+01,2.201734000000000191e-01,1.126038333333333412e+03
1.075500000000000000e+03,9.037711999999999080e+01,2.195058000000000009e-01,1.146955999999999904e+03
1.085500000000000000e+03,9.036996999999999503e+01,2.196282999999999708e-01,1.168071333333333314e+03
1.095500000000000000e+03,9.037282999999999333e+01,2.194233000000000156e-01,1.189401999999999816e+03
1.105500000000000000e+03,9.036996999999999503e+01,2.191198000000000035e-01,1.210947333333333290e+03
1.115500000000000000e+03,9.037139999999999418e+01,2.187209999999999988e-01,1.232699000000000069e+03
1.125500000000000000e+03,9.036853999999998166e+01,2.186771999999999883e-01,1.254653999999999996e+03
1.135500000000000000e+03,9.036853999999998166e+01,2.182297999999999738e-01,1.276804666666666662e+03
1.145500000000000000e+03,9.036853999999998166e+01,2.184632000000000240e-01,1.299151333333333241e+03
1.155500000000000000e+03,9.035997000000000412e+01,2.179376000000000091e-01,1.321694333333333361e+03
1.165500000000000000e+03,9.036140000000000327e+01,2.177805999999999909e-01,1.344434666666666544e+03
1.175500000000000000e+03,9.035712999999999795e+01,2.174653999999999754e-01,1.367381333333333259e+03
1.185500000000000000e+03,9.035712999999999795e+01,2.170312000000000074e-01,1.390534000000000106e+03
1.195500000000000000e+03,9.035141999999999030e+01,2.168537000000000103e-01,1.413899333333333288e+03
1.205500000000000000e+03,9.034429000000000087e+01,2.168737999999999777e-01,1.437507999999999811e+03
1.215500000000000000e+03,9.033574000000000126e+01,2.170177999999999829e-01,1.461337999999999965e+03
1.225500000000000000e+03,9.034714999999998497e+01,2.163117000000000234e-01,1.485377666666666755e+03
1.235500000000000000e+03,9.034000999999997816e+01,2.164056999999999786e-01,1.509617999999999938e+03
1.245500000000000000e+03,9.032716999999999530e+01,2.167659000000000113e-01,1.534060333333333347e+03
1.255500000000000000e+03,9.033286000000001081e+01,2.157185999999999826e-01,1.558702333333333399e+03
1.265500000000000000e+03,9.033715999999999724e+01,2.155277000000000442e-01,1.583541666666666515e+03
1.275500000000000000e+03,9.032573999999998193e+01,2.167778999999999956e-01,1.608583000000000084e+03
1.285500000000000000e+03,9.032284999999998831e+01,2.159159999999999968e-01,1.633836999999999989e+03
1.295500000000000000e+03,9.032428999999999064e+01,2.152902999999999900e-01,1.659334666666666408e+03
1.305500000000000000e+03,9.031001000000000545e+01,2.152953999999999701e-01,1.685088999999999942e+03
1.315500000000000000e+03,9.031144000000000460e+01,2.151791999999999871e-01,1.711038333333333412e+03
1.325500000000000000e+03,9.030857999999999208e+01,2.158373000000000097e-01,1.737182333333333418e+03
1.335500000000000000e+03,9.030571999999999377e+01,2.156530999999999865e-01,1.763533666666666704e+03
1.345500000000000000e+03,9.031143999999999039e+01,2.145637000000000238e-01,1.790101333333333514e+03
1.355500000000000000e+03,9.030428999999999462e+01,2.150077999999999712e-01,1.816876333333333605e+03
1.365500000000000000e+03,9.030715000000000714e+01,2.147226000000000412e-01,1.843861333333333505e+03
1.375500000000000000e+03,9.030143000000001052e+01,2.143453000000000164e-01,1.871047666666666601e+03
1.385500000000000000e+03,9.029999999999999716e+01,2.149525999999999937e-01,1.898432666666666819e+03
1.395500000000000000e+03,9.029999999999999716e+01,2.146509999999999807e-01,1.926012666666666746e+03
1.405500000000000000e+03,9.030142999999999631e+01,2.138014999999999777e-01,1.953808333333333621e+03
1.415500000000000000e+03,9.029570999999999970e+01,2.143142000000000102e-01,1.981803333333333285e+03
1.425500000000000000e+03,9.028855999999998971e+01,2.147292000000000090e-01,2.009992000000000189e+03
1.435500000000000000e+03,9.029142000000000223e+01,2.143148999999999749e-01,2.038376333333333150e+03
1.445500000000000000e+03,9.029141999999998802e+01,2.140022000000000035e-01,2.066956666666666933e+03
1.455500000000000000e+03,9.029427999999998633e+01,2.141186999999999951e-01,2.095732333333333372e+03
1.465500000000000000e+03,9.029570999999999970e+01,2.143091000000000024e-01,2.124692666666666810e+03
1.475500000000000000e+03,9.029427999999998633e+01,2.150178000000000367e-01,2.153834666666666635e+03
1.485500000000000000e+03,9.028712999999999056e+01,2.139467999999999925e-01,2.183163999999999760e+03
1.495500000000000000e+03,9.028141000000000815e+01,2.136648999999999909e-01,2.212696666666666715e+03
1.505500000000000000e+03,9.028569999999999141e+01,2.135395999999999683e-01,2.242433333333333394e+03
1.515500000000000000e+03,9.028427000000002067e+01,2.137691000000000174e-01,2.272368333333333339e+03
1.525500000000000000e+03,9.028427000000000646e+01,2.137064999999999659e-01,2.302509333333332961e+03
1.535500000000000000e+03,9.028284000000000731e+01,2.127610999999999808e-01,2.332868999999999687e+03
1.545500000000000000e+03,9.028141000000000815e+01,2.142373000000000194e-01,2.363433999999999742e+03
1.555500000000000000e+03,9.027997999999999479e+01,2.128941000000000305e-01,2.394199333333333016e+03
1.565500000000000000e+03,9.027997999999999479e+01,2.139096000000000330e-01,2.425161666666666861e+03
1.575500000000000000e+03,9.027712000000001069e+01,2.126161999999999774e-01,2.456320999999999913e+03
1.585500000000000000e+03,9.027139999999999986e+01,2.133510000000000129e-01,2.487680666666666639e+03
1.595500000000000000e+03,9.027139999999999986e+01,2.117720000000000158e-01,2.519238333333333685e+03
1.605500000000000000e+03,9.027282999999999902e+01,2.135343999999999853e-01,2.550997666666666646e+03
1.615500000000000000e+03,9.027425999999999817e+01,2.133482999999999907e-01,2.582950666666666166e+03
1.625500000000000000e+03,9.026568000000000325e+01,2.129610000000000114e-01,2.615105333333333419e+03
1.635500000000000000e+03,9.026568000000001746e+01,2.125454999999999706e-01,2.647457666666666682e+03
1.645500000000000000e+03,9.026568000000000325e+01,2.129497999999999946e-01,2.680016666666667334e+03
1.655500000000000000e+03,9.026711000000001661e+01,2.128900999999999988e-01,2.712768999999999778e+03
1.665500000000000000e+03,9.026711000000001661e+01,2.128512999999999933e-01,2.745723333333333358e+03
1.675500000000000000e+03,9.026711000000001661e+01,2.125235000000000041e-01,2.778886333333333369e+03
1.685500000000000000e+03,9.026854000000000156e+01,2.123204999999999953e-01,2.812251333333333605e+03
1.695500000000000000e+03,9.026425000000000409e+01,2.121493000000000129e-01,2.845818000000000211e+03
1.705500000000000000e+03,9.026568000000000325e+01,2.122034000000000142e-01,2.879596333333333405e+03
1.715500000000000000e+03,9.026568000000000325e+01,2.119833999999999885e-01,2.913574999999999818e+03
1.725500000000000000e+03,9.026139000000000578e+01,2.122480999999999951e-01,2.947750999999999749e+03
1.735500000000000000e+03,9.025424999999999898e+01,2.122857000000000216e-01,2.982131333333333259e+03
1.745500000000000000e+03,9.025426999999999111e+01,2.118036000000000363e-01,3.016721000000000004e+03
1.755500000000000000e+03,9.025281999999999982e+01,2.118099999999999983e-01,3.051520999999999731e+03
1.765500000000000000e+03,9.025568000000001234e+01,2.117137999999999798e-01,3.086524333333332834e+03
1.775500000000000000e+03,9.024997999999999365e+01,2.116322000000000203e-01,3.121721000000000458e+03
1.785500000000000000e+03,9.026139000000000578e+01,2.112973999999999963e-01,3.157108666666666522e+03
1.795500000000000000e+03,9.025140000000000384e+01,2.114026999999999712e-01,3.192682999999999538e+03
1.805500000000000000e+03,9.024855999999998346e+01,2.111322000000000476e-01,3.228445333333333110e+03
1.815500000000000000e+03,9.024284999999999002e+01,2.112137999999999793e-01,3.264395000000000437e+03
1.825500000000000000e+03,9.024427000000000021e+01,2.107157000000000058e-01,3.300544333333333725e+03
1.835500000000000000e+03,9.024571000000000254e+01,2.107808000000000459e-01,3.336895333333332928e+03
1.845500000000000000e+03,9.023141999999998575e+01,2.106357999999999842e-01,3.373434333333333598e+03
1.855500000000000000e+03,9.022999999999998977e+01,2.104807999999999679e-01,3.410163000000000466e+03
1.865500000000000000e+03,9.023427999999998406e+01,2.102575999999999889e-01,3.447077999999999975e+03
1.875500000000000000e+03,9.022285999999999717e+01,2.102314000000000127e-01,3.484176333333333787e+03
1.885500000000000000e+03,9.021715999999999269e+01,2.101751000000000036e-01,3.521460999999999331e+03
1.895500000000000000e+03,9.021715999999999269e+01,2.100772000000000195e-01,3.558939666666666653e+03
1.905500000000000000e+03,9.022000999999998783e+01,2.099536999999999654e-01,3.596615000000000236e+03
1.915500000000000000e+03,9.021286999999999523e+01,2.097288999999999959e-01,3.634489666666666835e+03
1.925500000000000000e+03,9.021429999999999438e+01,2.098069999999999935e-01,3.672566666666667061e+03
1.935500000000000000e+03,9.021429999999999438e+01,2.096914000000000000e-01,3.710848666666667214e+03
1.945500000000000000e+03,9.021858000000000288e+01,2.093864000000000003e-01,3.749353666666666868e+03
1.955500000000000000e+03,9.021714999999998952e+01,2.094809999999999728e-01,3.788062333333333754e+03
1.965500000000000000e+03,9.021286999999999523e+01,2.093003999999999976e-01,3.826977000000000317e+03
1.975500000000000000e+03,9.021144000000001029e+01,2.091180999999999734e-01,3.866088999999999942e+03
1.985500000000000000e+03,9.021572999999997933e+01,2.091216000000000186e-01,3.905395333333332928e+03
1.995500000000000000e+03,9.021000999999998271e+01,2.089890000000000081e-01,3.944887666666666519e+03
2.005500000000000000e+03,9.021286999999999523e+01,2.092664000000000191e-01,3.984572999999999411e+03
2.015500000000000000e+03,9.020857999999999777e+01,2.090075999999999878e-01,4.024458333333333485e+03
2.025500000000000000e+03,9.020857999999999777e+01,2.089169000000000165e-01,4.064550000000000637e+03
2.035500000000000000e+03,9.020429000000000030e+01,2.088512000000000146e-01,4.104842000000000553e+03
2.045500000000000000e+03,9.021000999999998271e+01,2.086319000000000090e-01,4.145346666666666351e+03
2.055500000000000000e+03,9.020857999999999777e+01,2.086974999999999802e-01,4.186067666666665900e+03
2.065500000000000000e+03,9.020714999999999861e+01,2.083606999999999820e-01,4.226987999999999374e+03
2.075500000000000000e+03,9.020572000000001367e+01,2.085252000000000216e-01,4.268097999999999956e+03
2.085500000000000000e+03,9.020857999999999777e+01,2.081974999999999798e-01,4.309398666666666031e+03
2.095500000000000000e+03,9.020286000000001536e+01,2.083952000000000027e-01,4.350894333333332725e+03
2.105500000000000000e+03,9.020286000000001536e+01,2.079996000000000067e-01,4.392583666666667341e+03
2.115500000000000000e+03,9.020714999999999861e+01,2.080617999999999912e-01,4.434454666666666526e+03
2.125500000000000000e+03,9.020429000000001452e+01,2.080394000000000132e-01,4.476508333333333212e+03
2.135500000000000000e+03,9.020572000000001367e+01,2.080584999999999796e-01,4.518768999999999323e+03
2.145500000000000000e+03,9.020143000000000200e+01,2.079505000000000103e-01,4.561269000000000233e+03
2.155500000000000000e+03,9.020143000000000200e+01,2.076798000000000255e-01,4.603968666666665740e+03
2.165500000000000000e+03,9.020286000000000115e+01,2.076467999999999647e-01,4.646882999999999811e+03
2.175500000000000000e+03,9.020286000000001536e+01,2.076212999999999531e-01,4.690011333333333823e+03
2.185500000000000000e+03,9.020000000000001705e+01,2.075968000000000535e-01,4.733336333333332732e+03
2.195500000000000000e+03,9.020143000000000200e+01,2.076341999999999910e-01,4.776859333333332870e+03
2.205500000000000000e+03,9.020143000000000200e+01,2.072935000000000194e-01,4.820570999999999913e+03
2.215500000000000000e+03,9.020143000000000200e+01,2.075155000000000194e-01,4.864470666666666148e+03
2.225500000000000000e+03,9.020000000000001705e+01,2.072794000000000025e-01,4.908560999999999694e+03
2.235500000000000000e+03,9.020000000000001705e+01,2.071766999999999914e-01,4.952843000000000757e+03
2.245500000000000000e+03,9.020000000000001705e+01,2.072400000000000075e-01,4.997313999999999396e+03
2.255500000000000000e+03,9.020000000000001705e+01,2.071236999999999939e-01,5.041978333333333467e+03
2.265500000000000000e+03,9.020000000000001705e+01,2.069507000000000152e-01,5.086839999999999236e+03
2.275500000000000000e+03,9.019857000000001790e+01,2.070367000000000179e-01,5.131902333333333445e+03
2.285500000000000000e+03,9.019857000000001790e+01,2.071782999999999819e-01,5.177154666666667254e+03
2.295500000000000000e+03,9.020000000000001705e+01,2.069408000000000081e-01,5.222596999999999753e+03
2.305500000000000000e+03,9.019714000000001874e+01,2.066568000000000294e-01,5.268231666666666570e+03
2.315500000000000000e+03,9.019428000000000623e+01,2.068614999999999760e-01,5.314062333333333299e+03
2.325500000000000000e+03,9.019571000000000538e+01,2.066106000000000054e-01,5.360087999999999738e+03
2.335500000000000000e+03,9.019714000000001874e+01,2.064239999999999964e-01,5.406309999999999491e+03
2.345500000000000000e+03,9.020000000000001705e+01,2.064090000000000091e-01,5.452751333333333605e+03
2.355500000000000000e+03,9.019428000000000623e+01,2.063828999999999803e-01,5.499400999999999840e+03
2.365500000000000000e+03,9.019141999999999371e+01,2.065220000000000111e-01,5.546246666666666897e+03
2.375500000000000000e+03,9.019428000000000623e+01,2.061440999999999968e-01,5.593282666666666955e+03
2.385500000000000000e+03,9.019141999999999371e+01,2.063876999999999795e-01,5.640509666666665908e+03
2.395500000000000000e+03,9.019141999999999371e+01,2.060747999999999747e-01,5.687931333333332077e+03
2.405500000000000000e+03,9.019428000000000623e+01,2.058451000000000308e-01,5.735587333333333845e+03
2.415500000000000000e+03,9.018712999999999624e+01,2.062744999999999995e-01,5.783449999999999818e+03
2.425500000000000000e+03,9.019142000000000792e+01,2.060621000000000258e-01,5.831515333333333729e+03
2.435500000000000000e+03,9.019141999999999371e+01,2.059356999999999993e-01,5.879788333333333867e+03
2.445500000000000000e+03,9.019284999999999286e+01,2.059127000000000041e-01,5.928264333333332615e+03
2.455500000000000000e+03,9.019284999999999286e+01,2.059093999999999924e-01,5.976949999999998909e+03
2.465500000000000000e+03,9.018998999999999455e+01,2.059193999999999747e-01,6.025835333333333438e+03
2.475500000000000000e+03,9.018998999999999455e+01,2.058123999999999787e-01,6.074917999999999665e+03
2.485500000000000000e+03,9.019141999999999371e+01,2.057510999999999923e-01,6.124200666666666621e+03
2.495500000000000000e+03,9.018998999999999455e+01,2.058344000000000007e-01,6.173695666666666511e+03
2.505500000000000000e+03,9.019141999999999371e+01,2.056350000000000122e-01,6.223399333333332834e+03
2.515500000000000000e+03,9.018569999999999709e+01,2.058733000000000091e-01,6.273289999999999964e+03
2.525500000000000000e+03,9.018856000000000961e+01,2.056629999999999847e-01,6.323370666666666693e+03
2.535500000000000000e+03,9.018712999999999624e+01,2.057135999999999965e-01,6.373641666666665515e+03
2.545500000000000000e+03,9.018712999999999624e+01,2.052992999999999901e-01,6.424109333333333780e+03
2.555500000000000000e+03,9.018569999999999709e+01,2.054835999999999885e-01,6.474762999999999920e+03
2.565500000000000000e+03,9.018712999999999624e+01,2.053205000000000169e-01,6.525611333333333278e+03
2.575500000000000000e+03,9.018712999999999624e+01,2.052877999999999648e-01,6.576652000000000044e+03
2.585500000000000000e+03,9.018712999999999624e+01,2.054772000000000265e-01,6.627879000000000815e+03
2.595500000000000000e+03,9.018569999999999709e+01,2.051953000000000249e-01,6.679285666666665747e+03
2.605500000000000000e+03,9.018569999999999709e+01,2.053576000000000013e-01,6.730876999999998588e+03
2.615500000000000000e+03,9.018569999999999709e+01,2.050578999999999874e-01,6.782648333333333539e+03
2.625500000000000000e+03,9.018426999999999794e+01,2.050519000000000092e-01,6.834605999999999767e+03
2.635500000000000000e+03,9.018569999999999709e+01,2.053010000000000113e-01,6.886757666666666410e+03
2.645500000000000000e+03,9.018569999999999709e+01,2.050821999999999645e-01,6.939141333333331204e+03
2.655500000000000000e+03,9.018569999999999709e+01,2.049190999999999929e-01,6.991765999999998712e+03
2.665500000000000000e+03,9.018426999999999794e+01,2.048627999999999838e-01,7.044588333333333139e+03
2.675500000000000000e+03,9.018283999999998457e+01,2.050358000000000180e-01,7.097607333333333372e+03
2.685500000000000000e+03,9.018426999999999794e+01,2.048722999999999794e-01,7.150825999999999112e+03
2.695500000000000000e+03,9.018140999999999963e+01,2.047378999999999727e-01,7.204250000000000000e+03
2.705500000000000000e+03,9.017855000000000132e+01,2.047644000000000131e-01,7.257878000000001521e+03
2.715500000000000000e+03,9.018569999999999709e+01,2.046470000000000233e-01,7.311699999999999818e+03
2.725500000000000000e+03,9.017711999999998795e+01,2.046897000000000022e-01,7.365715333333333547e+03
2.735500000000000000e+03,9.017855000000000132e+01,2.047637999999999958e-01,7.419928666666668505e+03
2.745500000000000000e+03,9.017998000000000047e+01,2.045949999999999991e-01,7.474339333333334253e+03
2.755500000000000000e+03,9.018283999999998457e+01,2.046623999999999943e-01,7.528945999999999003e+03
2.765500000000000000e+03,9.017855000000000132e+01,2.044028999999999707e-01,7.583747000000000298e+03
2.775500000000000000e+03,9.017998000000000047e+01,2.046294000000000168e-01,7.638738333333332776e+03
2.785500000000000000e+03,9.017711999999998795e+01,2.045112000000000041e-01,7.693922333333333881e+03
2.795500000000000000e+03,9.017568999999998880e+01,2.044698000000000349e-01,7.749303333333334194e+03
2.805500000000000000e+03,9.017568999999998880e+01,2.045471000000000095e-01,7.804879666666665798e+03
2.815500000000000000e+03,9.017998000000000047e+01,2.043861999999999901e-01,7.860648000000001048e+03
2.825500000000000000e+03,9.017855000000000132e+01,2.042705000000000215e-01,7.916610333333333074e+03
2.835500000000000000e+03,9.017568999999998880e+01,2.043902999999999692e-01,7.972758333333333212e+03
2.845500000000000000e+03,9.017711999999998795e+01,2.041761000000000270e-01,8.029103666666666868e+03
2.855500000000000000e+03,9.017426000000000386e+01,2.041548999999999725e-01,8.085638666666665813e+03
2.865500000000000000e+03,9.017426000000000386e+01,2.040555000000000008e-01,8.142367666666666992e+03
2.875500000000000000e+03,9.017426000000000386e+01,2.041719000000000173e-01,8.199292333333334682e+03
2.885500000000000000e+03,9.017283000000000470e+01,2.040523999999999949e-01,8.256415000000000873e+03
2.895500000000000000e+03,9.017139999999999134e+01,2.039108999999999783e-01,8.313726333333333969e+03
2.905500000000000000e+03,9.017140000000000555e+01,2.042681000000000080e-01,8.371234000000000378e+03
2.915500000000000000e+03,9.017426000000000386e+01,2.038939000000000168e-01,8.428934333333332688e+03
2.925500000000000000e+03,9.017139999999999134e+01,2.038191000000000308e-01,8.486831333333331713e+03
2.935500000000000000e+03,9.017283000000000470e+01,2.039704999999999990e-01,8.544926999999999680e+03
2.945500000000000000e+03,9.017283000000000470e+01,2.038355999999999779e-01,8.603223000000001775e+03
2.955500000000000000e+03,9.017139999999999134e+01,2.038621999999999657e-01,8.661715000000000146e+03
2.965500000000000000e+03,9.016854000000000724e+01,2.037719999999999809e-01,8.720399666666668054e+03
2.975500000000000000e+03,9.017139999999999134e+01,2.036442999999999726e-01,8.779274333333334653e+03
2.985500000000000000e+03,9.016996999999999218e+01,2.035750000000000060e-01,8.838343000000000757e+03
2.995500000000000000e+03,9.016997000000000639e+01,2.035570999999999908e-01,8.897612666666665973e+03
3.005500000000000000e+03,9.016854000000000724e+01,2.035881999999999969e-01,8.957079666666666526e+03
3.015500000000000000e+03,9.017139999999999134e+01,2.035260999999999876e-01,9.016742666666666992e+03
3.025500000000000000e+03,9.017139999999999134e+01,2.034839000000000231e-01,9.076599666666666963e+03
3.035500000000000000e+03,9.016567999999999472e+01,2.034284000000000092e-01,9.136653666666667050e+03
3.045500000000000000e+03,9.016854000000000724e+01,2.033902999999999961e-01,9.196910333333333256e+03
3.055500000000000000e+03,9.016996999999999218e+01,2.033346000000000320e-01,9.257370333333334202e+03
3.065500000000000000e+03,9.016996999999999218e+01,2.034040999999999766e-01,9.318033666666666250e+03
3.075500000000000000e+03,9.016711000000000809e+01,2.032650000000000290e-01,9.378890666666668039e+03
3.085500000000000000e+03,9.016711000000000809e+01,2.032523999999999997e-01,9.439941666666665697e+03
3.095500000000000000e+03,9.016567999999999472e+01,2.031033999999999895e-01,9.501181666666667297e+03
3.105500000000000000e+03,9.016996999999999218e+01,2.030841000000000174e-01,9.562609666666667181e+03
3.115500000000000000e+03,9.016425000000000978e+01,2.030679999999999708e-01,9.624261333333332004e+03
3.125500000000000000e+03,9.016568000000000893e+01,2.031379999999999852e-01,9.686116333333335206e+03
3.135500000000000000e+03,9.016139000000001147e+01,2.031086999999999754e-01,9.748157333333332645e+03
3.145500000000000000e+03,9.016281999999999641e+01,2.030752000000000113e-01,9.810396666666667443e+03
3.155500000000000000e+03,9.016424999999999557e+01,2.029842000000000035e-01,9.872829000000001543e+03
3.165500000000000000e+03,9.016425000000000978e+01,2.030407999999999935e-01,9.935452000000001135e+03
3.175500000000000000e+03,9.016138999999999726e+01,2.029729000000000116e-01,9.998289999999999054e+03
3.185500000000000000e+03,9.015995999999999810e+01,2.029036000000000173e-01,1.006131466666666711e+04
3.195500000000000000e+03,9.016281999999999641e+01,2.028858000000000050e-01,1.012452466666666623e+04
3.205500000000000000e+03,9.016139000000001147e+01,2.027849999999999930e-01,1.018793733333333330e+04
3.215500000000000000e+03,9.016139000000001147e+01,2.027165000000000217e-01,1.025155366666666487e+04
3.225500000000000000e+03,9.015995999999999810e+01,2.026949000000000112e-01,1.031538200000000143e+04
3.235500000000000000e+03,9.015852999999999895e+01,2.027474999999999972e-01,1.037942633333333652e+04
3.245500000000000000e+03,9.015709999999999980e+01,2.027641999999999778e-01,1.044368333333333430e+04
3.255500000000000000e+03,9.015709999999999980e+01,2.026792000000000038e-01,1.050817666666666628e+04
3.265500000000000000e+03,9.015995999999999810e+01,2.026902000000000148e-01,1.057292000000000007e+04
3.275500000000000000e+03,9.015709999999999980e+01,2.025958000000000203e-01,1.063788999999999942e+04
3.285500000000000000e+03,9.015709999999999980e+01,2.026317999999999730e-01,1.070309666666666635e+04
3.295500000000000000e+03,9.015709999999999980e+01,2.025641000000000247e-01,1.076851999999999862e+04
3.305500000000000000e+03,9.015709999999999980e+01,2.026167999999999858e-01,1.083414000000000124e+04
3.315500000000000000e+03,9.015709999999999980e+01,2.025283999999999973e-01,1.089998333333333358e+04
3.325500000000000000e+03,9.015709999999999980e+01,2.024605000000000155e-01,1.096604333333333125e+04
3.335500000000000000e+03,9.015709999999999980e+01,2.023950000000000193e-01,1.103229666666666526e+04
3.345500000000000000e+03,9.015709999999999980e+01,2.023780000000000023e-01,1.109879000000000087e+04
3.355500000000000000e+03,9.015709999999999980e+01,2.024415999999999993e-01,1.116552333333333445e+04
3.365500000000000000e+03,9.015709999999999980e+01,2.023094000000000003e-01,1.123247333333333154e+04
3.375500000000000000e+03,9.015709999999999980e+01,2.023146999999999862e-01,1.129963666666666722e+04
3.385500000000000000e+03,9.015709999999999980e+01,2.022799000000000125e-01,1.136702000000000044e+04
3.395500000000000000e+03,9.015709999999999980e+01,2.022387999999999963e-01,1.143463000000000102e+04
3.405500000000000000e+03,9.015709999999999980e+01,2.022158000000000011e-01,1.150249333333333198e+04
3.415500000000000000e+03,9.015709999999999980e+01,2.022483999999999948e-01,1.157062000000000080e+04
3.425500000000000000e+03,9.015709999999999980e+01,2.020917999999999881e-01,1.163894999999999891e+04
3.435500000000000000e+03,9.015709999999999980e+01,2.021048000000000011e-01,1.170750999999999840e+04
3.445500000000000000e+03,9.015709999999999980e+01,2.020427000000000195e-01,1.177627999999999884e+04
3.455500000000000000e+03,9.015709999999999980e+01,2.020172000000000079e-01,1.184527666666666482e+04
3.465500000000000000e+03,9.015709999999999980e+01,2.019239999999999924e-01,1.191449000000000160e+04
3.475500000000000000e+03,9.015709999999999980e+01,2.019930000000000059e-01,1.198390333333333365e+04
3.485500000000000000e+03,9.015709999999999980e+01,2.018308999999999798e-01,1.205352999999999884e+04
3.495500000000000000e+03,9.015709999999999980e+01,2.019242000000000259e-01,1.212335333333333256e+04
3.505500000000000000e+03,9.015709999999999980e+01,2.018867999999999774e-01,1.219341333333333387e+04
3.515500000000000000e+03,9.015709999999999980e+01,2.017786000000000024e-01,1.226369333333333270e+04
3.525500000000000000e+03,9.015709999999999980e+01,2.018097000000000085e-01,1.233421666666666715e+04
3.535500000000000000e+03,9.015709999999999980e+01,2.018809000000000020e-01,1.240496999999999935e+04
3.545500000000000000e+03,9.015709999999999980e+01,2.016975999999999769e-01,1.247596333333333314e+04
3.555500000000000000e+03,9.015709999999999980e+01,2.016994000000000009e-01,1.254718000000000029e+04
3.565500000000000000e+03,9.015709999999999980e+01,2.017608000000000179e-01,1.261862999999999920e+04
3.575500000000000000e+03,9.015709999999999980e+01,2.017473999999999934e-01,1.269029999999999927e+04
3.585500000000000000e+03,9.015709999999999980e+01,2.016101000000000421e-01,1.276218333333333430e+04
3.595500000000000000e+03,9.015709999999999980e+01,2.015805999999999987e-01,1.283430333333333328e+04
3.605500000000000000e+03,9.015709999999999980e+01,2.016233000000000053e-01,1.290662333333333299e+04
3.615500000000000000e+03,9.015709999999999980e+01,2.016368000000000049e-01,1.297920666666666875e+04
3.625500000000000000e+03,9.015709999999999980e+01,2.016697000000000073e-01,1.305204333333333307e+04
3.635500000000000000e+03,9.015709999999999980e+01,2.012731000000000103e-01,1.312512333333333299e+04
3.645500000000000000e+03,9.015709999999999980e+01,2.014029999999999987e-01,1.319842666666666628e+04
3.655500000000000000e+03,9.015709999999999980e+01,2.014945999999999682e-01,1.327198333333333176e+04
3.665500000000000000e+03,9.015709999999999980e+01,2.014501000000000208e-01,1.334574333333333561e+04
3.675500000000000000e+03,9.015709999999999980e+01,2.013967000000000118e-01,1.341972666666666555e+04
3.685500000000000000e+03,9.015709999999999980e+01,2.013704000000000049e-01,1.349392000000000189e+04
3.695500000000000000e+03,9.015709999999999980e+01,2.013757000000000463e-01,1.356831666666666570e+04
3.705500000000000000e+03,9.015709999999999980e+01,2.013944000000000012e-01,1.364291666666666788e+04
3.715500000000000000e+03,9.015709999999999980e+01,2.012535000000000296e-01,1.371770000000000073e+04
3.725500000000000000e+03,9.015709999999999980e+01,2.012849999999999917e-01,1.379271000000000095e+04
3.735500000000000000e+03,9.015709999999999980e+01,2.011363999999999930e-01,1.386788333333333503e+04
3.745500000000000000e+03,9.015709999999999980e+01,2.012420000000000042e-01,1.394328000000000247e+04
3.755500000000000000e+03,9.015709999999999980e+01,2.012456999999999996e-01,1.401885666666666475e+04
3.765500000000000000e+03,9.015709999999999980e+01,2.012154999999999916e-01,1.409463333333333139e+04
3.775500000000000000e+03,9.015709999999999980e+01,2.011098000000000052e-01,1.417060666666666475e+04
3.785500000000000000e+03,9.015709999999999980e+01,2.011784999999999823e-01,1.424676999999999862e+04
3.795500000000000000e+03,9.015709999999999980e+01,2.009468999999999839e-01,1.432310666666666475e+04
3.805500000000000000e+03,9.015709999999999980e+01,2.011510000000000242e-01,1.439963333333333503e+04
3.815500000000000000e+03,9.015709999999999980e+01,2.010181999999999802e-01,1.447632333333333372e+04
3.825500000000000000e+03,9.015709999999999980e+01,2.009572000000000025e-01,1.455320666666666511e+04
3.835500000000000000e+03,9.015709999999999980e+01,2.009869999999999712e-01,1.463027333333333445e+04
3.845500000000000000e+03,9.015709999999999980e+01,2.011394000000000237e-01,1.470752999999999884e+04
3.855500000000000000e+03,9.015709999999999980e+01,2.009553000000000034e-01,1.478498333333333358e+04
3.865500000000000000e+03,9.015709999999999980e+01,2.009199999999999875e-01,1.486262666666666701e+04
3.875500000000000000e+03,9.015709999999999980e+01,2.007522999999999946e-01,1.494046999999999753e+04
3.885500000000000000e+03,9.015709999999999980e+01,2.008416999999999564e-01,1.501847666666666919e+04
3.895500000000000000e+03,9.015709999999999980e+01,2.009589999999999710e-01,1.509670000000000073e+04
3.905500000000000000e+03,9.015709999999999980e+01,2.008496000000000170e-01,1.517512000000000080e+04
3.915500000000000000e+03,9.015709999999999980e+01,2.008085000000000009e-01,1.525372000000000116e+04
3.925500000000000000e+03,9.015709999999999980e+01,2.008875999999999995e-01,1.533252666666666664e+04
3.935500000000000000e+03,9.015709999999999980e+01,2.005225999999999953e-01,1.541153000000000247e+04
3.945500000000000000e+03,9.015709999999999980e+01,2.007176999999999989e-01,1.549076666666666642e+04
3.955500000000000000e+03,9.015709999999999980e+01,2.007947999999999955e-01,1.557020666666666511e+04
3.965500000000000000e+03,9.015709999999999980e+01,2.005640999999999674e-01,1.564987666666666701e+04
3.975500000000000000e+03,9.015709999999999980e+01,2.006403999999999965e-01,1.572974666666666781e+04
3.985500000000000000e+03,9.015709999999999980e+01,2.005916000000000088e-01,1.580983333333333212e+04
3.995500000000000000e+03,9.015709999999999980e+01,2.003633999999999971e-01,1.589012999999999920e+04
4.005500000000000000e+03,9.015709999999999980e+01,2.004265999999999825e-01,1.597064666666666744e+04
4.015500000000000000e+03,9.015709999999999980e+01,2.004815999999999820e-01,1.605135333333333256e+04
4.025500000000000000e+03,9.015709999999999980e+01,2.005149999999999988e-01,1.613227999999999884e+04
4.035500000000000000e+03,9.015709999999999980e+01,2.003558000000000006e-01,1.621341333333333387e+04
4.045500000000000000e+03,9.015709999999999980e+01,2.002327999999999886e-01,1.629475000000000000e+04
4.055500000000000000e+03,9.015709999999999980e+01,2.002207000000000292e-01,1.637630666666666548e+04
4.065500000000000000e+03,9.015709999999999980e+01,2.001955000000000262e-01,1.645810333333333256e+04
4.075500000000000000e+03,9.015709999999999980e+01,2.002762999999999904e-01,1.654011666666666861e+04
4.085500000000000000e+03,9.015709999999999980e+01,2.004287999999999903e-01,1.662234666666666817e+04
4.095500000000000000e+03,9.015709999999999980e+01,2.000099000000000182e-01,1.670477333333332717e+04
4.105500000000000000e+03,9.015709999999999980e+01,2.000221999999999833e-01,1.678744666666666672e+04
4.115500000000000000e+03,9.015709999999999980e+01,2.000665999999999833e-01,1.687031000000000131e+04
4.125500000000000000e+03,9.015709999999999980e+01,2.002818000000000098e-01,1.695340999999999985e+04
4.135500000000000000e+03,9.015709999999999980e+01,2.000151000000000290e-01,1.703671666666666351e+04
4.145500000000000000e+03,9.015709999999999980e+01,2.002190000000000081e-01,1.712023999999999796e+04
4.155500000000000000e+03,9.015709999999999980e+01,2.000251000000000112e-01,1.720398333333333358e+04
4.165500000000000000e+03,9.015709999999999980e+01,1.999276999999999860e-01,1.728792666666666992e+04
4.175500000000000000e+03,9.015709999999999980e+01,1.998499999999999999e-01,1.737209000000000015e+04
4.185500000000000000e+03,9.015709999999999980e+01,1.998013999999999901e-01,1.745647000000000116e+04
4.195500000000000000e+03,9.015709999999999980e+01,2.000088999999999895e-01,1.754108333333333576e+04
4.205500000000000000e+03,9.015709999999999980e+01,1.998928999999999845e-01,1.762590666666666948e+04
4.215500000000000000e+03,9.015709999999999980e+01,1.997479000000000060e-01,1.771094666666666672e+04
4.225500000000000000e+03,9.015709999999999980e+01,1.997089000000000225e-01,1.779619333333333270e+04
4.235500000000000000e+03,9.015709999999999980e+01,1.998371000000000175e-01,1.788166333333333387e+04
4.245500000000000000e+03,9.015709999999999980e+01,1.996249000000000218e-01,1.796731333333333168e+04
4.255500000000000000e+03,9.015709999999999980e+01,1.998956000000000066e-01,1.805320000000000073e+04
4.265500000000000000e+03,9.015709999999999980e+01,1.997670000000000001e-01,1.813931000000000131e+04
4.275500000000000000e+03,9.015709999999999980e+01,1.999212999999999962e-01,1.822563999999999942e+04
4.285500000000000000e+03,9.015709999999999980e+01,1.997073000000000043e-01,1.831220666666666511e+04
4.295500000000000000e+03,9.015709999999999980e+01,1.999345999999999623e-01,1.839900333333333401e+04
4.305500000000000000e+03,9.015709999999999980e+01,1.994674999999999920e-01,1.848601333333333241e+04
4.315500000000000000e+03,9.015709999999999980e+01,1.997991999999999824e-01,1.857324333333332834e+04
4.325500000000000000e+03,9.015709999999999980e+01,1.996378999999999793e-01,1.866068000000000029e+04
4.335500000000000000e+03,9.015709999999999980e+01,1.998284000000000171e-01,1.874834333333333052e+04
4.345500000000000000e+03,9.015709999999999980e+01,1.995689999999999964e-01,1.883622666666666919e+04
4.355500000000000000e+03,9.015709999999999980e+01,1.993850999999999818e-01,1.892429000000000087e+04
4.365500000000000000e+03,9.015709999999999980e+01,1.994091000000000335e-01,1.901255333333333328e+04
4.375500000000000000e+03,9.015709999999999980e+01,1.994460000000000122e-01,1.910099000000000160e+04
4.385500000000000000e+03,9.015709999999999980e+01,1.997705000000000175e-01,1.918963333333333503e+04
4.395500000000000000e+03,9.015709999999999980e+01,1.996400000000000119e-01,1.927847666666666555e+04
4.405500000000000000e+03,9.015709999999999980e+01,1.994505000000000028e-01,1.936752333333333445e+04
4.415500000000000000e+03,9.015709999999999980e+01,1.995621000000000200e-01,1.945677333333333445e+04
4.425500000000000000e+03,9.015709999999999980e+01,1.994946999999999970e-01,1.954622666666666555e+04
4.435500000000000000e+03,9.015709999999999980e+01,1.993836999999999970e-01,1.963588999999999942e+04
4.445500000000000000e+03,9.015709999999999980e+01,1.991875999999999647e-01,1.972577666666666482e+04
4.455500000000000000e+03,9.015709999999999980e+01,1.993560000000000054e-01,1.981586333333333459e+04
4.465500000000000000e+03,9.015709999999999980e+01,1.994607999999999937e-01,1.990615333333333183e+04
4.475500000000000000e+03,9.015709999999999980e+01,1.994385000000000185e-01,1.999663999999999578e+04
4.485500000000000000e+03,9.015709999999999980e+01,1.991877999999999982e-01,2.008736666666666497e+04
4.495500000000000000e+03,9.015709999999999980e+01,1.993790000000000284e-01,2.017828666666666686e+04
4.505500000000000000e+03,9.015709999999999980e+01,1.995754999999999890e-01,2.026940999999999985e+04
4.515500000000000000e+03,9.015709999999999980e+01,1.994694999999999940e-01,2.036073333333333358e+04
4.525500000000000000e+03,9.015709999999999980e+01,1.993408999999999875e-01,2.045226666666667006e+04
4.535500000000000000e+03,9.015709999999999980e+01,1.992664999999999853e-01,2.054400333333333401e+04
4.545500000000000000e+03,9.015709999999999980e+01,1.992290000000000172e-01,2.063594666666666672e+04
4.555500000000000000e+03,9.015709999999999980e+01,1.992794000000000232e-01,2.072809666666666817e+04
4.565500000000000000e+03,9.015709999999999980e+01,1.994324999999999570e-01,2.082052333333333445e+04
4.575500000000000000e+03,9.015709999999999980e+01,1.993165000000000076e-01,2.091319333333332906e+04
4.585500000000000000e+03,9.015709999999999980e+01,1.993442999999999743e-01,2.100607666666666773e+04
4.595500000000000000e+03,9.015709999999999980e+01,1.992087999999999914e-01,2.109911999999999898e+04
4.605500000000000000e+03,9.015709999999999980e+01,1.992000999999999911e-01,2.119237333333332936e+04
4.615500000000000000e+03,9.015709999999999980e+01,1.993362000000000189e-01,2.128583666666666613e+04
4.625500000000000000e+03,9.015709999999999980e+01,1.991725999999999774e-01,2.137950000000000000e+04
4.635500000000000000e+03,9.015709999999999980e+01,1.993758000000000197e-01,2.147335666666666657e+04
4.645500000000000000e+03,9.015709999999999980e+01,1.992683000000000093e-01,2.156739333333333343e+04
4.655500000000000000e+03,9.015709999999999980e+01,1.992579999999999907e-01,2.166162000000000262e+04
4.665500000000000000e+03,9.015709999999999980e+01,1.992396000000000167e-01,2.175602333333333445e+04
4.675500000000000000e+03,9.015709999999999980e+01,1.991051999999999822e-01,2.185062999999999738e+04
4.685500000000000000e+03,9.015709999999999980e+01,1.993139999999999912e-01,2.194540666666666584e+04
4.695500000000000000e+03,9.015709999999999980e+01,1.991978999999999833e-01,2.204039333333333343e+04
4.705500000000000000e+03,9.015709999999999980e+01,1.993255999999999639e-01,2.213558333333333212e+04
4.715500000000000000e+03,9.015709999999999980e+01,1.992255999999999749e-01,2.223094666666666672e+04
4.725500000000000000e+03,9.015709999999999980e+01,1.992336000000000384e-01,2.232650999999999840e+04
4.735500000000000000e+03,9.015709999999999980e+01,1.991914999999999936e-01,2.242225666666666075e+04
4.745500000000000000e+03,9.015709999999999980e+01,1.991870000000000029e-01,2.251820666666666511e+04
4.755500000000000000e+03,9.015709999999999980e+01,1.991340000000000054e-01,2.261434000000000015e+04
4.765500000000000000e+03,9.015709999999999980e+01,1.991321000000000063e-01,2.271066333333333023e+04
4.775500000000000000e+03,9.015709999999999980e+01,1.991322999999999843e-01,2.280719000000000233e+04
4.785500000000000000e+03,9.015709999999999980e+01,1.989630000000000010e-01,2.290391999999999825e+04
4.795500000000000000e+03,9.015709999999999980e+01,1.990897999999999834e-01,2.300085333333333620e+04
4.805500000000000000e+03,9.015709999999999980e+01,1.991272999999999793e-01,2.309802666666666846e+04
4.815500000000000000e+03,9.015709999999999980e+01,1.990512999999999866e-01,2.319540333333333183e+04
4.825500000000000000e+03,9.015709999999999980e+01,1.990478999999999998e-01,2.329298666666666759e+04
4.835500000000000000e+03,9.015709999999999980e+01,1.990955000000000363e-01,2.339076333333333241e+04
4.845500000000000000e+03,9.015709999999999980e+01,1.989616999999999913e-01,2.348873999999999796e+04
4.855500000000000000e+03,9.015709999999999980e+01,1.989177000000000028e-01,2.358695000000000437e+04
4.865500000000000000e+03,9.015709999999999980e+01,1.990184999999999871e-01,2.368534333333333416e+04
4.875500000000000000e+03,9.015709999999999980e+01,1.989834999999999798e-01,2.378392666666666992e+04
4.885500000000000000e+03,9.015709999999999980e+01,1.989866000000000135e-01,2.388271666666666715e+04
4.895500000000000000e+03,9.015709999999999980e+01,1.988602000000000147e-01,2.398169333333333270e+04
4.905500000000000000e+03,9.015709999999999980e+01,1.989057000000000186e-01,2.408087999999999738e+04
4.915500000000000000e+03,9.015709999999999980e+01,1.989352000000000065e-01,2.418026666666667006e+04
4.925500000000000000e+03,9.015709999999999980e+01,1.989148000000000027e-01,2.427983666666666977e+04
4.935500000000000000e+03,9.015709999999999980e+01,1.989141999999999855e-01,2.437962333333333663e+04
4.945500000000000000e+03,9.015709999999999980e+01,1.988051000000000124e-01,2.447962666666666701e+04
4.955500000000000000e+03,9.015709999999999980e+01,1.988850000000000062e-01,2.457984666666666817e+04
4.965500000000000000e+03,9.015709999999999980e+01,1.989249000000000156e-01,2.468027000000000044e+04
4.975500000000000000e+03,9.015709999999999980e+01,1.988129999999999897e-01,2.478090333333332819e+04
4.985500000000000000e+03,9.015709999999999980e+01,1.988298000000000010e-01,2.488172333333333154e+04
4.995500000000000000e+03,9.015709999999999980e+01,1.986745000000000039e-01,2.498274666666666599e+04
