5.500000000000000000e+00,8.746712999999999738e+01,7.463225000000001330e+01,9.940712666666667169e-03
1.550000000000000000e+01,9.022427000000000419e+01,8.872484000000000037e+00,5.576906666666667928e-02
2.550000000000000000e+01,9.042999000000000365e+01,5.931373999999999924e+00,1.416493833333333230e-01
3.550000000000000000e+01,9.040716000000000463e+01,4.155322000000000848e+00,2.672876000000000141e-01
4.550000000000000000e+01,8.932427999999998747e+01,3.283516999999999797e+00,4.325495333333333470e-01
5.550000000000000000e+01,8.830285000000000650e+01,2.764657000000000142e+00,6.416570333333334597e-01
6.550000000000000000e+01,8.870857999999999777e+01,2.280162999999999496e+00,9.025554999999998440e-01
7.550000000000000000e+01,8.943430000000000746e+01,1.874997000000000025e+00,1.215271400000000224e+00
8.550000000000000000e+01,8.948143999999999210e+01,1.672902000000000111e+00,1.582572666666666628e+00
9.550000000000000000e+01,8.948427999999999827e+01,1.587909000000000237e+00,1.986691666666666523e+00
1.055000000000000000e+02,8.934001000000002080e+01,1.401025000000000187e+00,2.427375666666666376e+00
1.155000000000000000e+02,8.968999999999999773e+01,1.295628000000000224e+00,2.904421666666666901e+00
1.255000000000000000e+02,8.981428000000001077e+01,1.171007000000000131e+00,3.418420999999999932e+00
1.355000000000000000e+02,8.978714999999999691e+01,1.107179700000000100e+00,3.971920666666666655e+00
1.455000000000000000e+02,8.978000000000000114e+01,1.046580899999999925e+00,4.569058333333333444e+00
1.555000000000000000e+02,8.977430000000001087e+01,9.617498999999998244e-01,5.222866666666666546e+00
1.655000000000000000e+02,8.969714999999999350e+01,8.772269000000001427e-01,5.930021333333333367e+00
1.755000000000000000e+02,8.956712999999999170e+01,7.956524000000000374e-01,6.680496333333333148e+00
1.855000000000000000e+02,8.994428000000000623e+01,7.701666000000000345e-01,7.490779999999999106e+00
1.955000000000000000e+02,8.967285000000001105e+01,7.221838999999999897e-01,8.409261000000000763e+00
2.055000000000000000e+02,8.957857999999998810e+01,7.068961000000000272e-01,9.383124999999999716e+00
2.155000000000000000e+02,8.881002000000000862e+01,6.639947999999999961e-01,1.044475566666666744e+01
2.255000000000000000e+02,8.937142000000000053e+01,6.435288000000000119e-01,1.155568799999999818e+01
2.355000000000000000e+02,8.846144000000001029e+01,5.991598000000000201e-01,1.270638666666666694e+01
2.455000000000000000e+02,8.839715000000001055e+01,5.750871999999999096e-01,1.389649666666666761e+01
2.555000000000000000e+02,8.910999000000001047e+01,5.897913999999999657e-01,1.512668666666666617e+01
2.655000000000000000e+02,8.893858000000000175e+01,5.367091000000000500e-01,1.639668999999999954e+01
2.755000000000000000e+02,8.931570999999999572e+01,5.086455999999999200e-01,1.770599999999999596e+01
2.855000000000000000e+02,8.922141999999999484e+01,4.764026999999999568e-01,1.905344999999999800e+01
2.955000000000000000e+02,8.894998999999999967e+01,4.517496000000000289e-01,2.043693999999999988e+01
3.055000000000000000e+02,8.925571000000000765e+01,4.526301000000000352e-01,2.187446333333333115e+01
3.155000000000000000e+02,8.888572000000000628e+01,4.222904000000000657e-01,2.335860999999999876e+01
3.255000000000000000e+02,8.777428000000000452e+01,4.126889000000000252e-01,2.487866000000000000e+01
3.355000000000000000e+02,8.753714999999999691e+01,4.243426000000000142e-01,2.643451333333333153e+01
3.455000000000000000e+02,8.772428000000000736e+01,4.097358999999999862e-01,2.802632666666666594e+01
3.555000000000000000e+02,8.776856999999998266e+01,4.130053999999999670e-01,2.965453000000000117e+01
3.655000000000000000e+02,8.747571000000002073e+01,4.021307000000000076e-01,3.131899333333333146e+01
3.755000000000000000e+02,8.734427999999999770e+01,4.445764999999999856e-01,3.301831000000000671e+01
3.855000000000000000e+02,8.707428999999999064e+01,4.408711000000000158e-01,3.475196333333333598e+01
3.955000000000000000e+02,8.691857000000000255e+01,3.979370000000000407e-01,3.652775333333333663e+01
4.055000000000000000e+02,8.698571999999998638e+01,4.377227999999999675e-01,3.835296666666665999e+01
4.155000000000000000e+02,8.710285000000000366e+01,4.261267000000000249e-01,4.021496666666666187e+01
4.255000000000000000e+02,8.679427000000001158e+01,4.080995000000000594e-01,4.211200999999999794e+01
4.355000000000000000e+02,8.703143000000000029e+01,4.025513999999999482e-01,4.404956666666667076e+01
4.455000000000000000e+02,8.671572999999999354e+01,3.939210000000000211e-01,4.602339333333333826e+01
4.555000000000000000e+02,8.671426999999998486e+01,3.883523000000000946e-01,4.803229333333332818e+01
4.655000000000000000e+02,8.650571999999999662e+01,3.723296999999999857e-01,5.007668999999999926e+01
4.755000000000000000e+02,8.650000000000001421e+01,3.687138999999999833e-01,5.215619666666666632e+01
4.855000000000000000e+02,8.639001000000000374e+01,3.629248999999999947e-01,5.427121666666666755e+01
4.955000000000000000e+02,8.651715999999998985e+01,3.628154000000000101e-01,5.642208333333333314e+01
5.055000000000000000e+02,8.646429000000000542e+01,3.546612000000000098e-01,5.860872666666666930e+01
5.155000000000000000e+02,8.656856000000000506e+01,3.499337000000000142e-01,6.083153333333333279e+01
5.255000000000000000e+02,8.640572000000000230e+01,3.411434999999999884e-01,6.309084000000000003e+01
5.355000000000000000e+02,8.639715000000001055e+01,3.360733000000000192e-01,6.538688000000000500e+01
5.455000000000000000e+02,8.674142999999999404e+01,3.129084999999999783e-01,6.772046333333334189e+01
5.555000000000000000e+02,8.645285000000001219e+01,3.289562999999999793e-01,7.009129333333333989e+01
5.655000000000000000e+02,8.637143999999997845e+01,3.120062000000000113e-01,7.249958999999999776e+01
5.755000000000000000e+02,8.650571999999999662e+01,3.091105000000000103e-01,7.494520666666667807e+01
5.855000000000000000e+02,8.640855999999999426e+01,3.019706999999999808e-01,7.742844333333333395e+01
5.955000000000000000e+02,8.634283999999999537e+01,3.122889000000000914e-01,7.995070333333333679e+01
6.055000000000000000e+02,8.639714000000000738e+01,2.946893999999999902e-01,8.252755666666666912e+01
6.155000000000000000e+02,8.626571000000001277e+01,2.923402999999999974e-01,8.515332000000000789e+01
6.255000000000000000e+02,8.640858000000000061e+01,2.898536999999999919e-01,8.782091666666664764e+01
6.355000000000000000e+02,8.653570999999999458e+01,2.809526999999999441e-01,9.053240000000000975e+01
6.455000000000000000e+02,8.649141999999999086e+01,2.738162000000000096e-01,9.328754666666665685e+01
6.555000000000000000e+02,8.666713999999998919e+01,3.006772999999999807e-01,9.608719000000000676e+01
6.655000000000000000e+02,8.676428000000001362e+01,2.952337999999999907e-01,9.893086666666665963e+01
6.755000000000000000e+02,8.680998000000001014e+01,2.872058000000000111e-01,1.018248900000000106e+02
6.855000000000000000e+02,8.699857000000000085e+01,2.730622999999999800e-01,1.047767799999999880e+02
6.955000000000000000e+02,8.674573000000000889e+01,2.797652999999999945e-01,1.077776066666666566e+02
7.055000000000000000e+02,8.678571999999999775e+01,2.786756999999999707e-01,1.108248333333333449e+02
7.155000000000000000e+02,8.672713999999999146e+01,2.791701999999999795e-01,1.139187999999999903e+02
7.255000000000000000e+02,8.685712999999999795e+01,2.850778999999999952e-01,1.170642666666666685e+02
7.355000000000000000e+02,8.688858999999999355e+01,2.616806000000000409e-01,1.202660333333333540e+02
7.455000000000000000e+02,8.683999000000001445e+01,2.653739000000000514e-01,1.235239666666666665e+02
7.555000000000000000e+02,8.691144999999998788e+01,2.652197999999999500e-01,1.268291999999999859e+02
7.655000000000000000e+02,8.693000000000000682e+01,2.676606999999999736e-01,1.301821333333333257e+02
7.755000000000000000e+02,8.664142999999998551e+01,2.640991000000000311e-01,1.335824999999999818e+02
7.855000000000000000e+02,8.708571000000000595e+01,2.621262999999999788e-01,1.370323666666666327e+02
7.955000000000000000e+02,8.692571999999999832e+01,2.684734999999999761e-01,1.405316333333333318e+02
8.055000000000000000e+02,8.692001999999999384e+01,2.677914000000000128e-01,1.440719000000000278e+02
8.155000000000000000e+02,8.663286000000000797e+01,2.648821000000000092e-01,1.476542666666666719e+02
8.255000000000000000e+02,8.685571999999999093e+01,2.667778000000000094e-01,1.512752333333333183e+02
8.355000000000000000e+02,8.720856999999999459e+01,2.570788999999999991e-01,1.549431333333333214e+02
8.455000000000000000e+02,8.727571000000000367e+01,2.510480999999999963e-01,1.586616333333333273e+02
8.555000000000000000e+02,8.663858000000000459e+01,2.607796000000000003e-01,1.624240000000000066e+02
8.655000000000000000e+02,8.705428000000000566e+01,2.712269000000000485e-01,1.662325666666666564e+02
8.755000000000000000e+02,8.702001000000001341e+01,2.651258000000000226e-01,1.700922666666666885e+02
8.855000000000000000e+02,8.701856999999998266e+01,2.664739999999999887e-01,1.739965000000000259e+02
8.955000000000000000e+02,8.697999000000001502e+01,2.660937999999999914e-01,1.779395333333333440e+02
9.055000000000000000e+02,8.692715000000001169e+01,2.562879000000000129e-01,1.819211000000000240e+02
9.155000000000000000e+02,8.694427999999999201e+01,2.582975000000000132e-01,1.859399333333333004e+02
9.255000000000000000e+02,8.679999999999999716e+01,2.630754000000000148e-01,1.900107333333333202e+02
9.355000000000000000e+02,8.693856999999999857e+01,2.780741999999999936e-01,1.941371333333333382e+02
9.455000000000000000e+02,8.680571999999999377e+01,2.861771000000000176e-01,1.982999666666666485e+02
9.555000000000000000e+02,8.702428000000000452e+01,2.889138000000000539e-01,2.024987666666666541e+02
9.655000000000000000e+02,8.696712999999999738e+01,2.739538999999999724e-01,2.067340333333333433e+02
9.755000000000000000e+02,8.685001000000001170e+01,2.695569999999999911e-01,2.110056000000000154e+02
9.855000000000000000e+02,8.698429000000000144e+01,2.702562000000000575e-01,2.153133666666666670e+02
9.955000000000000000e+02,8.690997999999999024e+01,2.656805999999999890e-01,2.196577000000000339e+02
1.005500000000000000e+03,8.694857999999999265e+01,2.726132000000000555e-01,2.240386000000000024e+02
1.015500000000000000e+03,8.685428999999999178e+01,2.777474999999999805e-01,2.284565666666666459e+02
1.025500000000000000e+03,8.692569999999999197e+01,2.773666999999999661e-01,2.329115000000000180e+02
1.035500000000000000e+03,8.675428999999999746e+01,2.754805000000000170e-01,2.374034333333333393e+02
1.045500000000000000e+03,8.679570999999999970e+01,2.755862000000000034e-01,2.419324333333333072e+02
1.055500000000000000e+03,8.672857000000000482e+01,2.685239999999999849e-01,2.464991333333333330e+02
1.065500000000000000e+03,8.671000000000000796e+01,2.711831000000000103e-01,2.511048333333333176e+02
1.075500000000000000e+03,8.667857000000000767e+01,2.729909000000000363e-01,2.557490999999999985e+02
1.085500000000000000e+03,8.667284999999999684e+01,2.726294999999999691e-01,2.604311333333333209e+02
1.095500000000000000e+03,8.672713999999999146e+01,2.627026000000000083e-01,2.651514666666666926e+02
1.105500000000000000e+03,8.677712999999998544e+01,2.660502999999999618e-01,2.699098333333332675e+02
1.115500000000000000e+03,8.670142000000001303e+01,2.710648999999999975e-01,2.747051666666666847e+02
1.125500000000000000e+03,8.671428999999999121e+01,2.663950000000000484e-01,2.795373999999999910e+02
1.135500000000000000e+03,8.676714000000001192e+01,2.599295000000000355e-01,2.844061666666667065e+02
1.145500000000000000e+03,8.684143000000000256e+01,2.664558000000000204e-01,2.893118333333333680e+02
1.155500000000000000e+03,8.681569999999999254e+01,2.602693999999999841e-01,2.942555666666667094e+02
1.165500000000000000e+03,8.685570999999998776e+01,2.505924999999999958e-01,2.992376333333332923e+02
1.175500000000000000e+03,8.687713999999999714e+01,2.528119000000000338e-01,3.042581666666666251e+02
1.185500000000000000e+03,8.681287000000000376e+01,2.554056999999999578e-01,3.093162333333333436e+02
1.195500000000000000e+03,8.691857000000001676e+01,2.580479999999999996e-01,3.144128999999999792e+02
1.205500000000000000e+03,8.694856999999998948e+01,2.514257000000000297e-01,3.195906666666666069e+02
1.215500000000000000e+03,8.693001999999998475e+01,2.559540999999999622e-01,3.248234666666666044e+02
1.225500000000000000e+03,8.701858000000000004e+01,2.527770999999999768e-01,3.300973666666667441e+02
1.235500000000000000e+03,8.693713999999999942e+01,2.572417999999999649e-01,3.354144999999999754e+02
1.245500000000000000e+03,8.694858000000000686e+01,2.494801999999999853e-01,3.407744333333333770e+02
1.255500000000000000e+03,8.706001000000000545e+01,2.544083000000000316e-01,3.461809333333333711e+02
1.265500000000000000e+03,8.696858000000000288e+01,2.497301999999999855e-01,3.516322333333333745e+02
1.275500000000000000e+03,8.700284999999999513e+01,2.470579999999999998e-01,3.571291999999999689e+02
1.285500000000000000e+03,8.704428999999998950e+01,2.489189999999999736e-01,3.626721333333333632e+02
1.295500000000000000e+03,8.693428999999999007e+01,2.470888999999999724e-01,3.682606666666666797e+02
1.305500000000000000e+03,8.695144000000000517e+01,2.487486999999999893e-01,3.739598666666666418e+02
1.315500000000000000e+03,8.695571999999999946e+01,2.491658999999999957e-01,3.797442333333332840e+02
1.325500000000000000e+03,8.698001000000000715e+01,2.445507000000000097e-01,3.855760333333333278e+02
1.335500000000000000e+03,8.701571999999998752e+01,2.447626999999999720e-01,3.914532000000000380e+02
1.345500000000000000e+03,8.693856999999999857e+01,2.436110999999999971e-01,3.973727999999999838e+02
1.355500000000000000e+03,8.706287000000000376e+01,2.433015000000000039e-01,4.033363333333333003e+02
1.365500000000000000e+03,8.698141999999999996e+01,2.417052000000000089e-01,4.093484999999999445e+02
1.375500000000000000e+03,8.707142999999999233e+01,2.431241000000000096e-01,4.154069999999999823e+02
1.385500000000000000e+03,8.710143000000000768e+01,2.408921000000000257e-01,4.215093333333333021e+02
1.395500000000000000e+03,8.707286000000001991e+01,2.409892999999999896e-01,4.276625666666666916e+02
1.405500000000000000e+03,8.709143000000000256e+01,2.395520000000000427e-01,4.338640666666667016e+02
1.415500000000000000e+03,8.718999000000000876e+01,2.415501999999999927e-01,4.401103666666666072e+02
1.425500000000000000e+03,8.712000999999999351e+01,2.407980999999999872e-01,4.464007000000000289e+02
1.435500000000000000e+03,8.705571000000001902e+01,2.375860000000000194e-01,4.527443000000000097e+02
1.445500000000000000e+03,8.721571000000000140e+01,2.372816999999999843e-01,4.591398000000000366e+02
1.455500000000000000e+03,8.699285999999999319e+01,2.387270999999999699e-01,4.655797000000000594e+02
1.465500000000000000e+03,8.701570999999998435e+01,2.384482000000000268e-01,4.720604999999999336e+02
1.475500000000000000e+03,8.706854999999998768e+01,2.367577999999999905e-01,4.785857666666667001e+02
1.485500000000000000e+03,8.704856999999999800e+01,2.374166000000000332e-01,4.851558333333333621e+02
1.495500000000000000e+03,8.723141999999999996e+01,2.337781000000000164e-01,4.917663333333333640e+02
1.505500000000000000e+03,8.714142999999999972e+01,2.322797000000000056e-01,4.984164666666666790e+02
1.515500000000000000e+03,8.729859000000001856e+01,2.306567000000000200e-01,5.051062000000000012e+02
1.525500000000000000e+03,8.721571000000000140e+01,2.301172999999999413e-01,5.118403666666666822e+02
1.535500000000000000e+03,8.716857000000000255e+01,2.293929999999999580e-01,5.186216666666666697e+02
1.545500000000000000e+03,8.722285999999999717e+01,2.300634999999999764e-01,5.254499333333334334e+02
1.555500000000000000e+03,8.725854999999999961e+01,2.249233000000000204e-01,5.323314000000001442e+02
1.565500000000000000e+03,8.716715000000002078e+01,2.270282999999999607e-01,5.392635333333333847e+02
1.575500000000000000e+03,8.725428999999999746e+01,2.236857999999999902e-01,5.462472666666666328e+02
1.585500000000000000e+03,8.727572000000000685e+01,2.244077999999999906e-01,5.532827666666667028e+02
1.595500000000000000e+03,8.719284999999999286e+01,2.241616999999999638e-01,5.603677333333332626e+02
1.605500000000000000e+03,8.724141999999999086e+01,2.234376000000000140e-01,5.674994333333333998e+02
1.615500000000000000e+03,8.725284999999999513e+01,2.213427000000000311e-01,5.746733000000000402e+02
1.625500000000000000e+03,8.722285999999999717e+01,2.215608999999999773e-01,5.818901666666668007e+02
1.635500000000000000e+03,8.718715000000000259e+01,2.240311999999999859e-01,5.891541666666666970e+02
1.645500000000000000e+03,8.719142999999999688e+01,2.212994999999999823e-01,5.964689999999999372e+02
1.655500000000000000e+03,8.715142000000000166e+01,2.181268999999999847e-01,6.038991666666667015e+02
1.665500000000000000e+03,8.717285999999998580e+01,2.182638000000000356e-01,6.113909333333332370e+02
1.675500000000000000e+03,8.720143000000000200e+01,2.168458999999999803e-01,6.189270000000000209e+02
1.685500000000000000e+03,8.720713000000000648e+01,2.160171999999999648e-01,6.265048666666667714e+02
1.695500000000000000e+03,8.725715999999999894e+01,2.143806000000000045e-01,6.341248333333334131e+02
1.705500000000000000e+03,8.726715999999998985e+01,2.149310000000000387e-01,6.417872999999999593e+02
1.715500000000000000e+03,8.726287000000000660e+01,2.134087000000000067e-01,6.494927333333332626e+02
1.725500000000000000e+03,8.728141999999999712e+01,2.130138999999999783e-01,6.572408666666666477e+02
1.735500000000000000e+03,8.732571999999998980e+01,2.139987999999999890e-01,6.650385333333332483e+02
1.745500000000000000e+03,8.740286000000000399e+01,2.118173000000000139e-01,6.728853333333332785e+02
1.755500000000000000e+03,8.729855999999999483e+01,2.131166000000000449e-01,6.807758333333332530e+02
1.765500000000000000e+03,8.746000000000000796e+01,2.115585999999999856e-01,6.887065000000000055e+02
1.775500000000000000e+03,8.733714000000000510e+01,2.128950000000000009e-01,6.966797333333332745e+02
1.785500000000000000e+03,8.738857000000000141e+01,2.104758999999999936e-01,7.046956333333333760e+02
1.795500000000000000e+03,8.740430000000000632e+01,2.117136000000000018e-01,7.127515999999998257e+02
1.805500000000000000e+03,8.741999999999998749e+01,2.119692999999999716e-01,7.208460999999999785e+02
1.815500000000000000e+03,8.748427000000000930e+01,2.119363999999999970e-01,7.289781666666667661e+02
1.825500000000000000e+03,8.744143999999998584e+01,2.109911999999999899e-01,7.371519666666666808e+02
1.835500000000000000e+03,8.751000000000001933e+01,2.098861999999999950e-01,7.453711999999999307e+02
1.845500000000000000e+03,8.744570000000000221e+01,2.095711000000000102e-01,7.536381999999999834e+02
1.855500000000000000e+03,8.741713000000001443e+01,2.097422999999999926e-01,7.619619000000000142e+02
1.865500000000000000e+03,8.743144000000000915e+01,2.068882999999999972e-01,7.703307000000000926e+02
1.875500000000000000e+03,8.741284999999999172e+01,2.079950000000000132e-01,7.787436666666666270e+02
1.885500000000000000e+03,8.749856000000001188e+01,2.072245000000000059e-01,7.872019333333332725e+02
1.895500000000000000e+03,8.751286000000000342e+01,2.107463999999999726e-01,7.957040333333332001e+02
1.905500000000000000e+03,8.746569999999999823e+01,2.059722999999999971e-01,8.042491333333332477e+02
1.915500000000000000e+03,8.750999000000000194e+01,2.061892999999999920e-01,8.128352666666667119e+02
1.925500000000000000e+03,8.753001000000000431e+01,2.048912999999999707e-01,8.214635666666666793e+02
1.935500000000000000e+03,8.752141000000000304e+01,2.045968999999999982e-01,8.301354333333332534e+02
1.945500000000000000e+03,8.753573000000000093e+01,2.059383000000000463e-01,8.388494000000000597e+02
1.955500000000000000e+03,8.764714000000000738e+01,2.053195000000000159e-01,8.476075333333334356e+02
1.965500000000000000e+03,8.759714999999998497e+01,2.042204999999999993e-01,8.564130999999999858e+02
1.975500000000000000e+03,8.763712999999998488e+01,2.043735999999999886e-01,8.652629666666667845e+02
1.985500000000000000e+03,8.763428999999999292e+01,2.041402999999999968e-01,8.741563666666667132e+02
1.995500000000000000e+03,8.771856999999999971e+01,2.024319000000000257e-01,8.830954333333332897e+02
2.005500000000000000e+03,8.766285000000000593e+01,2.016490999999999700e-01,8.920792333333332635e+02
2.015500000000000000e+03,8.770430000000000348e+01,2.027378000000000235e-01,9.011076333333330695e+02
2.025500000000000000e+03,8.763714999999999122e+01,2.043184999999999862e-01,9.101794333333333498e+02
2.035500000000000000e+03,8.770000999999999181e+01,2.040636999999999868e-01,9.193015666666667585e+02
2.045500000000000000e+03,8.767428000000001020e+01,2.034291000000000016e-01,9.284722000000001572e+02
2.055500000000000000e+03,8.768855999999999540e+01,2.107286999999999910e-01,9.376846333333332950e+02
2.065500000000000000e+03,8.771714999999998952e+01,2.101793999999999885e-01,9.469378666666665367e+02
2.075500000000000000e+03,8.781714999999999804e+01,2.179193000000000102e-01,9.562352666666668028e+02
2.085500000000000000e+03,8.783714999999999407e+01,2.131916000000000366e-01,9.655786000000000513e+02
2.095500000000000000e+03,8.778142999999998608e+01,2.036801000000000028e-01,9.749650666666668712e+02
2.105500000000000000e+03,8.773285999999998808e+01,2.019411999999999874e-01,9.843896333333332223e+02
2.115500000000000000e+03,8.775285999999998410e+01,1.960876999999999759e-01,9.938525333333334402e+02
2.125500000000000000e+03,8.781572000000001310e+01,1.949953999999999854e-01,1.003353466666666691e+03
2.135500000000000000e+03,8.778571999999999775e+01,1.977669000000000232e-01,1.012890066666666485e+03
2.145500000000000000e+03,8.779429000000000372e+01,1.959140999999999799e-01,1.022464333333333343e+03
2.155500000000000000e+03,8.784000000000000341e+01,2.002965999999999913e-01,1.032075666666666621e+03
2.165500000000000000e+03,8.780429000000000883e+01,2.120259999999999923e-01,1.041722999999999956e+03
2.175500000000000000e+03,8.782998999999999512e+01,2.138230000000000131e-01,1.051409333333333279e+03
2.185500000000000000e+03,8.784713999999999601e+01,2.128470999999999835e-01,1.061129333333333534e+03
2.195500000000000000e+03,8.781570999999999572e+01,2.115631000000000039e-01,1.070887333333333345e+03
2.205500000000000000e+03,8.787283999999999651e+01,2.126527000000000278e-01,1.080683000000000220e+03
2.215500000000000000e+03,8.784998999999999114e+01,2.123952000000000062e-01,1.090515333333333274e+03
2.225500000000000000e+03,8.791000999999999976e+01,2.114412999999999987e-01,1.100383666666666841e+03
2.235500000000000000e+03,8.792000000000000171e+01,2.116738999999999982e-01,1.110288333333333412e+03
2.245500000000000000e+03,8.796286000000000627e+01,2.106742999999999810e-01,1.120229333333333443e+03
2.255500000000000000e+03,8.798287000000001967e+01,2.097075000000000189e-01,1.130204333333333125e+03
2.265500000000000000e+03,8.799715000000000487e+01,2.113147999999999693e-01,1.140213000000000193e+03
2.275500000000000000e+03,8.794569999999998799e+01,2.094856999999999692e-01,1.150257000000000062e+03
2.285500000000000000e+03,8.800144000000000233e+01,2.076598999999999806e-01,1.160338333333333139e+03
2.295500000000000000e+03,8.803143000000000029e+01,2.080315000000000081e-01,1.170453666666666777e+03
2.305500000000000000e+03,8.801286000000001764e+01,2.072979000000000072e-01,1.180604333333333443e+03
2.315500000000000000e+03,8.802428999999999348e+01,2.057888000000000217e-01,1.190792000000000144e+03
2.325500000000000000e+03,8.803000000000000114e+01,2.049402000000000168e-01,1.201014666666666471e+03
2.335500000000000000e+03,8.800142999999999915e+01,2.056847000000000258e-01,1.211272666666666737e+03
2.345500000000000000e+03,8.799715999999999383e+01,2.057881000000000016e-01,1.221569333333333361e+03
2.355500000000000000e+03,8.800857000000000596e+01,2.050282000000000215e-01,1.231906999999999925e+03
2.365500000000000000e+03,8.804428000000000054e+01,2.048087000000000102e-01,1.242277999999999793e+03
2.375500000000000000e+03,8.806001000000000545e+01,2.055953000000000086e-01,1.252686666666666952e+03
2.385500000000000000e+03,8.806857999999999720e+01,2.032255999999999785e-01,1.263129333333333307e+03
2.395500000000000000e+03,8.806856000000000506e+01,2.038889000000000118e-01,1.273614333333333207e+03
2.405500000000000000e+03,8.808858000000000743e+01,2.044843999999999828e-01,1.284176333333333332e+03
2.415500000000000000e+03,8.812857000000001051e+01,2.028512000000000648e-01,1.294783333333333303e+03
2.425500000000000000e+03,8.808284999999999343e+01,2.027952000000000088e-01,1.305429999999999836e+03
2.435500000000000000e+03,8.809000000000000341e+01,2.046914999999999707e-01,1.316119333333333543e+03
2.445500000000000000e+03,8.808570000000000277e+01,2.029312000000000060e-01,1.326853666666666641e+03
2.455500000000000000e+03,8.812856999999999630e+01,2.017709000000000030e-01,1.337631666666666661e+03
2.465500000000000000e+03,8.809855999999999199e+01,2.040536000000000294e-01,1.348448333333333267e+03
2.475500000000000000e+03,8.810000999999999749e+01,2.025570000000000148e-01,1.359306000000000040e+03
2.485500000000000000e+03,8.808857000000000426e+01,2.029787999999999870e-01,1.370204000000000178e+03
2.495500000000000000e+03,8.807572000000001822e+01,2.012581999999999982e-01,1.381143666666666604e+03
2.505500000000000000e+03,8.819714999999999350e+01,2.016833000000000098e-01,1.392124666666666599e+03
2.515500000000000000e+03,8.809572000000000003e+01,2.009938000000000002e-01,1.403144333333333179e+03
2.525500000000000000e+03,8.814856999999997811e+01,1.996544999999999848e-01,1.414206000000000131e+03
2.535500000000000000e+03,8.812143000000000370e+01,1.987080999999999986e-01,1.425311000000000149e+03
2.545500000000000000e+03,8.816285000000000593e+01,1.998571000000000097e-01,1.436458666666666886e+03
2.555500000000000000e+03,8.811857000000000539e+01,1.973665000000000003e-01,1.447650666666666439e+03
2.565500000000000000e+03,8.817286000000000001e+01,1.960261999999999838e-01,1.458899666666666690e+03
2.575500000000000000e+03,8.812001000000000772e+01,1.954775999999999736e-01,1.470203666666666550e+03
2.585500000000000000e+03,8.814570999999999401e+01,1.968467999999999607e-01,1.481552000000000135e+03
2.595500000000000000e+03,8.814570000000000505e+01,1.953872000000000109e-01,1.492946666666666715e+03
2.605500000000000000e+03,8.815569999999999595e+01,1.932270000000000099e-01,1.504384000000000015e+03
2.615500000000000000e+03,8.821142999999999290e+01,1.934153000000000122e-01,1.515864999999999782e+03
2.625500000000000000e+03,8.819858000000002107e+01,1.940998000000000168e-01,1.527386999999999944e+03
2.635500000000000000e+03,8.817857999999999663e+01,1.938630000000000075e-01,1.538960333333333438e+03
2.645500000000000000e+03,8.815858000000000061e+01,1.932803000000000160e-01,1.550583666666666659e+03
2.655500000000000000e+03,8.818713999999999942e+01,1.930595999999999979e-01,1.562247666666666419e+03
2.665500000000000000e+03,8.819284999999999286e+01,1.947016000000000024e-01,1.573951999999999998e+03
2.675500000000000000e+03,8.823140999999999678e+01,1.930875999999999981e-01,1.585699000000000069e+03
2.685500000000000000e+03,8.820141999999999882e+01,1.920548000000000255e-01,1.597488666666666859e+03
2.695500000000000000e+03,8.820144000000000517e+01,1.940900000000000125e-01,1.609317999999999984e+03
2.705500000000000000e+03,8.828857000000000710e+01,1.939295000000000324e-01,1.621188333333333503e+03
2.715500000000000000e+03,8.822858999999998275e+01,1.939289000000000152e-01,1.633101000000000113e+03
2.725500000000000000e+03,8.825856999999999175e+01,1.930828999999999740e-01,1.645058000000000220e+03
2.735500000000000000e+03,8.826856000000000790e+01,1.929519999999999846e-01,1.657064333333333252e+03
2.745500000000000000e+03,8.825001000000000317e+01,1.925334999999999686e-01,1.669120666666666466e+03
2.755500000000000000e+03,8.827142999999999518e+01,1.941635999999999918e-01,1.681244333333333316e+03
2.765500000000000000e+03,8.827285000000000537e+01,1.927598999999999840e-01,1.693411666666666406e+03
2.775500000000000000e+03,8.828857000000000710e+01,1.945350999999999886e-01,1.705619666666666717e+03
2.785500000000000000e+03,8.825714000000000681e+01,1.946697000000000011e-01,1.717870666666666466e+03
2.795500000000000000e+03,8.830001000000001454e+01,1.939338999999999924e-01,1.730166333333333341e+03
2.805500000000000000e+03,8.832000999999999635e+01,1.946270999999999973e-01,1.742504333333333079e+03
2.815500000000000000e+03,8.828143000000000029e+01,1.946268000000000165e-01,1.754885666666666566e+03
2.825500000000000000e+03,8.830857999999999208e+01,1.931885999999999881e-01,1.767308999999999969e+03
2.835500000000000000e+03,8.828999999999999204e+01,1.919966000000000172e-01,1.779774000000000115e+03
2.845500000000000000e+03,8.825141999999999598e+01,1.935806999999999944e-01,1.792285000000000309e+03
2.855500000000000000e+03,8.829427999999998633e+01,1.955146000000000106e-01,1.804843333333333476e+03
2.865500000000000000e+03,8.833714000000000510e+01,1.937750000000000028e-01,1.817455333333333328e+03
2.875500000000000000e+03,8.836571999999998184e+01,1.927511000000000085e-01,1.830116333333333387e+03
2.885500000000000000e+03,8.833714000000000510e+01,1.945628999999999831e-01,1.842843666666666877e+03
2.895500000000000000e+03,8.834141999999999939e+01,1.947462999999999833e-01,1.855620333333333065e+03
2.905500000000000000e+03,8.837429000000000201e+01,1.936491999999999936e-01,1.868442999999999984e+03
2.915500000000000000e+03,8.836001000000000261e+01,1.943784000000000067e-01,1.881313333333333048e+03
2.925500000000000000e+03,8.831857999999999720e+01,1.932396999999999865e-01,1.894229000000000042e+03
2.935500000000000000e+03,8.838143000000000882e+01,1.934499000000000080e-01,1.907196999999999662e+03
2.945500000000000000e+03,8.834428999999998666e+01,1.938590000000000035e-01,1.920216666666666697e+03
2.955500000000000000e+03,8.837286000000001707e+01,1.929574000000000011e-01,1.933280333333333601e+03
2.965500000000000000e+03,8.842142000000001190e+01,1.925543000000000116e-01,1.946387333333333345e+03
2.975500000000000000e+03,8.841714000000000340e+01,1.905759000000000203e-01,1.959537333333333663e+03
2.985500000000000000e+03,8.840713999999998407e+01,1.923704999999999998e-01,1.972732666666666773e+03
2.995500000000000000e+03,8.841571000000000424e+01,1.911530999999999925e-01,1.985967333333333499e+03
3.005500000000000000e+03,8.842285999999998580e+01,1.915106999999999782e-01,1.999241666666666788e+03
3.015500000000000000e+03,8.838714000000001647e+01,1.916936999999999947e-01,2.012556333333333214e+03
3.025500000000000000e+03,8.846859000000000606e+01,1.909066999999999847e-01,2.025930666666666639e+03
3.035500000000000000e+03,8.844142000000000792e+01,1.908297000000000188e-01,2.039356666666667024e+03
3.045500000000000000e+03,8.848572000000001481e+01,1.905779000000000223e-01,2.052831333333333077e+03
3.055500000000000000e+03,8.846856999999998550e+01,1.907993000000000050e-01,2.066353333333333467e+03
3.065500000000000000e+03,8.847571999999999548e+01,1.903092000000000117e-01,2.079922333333332972e+03
3.075500000000000000e+03,8.847001000000000204e+01,1.907376000000000071e-01,2.093550666666666530e+03
3.085500000000000000e+03,8.849141000000000190e+01,1.898274999999999824e-01,2.107228333333333467e+03
3.095500000000000000e+03,8.848999999999999488e+01,1.901900999999999731e-01,2.120949333333333016e+03
3.105500000000000000e+03,8.846428000000000225e+01,1.916425999999999963e-01,2.134725333333333765e+03
3.115500000000000000e+03,8.845429000000000030e+01,1.896644999999999859e-01,2.148547666666666373e+03
3.125500000000000000e+03,8.847428000000000736e+01,1.902632000000000212e-01,2.162475666666666257e+03
3.135500000000000000e+03,8.846141999999998973e+01,1.898913000000000129e-01,2.176466333333333296e+03
3.145500000000000000e+03,8.847285999999999717e+01,1.906680000000000041e-01,2.190503333333333103e+03
3.155500000000000000e+03,8.846428999999999121e+01,1.897943999999999742e-01,2.204590999999999894e+03
3.165500000000000000e+03,8.847141999999999484e+01,1.902464999999999851e-01,2.218729666666666162e+03
3.175500000000000000e+03,8.846428000000000225e+01,1.898034999999999584e-01,2.232915999999999713e+03
3.185500000000000000e+03,8.847141999999999484e+01,1.890902000000000138e-01,2.247148666666666941e+03
3.195500000000000000e+03,8.845855999999999142e+01,1.890778000000000181e-01,2.261425000000000182e+03
3.205500000000000000e+03,8.847285999999999717e+01,1.887201999999999769e-01,2.275749333333333198e+03
3.215500000000000000e+03,8.848429000000001565e+01,1.872543999999999875e-01,2.290117999999999938e+03
3.225500000000000000e+03,8.847571999999999548e+01,1.880056999999999978e-01,2.304527333333333900e+03
3.235500000000000000e+03,8.848429999999999040e+01,1.880910999999999833e-01,2.318986666666666679e+03
3.245500000000000000e+03,8.848141000000001100e+01,1.884220000000000061e-01,2.333496666666666897e+03
3.255500000000000000e+03,8.848572000000000060e+01,1.870012000000000063e-01,2.348045333333333474e+03
3.265500000000000000e+03,8.852857000000001619e+01,1.869169000000000247e-01,2.362638333333333321e+03
3.275500000000000000e+03,8.851142999999999006e+01,1.869283999999999946e-01,2.377274999999999636e+03
3.285500000000000000e+03,8.851856999999999687e+01,1.872922999999999949e-01,2.391955666666666730e+03
3.295500000000000000e+03,8.852142000000000621e+01,1.872910000000000130e-01,2.406676333333333332e+03
3.305500000000000000e+03,8.853001000000000431e+01,1.861960000000000004e-01,2.421436666666666952e+03
3.315500000000000000e+03,8.854857999999998697e+01,1.855735000000000023e-01,2.436235999999999876e+03
3.325500000000000000e+03,8.856286000000000058e+01,1.851665999999999868e-01,2.451079000000000633e+03
3.335500000000000000e+03,8.853428999999999860e+01,1.853849999999999942e-01,2.465971000000000458e+03
3.345500000000000000e+03,8.851715000000000089e+01,1.857576999999999701e-01,2.480909333333333961e+03
3.355500000000000000e+03,8.853859000000001345e+01,1.858626000000000167e-01,2.495894333333333634e+03
3.365500000000000000e+03,8.856000999999999124e+01,1.860866999999999938e-01,2.510922000000000025e+03
3.375500000000000000e+03,8.855143999999999949e+01,1.833438000000000012e-01,2.525992000000000189e+03
3.385500000000000000e+03,8.853571999999999775e+01,1.845852000000000048e-01,2.541105333333333874e+03
3.395500000000000000e+03,8.853571000000000879e+01,1.843254000000000281e-01,2.556258666666666613e+03
3.405500000000000000e+03,8.855285000000000650e+01,1.843788999999999845e-01,2.571452999999999520e+03
3.415500000000000000e+03,8.856571999999999889e+01,1.842372999999999927e-01,2.586686333333333550e+03
3.425500000000000000e+03,8.858715000000000828e+01,1.842723000000000000e-01,2.601961000000000240e+03
3.435500000000000000e+03,8.855286999999999864e+01,1.830971999999999877e-01,2.617278333333333194e+03
3.445500000000000000e+03,8.862855999999999312e+01,1.827226999999999602e-01,2.632641333333333023e+03
3.455500000000000000e+03,8.858858000000000743e+01,1.831974000000000102e-01,2.648049333333333379e+03
3.465500000000000000e+03,8.859000000000000341e+01,1.816962999999999773e-01,2.663504999999999654e+03
3.475500000000000000e+03,8.862284999999999968e+01,1.821873999999999993e-01,2.679010333333333165e+03
3.485500000000000000e+03,8.861142999999999859e+01,1.819244000000000139e-01,2.694568666666666559e+03
3.495500000000000000e+03,8.864430000000000121e+01,1.795785999999999771e-01,2.710199999999999818e+03
3.505500000000000000e+03,8.867427999999999599e+01,1.814812000000000092e-01,2.725881999999999607e+03
3.515500000000000000e+03,8.868713999999999942e+01,1.793739000000000028e-01,2.741606999999999971e+03
3.525500000000000000e+03,8.870858000000001198e+01,1.812363999999999919e-01,2.757374333333333198e+03
3.535500000000000000e+03,8.873857000000000994e+01,1.816555999999999726e-01,2.773193666666667013e+03
3.545500000000000000e+03,8.871142999999999290e+01,1.800244000000000011e-01,2.789065333333333456e+03
3.555500000000000000e+03,8.871998000000000673e+01,1.809812000000000087e-01,2.804981666666666570e+03
3.565500000000000000e+03,8.873428000000001248e+01,1.808381000000000016e-01,2.820940999999999804e+03
3.575500000000000000e+03,8.871426999999999907e+01,1.809031999999999862e-01,2.836946666666666715e+03
3.585500000000000000e+03,8.873999000000000592e+01,1.811433000000000071e-01,2.852994666666666490e+03
3.595500000000000000e+03,8.873856999999999573e+01,1.813046999999999853e-01,2.869083666666666431e+03
3.605500000000000000e+03,8.875572000000001083e+01,1.810284000000000060e-01,2.885216666666666242e+03
3.615500000000000000e+03,8.876286000000001764e+01,1.811784000000000172e-01,2.901386333333332914e+03
3.625500000000000000e+03,8.873285000000001332e+01,1.814420000000000199e-01,2.917604666666667072e+03
3.635500000000000000e+03,8.881859999999998934e+01,1.814211000000000018e-01,2.933867999999999938e+03
3.645500000000000000e+03,8.876858999999998900e+01,1.806987000000000176e-01,2.950182333333333190e+03
3.655500000000000000e+03,8.879285999999999035e+01,1.815173999999999954e-01,2.966555666666666639e+03
3.665500000000000000e+03,8.876572999999999070e+01,1.807133999999999963e-01,2.982976333333333514e+03
3.675500000000000000e+03,8.881000000000000227e+01,1.813197999999999754e-01,2.999437999999999647e+03
3.685500000000000000e+03,8.882999999999999829e+01,1.810116999999999976e-01,3.015944666666667217e+03
3.695500000000000000e+03,8.881715000000001226e+01,1.811377999999999877e-01,3.032490000000000691e+03
3.705500000000000000e+03,8.885999000000001047e+01,1.813571999999999962e-01,3.049078333333333376e+03
3.715500000000000000e+03,8.883143000000001166e+01,1.810314000000000090e-01,3.065707666666666682e+03
3.725500000000000000e+03,8.886714999999999520e+01,1.804657000000000067e-01,3.082378666666666504e+03
3.735500000000000000e+03,8.889713999999997895e+01,1.808809000000000111e-01,3.099093666666666650e+03
3.745500000000000000e+03,8.885571999999999093e+01,1.804950000000000165e-01,3.115853000000000065e+03
3.755500000000000000e+03,8.888714999999999122e+01,1.808135000000000159e-01,3.132655666666666548e+03
3.765500000000000000e+03,8.890001000000000886e+01,1.805511000000000199e-01,3.149505666666666912e+03
3.775500000000000000e+03,8.891714999999999236e+01,1.795839999999999659e-01,3.166400333333333037e+03
3.785500000000000000e+03,8.888286000000000797e+01,1.809198999999999946e-01,3.183338999999999942e+03
3.795500000000000000e+03,8.892001999999999384e+01,1.803478000000000303e-01,3.200323333333333267e+03
3.805500000000000000e+03,8.892713999999999430e+01,1.803142000000000356e-01,3.217351999999999862e+03
3.815500000000000000e+03,8.895570000000000732e+01,1.801657999999999871e-01,3.234431333333332987e+03
3.825500000000000000e+03,8.894428999999999519e+01,1.801731000000000027e-01,3.251560333333333347e+03
3.835500000000000000e+03,8.896142000000000394e+01,1.782481999999999678e-01,3.268742999999999938e+03
3.845500000000000000e+03,8.896572999999999354e+01,1.800149000000000055e-01,3.285977000000000317e+03
3.855500000000000000e+03,8.897998999999998659e+01,1.799358000000000068e-01,3.303252666666667210e+03
3.865500000000000000e+03,8.898427000000000930e+01,1.797747000000000095e-01,3.320571666666665806e+03
3.875500000000000000e+03,8.899142000000000507e+01,1.788885000000000336e-01,3.337933333333332939e+03
3.885500000000000000e+03,8.897285000000000821e+01,1.787831999999999755e-01,3.355334333333333689e+03
3.895500000000000000e+03,8.898999000000000592e+01,1.797407000000000310e-01,3.372777333333333900e+03
3.905500000000000000e+03,8.900142999999999915e+01,1.797250999999999987e-01,3.390260333333333165e+03
3.915500000000000000e+03,8.901429000000000258e+01,1.795941999999999816e-01,3.407783333333333758e+03
3.925500000000000000e+03,8.901715000000000089e+01,1.786277000000000004e-01,3.425348333333333812e+03
3.935500000000000000e+03,8.903430000000000177e+01,1.796009000000000078e-01,3.442960666666666839e+03
3.945500000000000000e+03,8.905857999999999208e+01,1.796251000000000098e-01,3.460619333333333088e+03
3.955500000000000000e+03,8.903430000000000177e+01,1.787209999999999632e-01,3.478319333333333816e+03
3.965500000000000000e+03,8.906569999999999254e+01,1.779428999999999872e-01,3.496060333333333347e+03
3.975500000000000000e+03,8.906714999999999804e+01,1.784274000000000138e-01,3.513839666666666744e+03
3.985500000000000000e+03,8.906570999999999572e+01,1.787749000000000144e-01,3.531661000000000058e+03
3.995500000000000000e+03,8.905429000000000883e+01,1.797089999999999799e-01,3.549525000000000091e+03
4.005500000000000000e+03,8.907142000000000337e+01,1.799485999999999586e-01,3.567427666666667392e+03
4.015500000000000000e+03,8.908570000000000277e+01,1.790688000000000279e-01,3.585372666666667101e+03
4.025500000000000000e+03,8.909286000000000172e+01,1.792197999999999847e-01,3.603360333333333074e+03
4.035500000000000000e+03,8.907142000000000337e+01,1.796599000000000390e-01,3.621391000000000531e+03
4.045500000000000000e+03,8.907715000000000316e+01,1.797552000000000316e-01,3.639466666666666242e+03
4.055500000000000000e+03,8.908285999999999660e+01,1.797538000000000191e-01,3.657588666666667450e+03
4.065500000000000000e+03,8.910714000000001533e+01,1.784932000000000185e-01,3.675756000000001222e+03
4.075500000000000000e+03,8.910857000000000028e+01,1.779495000000000382e-01,3.693972333333333609e+03
4.085500000000000000e+03,8.907571000000000083e+01,1.806848000000000065e-01,3.712234666666666271e+03
4.095500000000000000e+03,8.912856000000002155e+01,1.782248999999999639e-01,3.730540999999999713e+03
4.105500000000000000e+03,8.909286999999997647e+01,1.788063000000000013e-01,3.748891000000000531e+03
4.115500000000000000e+03,8.910143999999999664e+01,1.804003000000000134e-01,3.767284000000000560e+03
4.125500000000000000e+03,8.909712999999999283e+01,1.787791999999999992e-01,3.785719999999999800e+03
4.135500000000000000e+03,8.912143000000000370e+01,1.803410999999999764e-01,3.804208000000000084e+03
4.145500000000000000e+03,8.912716000000000349e+01,1.794854999999999923e-01,3.822749333333333198e+03
4.155500000000000000e+03,8.919714000000000453e+01,1.799641000000000157e-01,3.841330666666666275e+03
4.165500000000000000e+03,8.915142000000000166e+01,1.788357999999999892e-01,3.859953999999999269e+03
4.175500000000000000e+03,8.919144000000000005e+01,1.797517000000000142e-01,3.878629333333333307e+03
4.185500000000000000e+03,8.917141999999999769e+01,1.799594000000000193e-01,3.897357666666666773e+03
4.195500000000000000e+03,8.917715000000001169e+01,1.799726000000000103e-01,3.916124333333333198e+03
4.205500000000000000e+03,8.922427000000000419e+01,1.806971999999999745e-01,3.934933333333332939e+03
4.215500000000000000e+03,8.923427999999998406e+01,1.799842000000000108e-01,3.953783333333332848e+03
4.225500000000000000e+03,8.919857000000000369e+01,1.792003000000000068e-01,3.972677000000000589e+03
4.235500000000000000e+03,8.921428999999997700e+01,1.806010999999999866e-01,3.991617999999999938e+03
4.245500000000000000e+03,8.923714999999999975e+01,1.793522999999999923e-01,4.010608000000000175e+03
4.255500000000000000e+03,8.924715999999999383e+01,1.814772000000000052e-01,4.029639999999999418e+03
4.265500000000000000e+03,8.924143999999999721e+01,1.808921000000000001e-01,4.048713666666666541e+03
4.275500000000000000e+03,8.922284999999999400e+01,1.811436000000000157e-01,4.067828666666666777e+03
4.285500000000000000e+03,8.921858000000000288e+01,1.808490000000000097e-01,4.086985999999999876e+03
4.295500000000000000e+03,8.923571000000001163e+01,1.808721999999999830e-01,4.106184666666666089e+03
4.305500000000000000e+03,8.921715000000000373e+01,1.801945000000000074e-01,4.125425333333333583e+03
4.315500000000000000e+03,8.924143000000000825e+01,1.805091999999999808e-01,4.144711333333333641e+03
4.325500000000000000e+03,8.926858000000001425e+01,1.822676000000000018e-01,4.164037333333332754e+03
4.335500000000000000e+03,8.923859000000000208e+01,1.827564999999999884e-01,4.183407666666666955e+03
4.345500000000000000e+03,8.925001000000000317e+01,1.815744999999999720e-01,4.202823333333332812e+03
4.355500000000000000e+03,8.925145000000000550e+01,1.819408000000000136e-01,4.222286999999999352e+03
4.365500000000000000e+03,8.924287000000001058e+01,1.807435000000000014e-01,4.241801999999999680e+03
4.375500000000000000e+03,8.926286000000000342e+01,1.823379999999999723e-01,4.261376999999999498e+03
4.385500000000000000e+03,8.925713000000001784e+01,1.828121999999999803e-01,4.280998000000000502e+03
4.395500000000000000e+03,8.925426999999999111e+01,1.824460000000000248e-01,4.300662333333332754e+03
4.405500000000000000e+03,8.925426999999999111e+01,1.824397000000000102e-01,4.320371333333334405e+03
4.415500000000000000e+03,8.928144000000000347e+01,1.825016000000000138e-01,4.340125666666665893e+03
4.425500000000000000e+03,8.925856000000000279e+01,1.826847000000000054e-01,4.359922666666667283e+03
4.435500000000000000e+03,8.925712999999998942e+01,1.822527000000000175e-01,4.379778000000000247e+03
4.445500000000000000e+03,8.927711999999999648e+01,1.822963999999999973e-01,4.399693333333332703e+03
4.455500000000000000e+03,8.928857000000002131e+01,1.827909000000000062e-01,4.419657666666666955e+03
4.465500000000000000e+03,8.926999999999999602e+01,1.824344999999999994e-01,4.439663000000000466e+03
4.475500000000000000e+03,8.927855999999999881e+01,1.823858999999999897e-01,4.459715999999999440e+03
4.485500000000000000e+03,8.928856999999999289e+01,1.826106000000000118e-01,4.479815666666667312e+03
4.495500000000000000e+03,8.929713999999998464e+01,1.824254000000000153e-01,4.499953666666666322e+03
4.505500000000000000e+03,8.929570999999999970e+01,1.823847000000000107e-01,4.520130999999999403e+03
4.515500000000000000e+03,8.930285999999999547e+01,1.823095999999999883e-01,4.540344666666665944e+03
4.525500000000000000e+03,8.931428999999999974e+01,1.823842000000000241e-01,4.560594666666666853e+03
4.535500000000000000e+03,8.930571000000000481e+01,1.821171000000000040e-01,4.580881333333333714e+03
4.545500000000000000e+03,8.934284000000000958e+01,1.820639999999999759e-01,4.601202999999999520e+03
4.555500000000000000e+03,8.933570999999999174e+01,1.821754000000000429e-01,4.621561999999999898e+03
4.565500000000000000e+03,8.932286000000000570e+01,1.818757000000000013e-01,4.641958000000000538e+03
4.575500000000000000e+03,8.933571000000000595e+01,1.819453999999999794e-01,4.662390666666666220e+03
4.585500000000000000e+03,8.931428999999999974e+01,1.823172000000000126e-01,4.682861666666666679e+03
4.595500000000000000e+03,8.932856999999998493e+01,1.822722999999999982e-01,4.703371000000000095e+03
4.605500000000000000e+03,8.932143999999999551e+01,1.827629000000000059e-01,4.723918333333333067e+03
4.615500000000000000e+03,8.934429000000000087e+01,1.818453000000000153e-01,4.744499666666666599e+03
4.625500000000000000e+03,8.934144000000000574e+01,1.819618000000000069e-01,4.765118666666667195e+03
4.635500000000000000e+03,8.933141000000000531e+01,1.820456000000000019e-01,4.785774999999999636e+03
4.645500000000000000e+03,8.935284999999998945e+01,1.819337000000000315e-01,4.806468666666667559e+03
4.655500000000000000e+03,8.936856000000000222e+01,1.820130999999999832e-01,4.827200666666665711e+03
4.665500000000000000e+03,8.936286999999998670e+01,1.814833000000000141e-01,4.847968666666666650e+03
4.675500000000000000e+03,8.936000000000001364e+01,1.820188000000000084e-01,4.868783333333333758e+03
4.685500000000000000e+03,8.936713999999999203e+01,1.815821999999999714e-01,4.889647333333332426e+03
4.695500000000000000e+03,8.938712999999999909e+01,1.818871999999999711e-01,4.910622000000000298e+03
4.705500000000000000e+03,8.938427000000000078e+01,1.819350000000000134e-01,4.931675999999999476e+03
4.715500000000000000e+03,8.937857999999998526e+01,1.822789999999999966e-01,4.952768333333333430e+03
4.725500000000000000e+03,8.939857000000000653e+01,1.819987999999999884e-01,4.973898000000000138e+03
4.735500000000000000e+03,8.937285999999998864e+01,1.817562999999999818e-01,4.995064333333333707e+03
4.745500000000000000e+03,8.939430000000000121e+01,1.815495000000000303e-01,5.016266333333333932e+03
4.755500000000000000e+03,8.940712999999999511e+01,1.818551999999999669e-01,5.037505000000000109e+03
4.765500000000000000e+03,8.940569999999999595e+01,1.819495999999999891e-01,5.058784333333333052e+03
4.775500000000000000e+03,8.941999999999998749e+01,1.816827000000000025e-01,5.080105666666666366e+03
4.785500000000000000e+03,8.939141999999999655e+01,1.819436999999999860e-01,5.101465999999998530e+03
4.795500000000000000e+03,8.942001000000000488e+01,1.818425999999999931e-01,5.122907666666666046e+03
4.805500000000000000e+03,8.941428000000000509e+01,1.818995999999999946e-01,5.144498000000000502e+03
4.815500000000000000e+03,8.941429999999999723e+01,1.818758000000000041e-01,5.166134666666666817e+03
4.825500000000000000e+03,8.938855999999999824e+01,1.819413999999999754e-01,5.187814000000000306e+03
4.835500000000000000e+03,8.940143000000000484e+01,1.817027999999999976e-01,5.209539666666666562e+03
4.845500000000000000e+03,8.939142000000001076e+01,1.815869999999999984e-01,5.231310666666666293e+03
4.855500000000000000e+03,8.939427000000000589e+01,1.817948000000000064e-01,5.253129666666665798e+03
4.865500000000000000e+03,8.940143000000000484e+01,1.818188000000000026e-01,5.274993666666667195e+03
4.875500000000000000e+03,8.939570999999999401e+01,1.818351000000000273e-01,5.296904333333333852e+03
4.885500000000000000e+03,8.940429000000000315e+01,1.820463999999999971e-01,5.318859999999999673e+03
4.895500000000000000e+03,8.939571000000000822e+01,1.815945000000000198e-01,5.340857666666665864e+03
4.905500000000000000e+03,8.938428999999999292e+01,1.816620999999999930e-01,5.362896333333334042e+03
4.915500000000000000e+03,8.940286000000000399e+01,1.818245000000000000e-01,5.384981333333334078e+03
4.925500000000000000e+03,8.941427999999999088e+01,1.818512000000000184e-01,5.407111333333334187e+03
4.935500000000000000e+03,8.945000000000000284e+01,1.818425999999999931e-01,5.429285333333332346e+03
4.945500000000000000e+03,8.942856000000000449e+01,1.820152999999999632e-01,5.451507999999999811e+03
4.955500000000000000e+03,8.945572000000001367e+01,1.817582000000000086e-01,5.473777333333333445e+03
4.965500000000000000e+03,8.947000999999998783e+01,1.825245000000000062e-01,5.496096666666666351e+03
4.975500000000000000e+03,8.946283999999999992e+01,1.819581000000000115e-01,5.518465000000001055e+03
4.985500000000000000e+03,8.947855999999998744e+01,1.820377999999999719e-01,5.540876666666666097e+03
4.995500000000000000e+03,8.947284999999999400e+01,1.823965000000000169e-01,5.563338999999999942e+03
