5.500000000000000000e+00,8.659284999999999854e+01,7.501588999999999885e+01,1.181879533333333489e-02
1.550000000000000000e+01,9.025713999999999260e+01,8.370179999999999509e+00,6.634015000000000051e-02
2.550000000000000000e+01,8.969999999999998863e+01,5.703937999999999064e+00,1.670746999999999927e-01
3.550000000000000000e+01,8.870716000000000179e+01,4.422780999999999629e+00,3.390300000000000535e-01
4.550000000000000000e+01,8.682856999999999914e+01,3.402438000000000073e+00,5.808417333333333321e-01
5.550000000000000000e+01,8.805286999999999864e+01,2.828430000000000000e+00,9.363148333333333184e-01
6.550000000000000000e+01,8.986141999999999541e+01,2.418092000000000130e+00,1.344351166666666542e+00
7.550000000000000000e+01,9.040855999999999426e+01,2.134535999999999767e+00,1.796927666666666923e+00
8.550000000000000000e+01,9.021714000000000055e+01,1.887595000000000356e+00,2.295226666666666304e+00
9.550000000000000000e+01,9.021286999999999523e+01,1.767196999999999907e+00,2.837674666666667456e+00
1.055000000000000000e+02,8.943000000000000682e+01,1.672970000000000068e+00,3.424726333333333095e+00
1.155000000000000000e+02,8.921002000000000010e+01,1.545128000000000057e+00,4.057168666666666645e+00
1.255000000000000000e+02,8.968285999999999092e+01,1.397399000000000058e+00,4.739786666666665482e+00
1.355000000000000000e+02,8.959285999999998751e+01,1.337711000000000094e+00,5.473337666666666657e+00
1.455000000000000000e+02,9.005856999999998891e+01,1.272521999999999931e+00,6.261916000000000260e+00
1.555000000000000000e+02,8.989998999999998830e+01,1.201570999999999945e+00,7.113560666666666421e+00
1.655000000000000000e+02,9.015715000000000146e+01,1.131062999999999930e+00,8.030218999999998886e+00
1.755000000000000000e+02,9.066713999999998919e+01,1.072916999999999899e+00,9.005265333333333899e+00
1.855000000000000000e+02,9.011713000000000306e+01,1.014396199999999970e+00,1.004276199999999974e+01
1.955000000000000000e+02,8.937285999999998864e+01,9.712182999999999788e-01,1.114612333333333360e+01
2.055000000000000000e+02,8.949427999999998917e+01,9.217166999999998334e-01,1.231587999999999994e+01
2.155000000000000000e+02,8.938284999999999059e+01,8.783934999999999382e-01,1.353760000000000119e+01
2.255000000000000000e+02,8.930428000000000566e+01,8.398019999999999374e-01,1.480475000000000207e+01
2.355000000000000000e+02,8.946856999999999971e+01,8.069826000000001054e-01,1.611719333333333282e+01
2.455000000000000000e+02,8.965286000000000399e+01,7.762097999999999498e-01,1.747492333333333292e+01
2.555000000000000000e+02,8.958572000000000912e+01,7.369403999999999400e-01,1.887817333333333281e+01
2.655000000000000000e+02,8.976714999999998668e+01,7.101892999999999123e-01,2.032686666666666753e+01
2.755000000000000000e+02,8.970142000000001303e+01,6.845084999999999642e-01,2.182059000000000282e+01
2.855000000000000000e+02,8.965998999999999342e+01,6.554172000000000331e-01,2.335887333333333515e+01
2.955000000000000000e+02,8.988142000000000564e+01,6.287173999999999818e-01,2.494149333333333374e+01
3.055000000000000000e+02,8.968713000000001045e+01,6.168200000000001459e-01,2.658591000000000193e+01
3.155000000000000000e+02,8.978428999999999860e+01,5.927755000000000107e-01,2.828796666666666582e+01
3.255000000000000000e+02,8.981143999999999039e+01,5.789146000000000569e-01,3.003579666666666981e+01
3.355000000000000000e+02,8.982285999999999149e+01,5.584284000000000470e-01,3.182806666666666473e+01
3.455000000000000000e+02,8.991571000000000424e+01,5.479779999999998541e-01,3.366313666666666649e+01
3.555000000000000000e+02,8.998000999999999294e+01,5.362427999999999084e-01,3.554070666666666511e+01
3.655000000000000000e+02,8.976715000000000089e+01,5.223318000000000128e-01,3.746089666666667028e+01
3.755000000000000000e+02,8.969856000000000051e+01,5.080621000000000720e-01,3.942397333333332909e+01
3.855000000000000000e+02,8.969428999999999519e+01,4.939090000000000424e-01,4.142962666666666394e+01
3.955000000000000000e+02,8.970429000000000030e+01,4.762666999999999318e-01,4.347790000000000532e+01
4.055000000000000000e+02,8.960143000000000768e+01,4.641164999999999874e-01,4.557110666666666532e+01
4.155000000000000000e+02,8.970284000000000901e+01,4.566032999999999897e-01,4.770834333333333177e+01
4.255000000000000000e+02,8.967286000000000001e+01,4.477199000000000595e-01,4.988825666666666336e+01
4.355000000000000000e+02,8.967855000000000132e+01,4.384282999999999930e-01,5.211106999999999800e+01
4.455000000000000000e+02,8.972714999999999463e+01,4.307061000000000917e-01,5.437691666666667345e+01
4.555000000000000000e+02,8.965713999999999828e+01,4.244466000000000072e-01,5.668554000000000315e+01
4.655000000000000000e+02,8.968569999999999709e+01,4.154873999999999512e-01,5.903819000000000017e+01
4.755000000000000000e+02,8.955569999999998743e+01,4.136955999999999412e-01,6.143442999999999898e+01
4.855000000000000000e+02,8.966000999999998555e+01,4.018757000000000024e-01,6.387353333333334149e+01
4.955000000000000000e+02,8.962857999999998526e+01,3.959899000000000058e-01,6.635598999999999137e+01
5.055000000000000000e+02,8.958713999999999089e+01,3.913513000000000130e-01,6.888628999999998825e+01
5.155000000000000000e+02,8.958142000000000849e+01,3.876346999999999987e-01,7.147959666666667999e+01
5.255000000000000000e+02,8.938143999999999778e+01,3.813130000000000130e-01,7.412154333333333511e+01
5.355000000000000000e+02,8.957855999999999597e+01,3.782324000000000241e-01,7.681065333333332035e+01
5.455000000000000000e+02,8.940286999999999296e+01,3.694412999999999725e-01,7.954412333333333152e+01
5.555000000000000000e+02,8.953429000000001281e+01,3.705269999999999953e-01,8.232223333333332960e+01
5.655000000000000000e+02,8.953713999999999373e+01,3.605290999999999912e-01,8.514994000000000085e+01
5.755000000000000000e+02,8.956714000000000908e+01,3.518677999999999528e-01,8.802987333333334163e+01
5.855000000000000000e+02,8.958570999999999174e+01,3.437324999999999964e-01,9.095479333333334182e+01
5.955000000000000000e+02,8.953999999999999204e+01,3.422522000000000064e-01,9.392459666666665896e+01
6.055000000000000000e+02,8.954714999999998781e+01,3.338340999999999670e-01,9.695076666666668075e+01
6.155000000000000000e+02,8.949285000000000423e+01,3.326037000000000576e-01,1.000318499999999915e+02
6.255000000000000000e+02,8.952285000000000537e+01,3.256922999999999901e-01,1.031655866666666697e+02
6.355000000000000000e+02,8.936427999999997951e+01,3.200445000000000095e-01,1.063559433333333288e+02
6.455000000000000000e+02,8.949572000000000571e+01,3.142295000000000504e-01,1.096026666666666642e+02
6.555000000000000000e+02,8.943571000000001447e+01,3.096350999999999964e-01,1.129103666666666612e+02
6.655000000000000000e+02,8.942000999999997646e+01,3.070844999999999825e-01,1.162754666666666736e+02
6.755000000000000000e+02,8.945142999999998779e+01,3.022341000000000610e-01,1.196905999999999892e+02
6.855000000000000000e+02,8.952143000000000939e+01,2.991126000000000618e-01,1.231639333333333468e+02
6.955000000000000000e+02,8.944857000000000369e+01,2.944945999999999953e-01,1.267023666666666770e+02
7.055000000000000000e+02,8.938570000000001414e+01,2.929453000000000196e-01,1.303097999999999956e+02
7.155000000000000000e+02,8.936429000000001110e+01,2.903178999999999621e-01,1.339744999999999777e+02
7.255000000000000000e+02,8.950142999999999915e+01,2.862737000000000198e-01,1.376868999999999801e+02
7.355000000000000000e+02,8.936001000000001682e+01,2.860716999999999843e-01,1.414506333333333146e+02
7.455000000000000000e+02,8.945571999999999946e+01,2.831919999999999993e-01,1.452623333333333164e+02
7.555000000000000000e+02,8.932286000000001991e+01,2.824087000000000125e-01,1.491223999999999990e+02
7.655000000000000000e+02,8.940430000000000632e+01,2.829146000000000161e-01,1.530381666666666547e+02
7.755000000000000000e+02,8.950287000000000148e+01,2.792317000000000271e-01,1.570033666666666363e+02
7.855000000000000000e+02,8.949571000000000254e+01,2.795635999999999677e-01,1.610213333333333026e+02
7.955000000000000000e+02,8.950714999999999577e+01,2.802843999999999336e-01,1.650907333333333611e+02
8.055000000000000000e+02,8.945714999999998440e+01,2.799490000000000589e-01,1.692107000000000312e+02
8.155000000000000000e+02,8.943143000000000598e+01,2.832884999999999986e-01,1.733821666666666488e+02
8.255000000000000000e+02,8.936857000000000539e+01,2.860241000000000033e-01,1.776077333333333570e+02
8.355000000000000000e+02,8.932286999999999466e+01,2.825071000000000110e-01,1.818894000000000233e+02
8.455000000000000000e+02,8.927571000000000367e+01,2.870734999999999815e-01,1.862276999999999703e+02
8.555000000000000000e+02,8.922713000000000250e+01,2.851737999999999773e-01,1.906187333333332958e+02
8.655000000000000000e+02,8.928143000000001450e+01,2.756314999999999737e-01,1.950565666666666687e+02
8.755000000000000000e+02,8.930429000000000883e+01,2.674057000000000239e-01,1.995415333333333479e+02
8.855000000000000000e+02,8.931000000000001648e+01,2.640255999999999714e-01,2.040767999999999915e+02
8.955000000000000000e+02,8.934144000000000574e+01,2.671628999999999809e-01,2.086667666666666605e+02
9.055000000000000000e+02,8.933000000000001251e+01,2.739988000000000423e-01,2.133364333333333320e+02
9.155000000000000000e+02,8.938142999999999461e+01,2.720329000000000219e-01,2.180576666666666767e+02
9.255000000000000000e+02,8.937142000000000053e+01,2.677262999999999726e-01,2.228280333333333090e+02
9.355000000000000000e+02,8.945430000000000348e+01,2.687944999999999918e-01,2.276424000000000092e+02
9.455000000000000000e+02,8.945428999999998609e+01,2.651884999999999382e-01,2.325008000000000266e+02
9.555000000000000000e+02,8.940857000000001165e+01,2.716173000000000060e-01,2.374130000000000109e+02
9.655000000000000000e+02,8.944286000000001025e+01,2.731956999999999858e-01,2.423738666666667143e+02
9.755000000000000000e+02,8.942570999999999515e+01,2.639591000000000021e-01,2.473790333333333251e+02
9.855000000000000000e+02,8.945428000000001134e+01,2.651773000000000047e-01,2.524285999999999603e+02
9.955000000000000000e+02,8.951286000000001764e+01,2.638268000000000280e-01,2.575303333333332603e+02
1.005500000000000000e+03,8.952715999999999497e+01,2.661723000000000283e-01,2.626867000000000303e+02
1.015500000000000000e+03,8.947571999999999548e+01,2.690568000000000404e-01,2.678889333333332843e+02
1.025500000000000000e+03,8.954429999999999268e+01,2.610852000000000173e-01,2.731379666666666139e+02
1.035500000000000000e+03,8.953143000000000029e+01,2.649856999999999352e-01,2.784338666666666313e+02
1.045500000000000000e+03,8.957285000000000252e+01,2.629696999999999729e-01,2.837766000000000304e+02
1.055500000000000000e+03,8.957713999999999999e+01,2.598980000000000734e-01,2.891653999999999769e+02
1.065500000000000000e+03,8.960001000000001170e+01,2.586352000000000095e-01,2.945993666666666968e+02
1.075500000000000000e+03,8.961428000000000793e+01,2.594779999999999864e-01,3.000797333333333654e+02
1.085500000000000000e+03,8.963715000000000543e+01,2.575825999999999949e-01,3.056086666666666929e+02
1.095500000000000000e+03,8.964716000000001372e+01,2.570048999999999806e-01,3.111844333333333452e+02
1.105500000000000000e+03,8.965285000000000082e+01,2.560270000000000046e-01,3.168055333333333010e+02
1.115500000000000000e+03,8.967286000000000001e+01,2.564345000000000097e-01,3.224706666666667161e+02
1.125500000000000000e+03,8.969714999999999350e+01,2.529418999999999973e-01,3.281794666666667126e+02
1.135500000000000000e+03,8.970000999999999181e+01,2.530805999999999889e-01,3.339336000000000126e+02
1.145500000000000000e+03,8.968999999999999773e+01,2.533931000000000378e-01,3.397344666666666626e+02
1.155500000000000000e+03,8.971856999999999971e+01,2.500284000000000395e-01,3.455824333333333129e+02
1.165500000000000000e+03,8.972715999999999781e+01,2.493825000000000069e-01,3.514771333333333700e+02
1.175500000000000000e+03,8.974286000000000740e+01,2.504406000000000132e-01,3.574203000000000543e+02
1.185500000000000000e+03,8.968713999999999942e+01,2.491401999999999506e-01,3.634105000000000700e+02
1.195500000000000000e+03,8.968569999999999709e+01,2.467484999999999817e-01,3.694485333333333301e+02
1.205500000000000000e+03,8.970426999999999396e+01,2.483686999999999701e-01,3.755837999999999965e+02
1.215500000000000000e+03,8.965285000000001503e+01,2.461982999999999533e-01,3.817895666666667012e+02
1.225500000000000000e+03,8.969001000000000090e+01,2.457158000000000120e-01,3.880472333333333381e+02
1.235500000000000000e+03,8.960998999999999626e+01,2.447918000000000038e-01,3.943586000000000240e+02
1.245500000000000000e+03,8.965714999999998724e+01,2.458146000000000220e-01,4.007229333333333443e+02
1.255500000000000000e+03,8.963428000000000395e+01,2.447568999999999995e-01,4.071465666666666721e+02
1.265500000000000000e+03,8.966143000000000995e+01,2.438893000000000311e-01,4.136192666666667037e+02
1.275500000000000000e+03,8.970141999999998461e+01,2.439338999999999813e-01,4.201369666666666376e+02
1.285500000000000000e+03,8.962857999999998526e+01,2.425475999999999743e-01,4.267062333333333299e+02
1.295500000000000000e+03,8.970572000000001367e+01,2.423038999999999610e-01,4.333252333333333581e+02
1.305500000000000000e+03,8.968858000000000175e+01,2.421108999999999900e-01,4.399971666666666579e+02
1.315500000000000000e+03,8.969001000000000090e+01,2.408715000000000439e-01,4.467224666666667190e+02
1.325500000000000000e+03,8.967428999999999917e+01,2.406681000000000237e-01,4.535043333333333067e+02
1.335500000000000000e+03,8.968285000000000196e+01,2.399995999999999796e-01,4.603370333333334088e+02
1.345500000000000000e+03,8.970573000000000263e+01,2.394581999999999822e-01,4.672182666666667501e+02
1.355500000000000000e+03,8.971569999999999823e+01,2.383103999999999778e-01,4.741531666666666638e+02
1.365500000000000000e+03,8.969571000000000538e+01,2.394630999999999843e-01,4.811722666666666441e+02
1.375500000000000000e+03,8.970284999999999798e+01,2.375131999999999799e-01,4.882469333333333452e+02
1.385500000000000000e+03,8.966714999999999236e+01,2.368756000000000195e-01,4.953724666666666963e+02
1.395500000000000000e+03,8.968712999999999624e+01,2.364097999999999755e-01,5.025447666666667033e+02
1.405500000000000000e+03,8.969859000000001004e+01,2.383963000000000054e-01,5.097695999999999685e+02
1.415500000000000000e+03,8.965570999999999913e+01,2.365499999999999825e-01,5.170463333333333367e+02
1.425500000000000000e+03,8.966286999999999807e+01,2.351219000000000503e-01,5.243746333333333496e+02
1.435500000000000000e+03,8.967428999999998496e+01,2.348055000000000003e-01,5.317550333333334720e+02
1.445500000000000000e+03,8.970713000000000648e+01,2.356851000000000362e-01,5.391900666666666666e+02
1.455500000000000000e+03,8.969141000000000474e+01,2.347656999999999938e-01,5.466762333333333572e+02
1.465500000000000000e+03,8.971856999999999971e+01,2.348311000000000148e-01,5.542117000000000644e+02
1.475500000000000000e+03,8.977854999999999563e+01,2.349877999999999412e-01,5.618002000000000180e+02
1.485500000000000000e+03,8.977998999999998375e+01,2.370858999999999883e-01,5.694448999999998478e+02
1.495500000000000000e+03,8.971856999999998550e+01,2.330874000000000001e-01,5.771480333333333874e+02
1.505500000000000000e+03,8.973998000000000275e+01,2.338017999999999486e-01,5.849074666666666644e+02
1.515500000000000000e+03,8.971142000000000394e+01,2.341808000000000223e-01,5.927210999999999785e+02
1.525500000000000000e+03,8.975998999999998773e+01,2.364182000000000505e-01,6.005969000000000051e+02
1.535500000000000000e+03,8.986428999999998268e+01,2.365391000000000299e-01,6.085352666666665300e+02
1.545500000000000000e+03,8.988139999999999930e+01,2.350053000000000003e-01,6.165352000000000317e+02
1.555500000000000000e+03,8.991000999999999976e+01,2.382139000000000062e-01,6.246054333333333943e+02
1.565500000000000000e+03,8.986142000000000962e+01,2.354575000000000140e-01,6.327311000000000831e+02
1.575500000000000000e+03,8.984857999999998412e+01,2.318038000000000043e-01,6.409074666666667781e+02
1.585500000000000000e+03,8.987999999999999545e+01,2.356036999999999715e-01,6.491391333333333478e+02
1.595500000000000000e+03,8.986857000000000539e+01,2.384357000000000004e-01,6.574205333333333101e+02
1.605500000000000000e+03,8.985285000000000366e+01,2.395709999999999784e-01,6.657605999999999540e+02
1.615500000000000000e+03,8.986857999999999436e+01,2.383562000000000458e-01,6.741585666666667294e+02
1.625500000000000000e+03,8.987286000000000286e+01,2.371975000000000333e-01,6.826061000000000831e+02
1.635500000000000000e+03,8.978856000000000392e+01,2.375619999999999954e-01,6.911064999999999827e+02
1.645500000000000000e+03,8.985000999999999749e+01,2.364461999999999953e-01,6.996580999999998767e+02
1.655500000000000000e+03,8.989429000000001224e+01,2.364943999999999935e-01,7.082627666666666073e+02
1.665500000000000000e+03,8.990572000000000230e+01,2.364305999999999908e-01,7.169230000000000018e+02
1.675500000000000000e+03,8.991427000000000191e+01,2.359532000000000296e-01,7.256323333333332357e+02
1.685500000000000000e+03,8.999143999999999721e+01,2.362035999999999858e-01,7.343934333333334052e+02
1.695500000000000000e+03,9.008572000000000912e+01,2.370966000000000184e-01,7.432079333333333580e+02
1.705500000000000000e+03,9.002284999999999116e+01,2.364030000000000020e-01,7.520864666666666380e+02
1.715500000000000000e+03,9.011857999999998015e+01,2.369233000000000033e-01,7.610824000000000069e+02
1.725500000000000000e+03,9.010285000000000366e+01,2.356053000000000175e-01,7.701459333333332324e+02
1.735500000000000000e+03,9.009142999999998835e+01,2.340450000000000030e-01,7.792877666666666983e+02
1.745500000000000000e+03,9.012143999999999266e+01,2.357849000000000195e-01,7.885157333333334009e+02
1.755500000000000000e+03,9.014428999999998382e+01,2.360663999999999818e-01,7.977977666666665755e+02
1.765500000000000000e+03,9.015142999999999063e+01,2.351740999999999970e-01,8.071318333333332475e+02
1.775500000000000000e+03,9.019002999999999304e+01,2.345640999999999976e-01,8.165163333333332503e+02
1.785500000000000000e+03,9.016857999999999151e+01,2.347107999999999972e-01,8.259542333333332635e+02
1.795500000000000000e+03,9.022857999999999379e+01,2.328817999999999999e-01,8.354503000000000839e+02
1.805500000000000000e+03,9.019140999999999053e+01,2.335390999999999995e-01,8.450002333333334263e+02
1.815500000000000000e+03,9.020284000000000901e+01,2.337439000000000322e-01,8.545970333333334565e+02
1.825500000000000000e+03,9.019856999999998948e+01,2.322387000000000479e-01,8.642473999999999705e+02
1.835500000000000000e+03,9.020283999999999480e+01,2.317286999999999819e-01,8.739508666666666841e+02
1.845500000000000000e+03,9.020571999999999946e+01,2.323717999999999895e-01,8.837142000000000053e+02
1.855500000000000000e+03,9.024000000000000909e+01,2.320298000000000083e-01,8.935353333333334831e+02
1.865500000000000000e+03,9.022144000000000119e+01,2.313170999999999977e-01,9.034055333333333238e+02
1.875500000000000000e+03,9.023145000000000948e+01,2.306039999999999757e-01,9.133235999999999422e+02
1.885500000000000000e+03,9.021142999999999290e+01,2.292661000000000282e-01,9.232941666666667970e+02
1.895500000000000000e+03,9.023141999999999996e+01,2.293080999999999869e-01,9.333148666666668305e+02
1.905500000000000000e+03,9.022142000000000905e+01,2.284046000000000132e-01,9.433914333333334525e+02
1.915500000000000000e+03,9.023429000000000144e+01,2.300194999999999879e-01,9.535205000000001974e+02
1.925500000000000000e+03,9.022283999999999082e+01,2.294177000000000022e-01,9.636971333333333405e+02
1.935500000000000000e+03,9.025571999999999662e+01,2.283677000000000068e-01,9.739236333333334414e+02
1.945500000000000000e+03,9.027143999999999835e+01,2.277162999999999826e-01,9.841997999999999820e+02
1.955500000000000000e+03,9.028999999999999204e+01,2.276180000000000148e-01,9.945274666666667827e+02
1.965500000000000000e+03,9.028855999999998971e+01,2.264232999999999940e-01,1.004911699999999996e+03
1.975500000000000000e+03,9.030285000000000650e+01,2.262636000000000092e-01,1.015346600000000080e+03
1.985500000000000000e+03,9.030858999999999526e+01,2.267575000000000007e-01,1.025835833333333312e+03
1.995500000000000000e+03,9.025997999999999877e+01,2.260871999999999882e-01,1.036375666666666575e+03
2.005500000000000000e+03,9.026429000000000258e+01,2.263427000000000078e-01,1.046972666666666782e+03
2.015500000000000000e+03,9.029856999999999800e+01,2.248318000000000261e-01,1.057627333333333354e+03
2.025500000000000000e+03,9.030856999999998891e+01,2.254841999999999680e-01,1.068336999999999989e+03
2.035500000000000000e+03,9.030143000000001052e+01,2.249378999999999684e-01,1.079102999999999838e+03
2.045500000000000000e+03,9.029571999999998866e+01,2.256037000000000181e-01,1.089923999999999751e+03
2.055500000000000000e+03,9.032856999999999914e+01,2.255243000000000109e-01,1.100798999999999751e+03
2.065500000000000000e+03,9.031571999999999889e+01,2.247853000000000212e-01,1.111722999999999956e+03
2.075500000000000000e+03,9.032858999999999128e+01,2.247218999999999745e-01,1.122697666666666464e+03
2.085500000000000000e+03,9.034713999999999601e+01,2.244674999999999865e-01,1.133725666666666484e+03
2.095500000000000000e+03,9.029999999999998295e+01,2.234704000000000135e-01,1.144811666666666952e+03
2.105500000000000000e+03,9.030713999999998975e+01,2.234022999999999981e-01,1.155950000000000273e+03
2.115500000000000000e+03,9.036286000000001195e+01,2.215333999999999914e-01,1.167134333333333188e+03
2.125500000000000000e+03,9.033714999999999407e+01,2.229417999999999955e-01,1.178364333333333434e+03
2.135500000000000000e+03,9.036571000000000708e+01,2.228359000000000312e-01,1.189639000000000124e+03
2.145500000000000000e+03,9.037998999999999228e+01,2.231835000000000346e-01,1.200956666666666706e+03
2.155500000000000000e+03,9.038286000000000797e+01,2.221337000000000172e-01,1.212317666666666582e+03
2.165500000000000000e+03,9.037142999999998949e+01,2.224152000000000073e-01,1.223723999999999933e+03
2.175500000000000000e+03,9.038569999999999993e+01,2.214824999999999711e-01,1.235173666666666577e+03
2.185500000000000000e+03,9.037426999999999566e+01,2.208645999999999943e-01,1.246669666666666899e+03
2.195500000000000000e+03,9.039714000000000738e+01,2.213018999999999958e-01,1.258211999999999989e+03
2.205500000000000000e+03,9.039286000000001309e+01,2.214041000000000481e-01,1.269798000000000002e+03
2.215500000000000000e+03,9.041285999999999490e+01,2.200603000000000142e-01,1.281428666666666459e+03
2.225500000000000000e+03,9.042715000000001169e+01,2.193179999999999852e-01,1.293105333333333419e+03
2.235500000000000000e+03,9.041141999999999257e+01,2.180442999999999965e-01,1.304826333333333196e+03
2.245500000000000000e+03,9.041143999999999892e+01,2.186315999999999815e-01,1.316592333333333499e+03
2.255500000000000000e+03,9.043141999999998859e+01,2.197506999999999933e-01,1.328402999999999793e+03
2.265500000000000000e+03,9.044141999999999371e+01,2.180791000000000257e-01,1.340256333333333259e+03
2.275500000000000000e+03,9.044284000000000390e+01,2.162707999999999853e-01,1.352160000000000309e+03
2.285500000000000000e+03,9.045570999999999628e+01,2.156422999999999812e-01,1.364127999999999929e+03
2.295500000000000000e+03,9.043428000000000111e+01,2.171475999999999684e-01,1.376141333333333250e+03
2.305500000000000000e+03,9.043282999999999561e+01,2.181569000000000424e-01,1.388199000000000069e+03
2.315500000000000000e+03,9.044997999999999649e+01,2.149374000000000007e-01,1.400298666666666577e+03
2.325500000000000000e+03,9.045712000000000330e+01,2.174522000000000121e-01,1.412443999999999960e+03
2.335500000000000000e+03,9.044141999999999371e+01,2.149684999999999790e-01,1.424630333333333283e+03
2.345500000000000000e+03,9.045856000000000563e+01,2.153377999999999959e-01,1.436861333333333278e+03
2.355500000000000000e+03,9.044284000000000390e+01,2.146605999999999792e-01,1.449137666666666519e+03
2.365500000000000000e+03,9.044000000000001194e+01,2.151560000000000417e-01,1.461460333333333210e+03
2.375500000000000000e+03,9.045144000000000517e+01,2.161564000000000263e-01,1.473828333333333376e+03
2.385500000000000000e+03,9.044142999999999688e+01,2.120580000000000243e-01,1.486242333333333363e+03
2.395500000000000000e+03,9.044001999999998986e+01,2.131114000000000064e-01,1.498704999999999927e+03
2.405500000000000000e+03,9.044714999999999350e+01,2.136432999999999804e-01,1.511259999999999991e+03
2.415500000000000000e+03,9.044713999999999032e+01,2.149235999999999647e-01,1.523871999999999844e+03
2.425500000000000000e+03,9.041714999999999236e+01,2.167522000000000060e-01,1.536539000000000215e+03
2.435500000000000000e+03,9.041286999999999807e+01,2.146447999999999967e-01,1.549263666666666495e+03
2.445500000000000000e+03,9.041429000000000826e+01,2.154177000000000175e-01,1.562048333333333403e+03
2.455500000000000000e+03,9.041143000000000995e+01,2.176736999999999700e-01,1.574894333333333179e+03
2.465500000000000000e+03,9.041286999999998386e+01,2.180840000000000278e-01,1.587792333333333318e+03
2.475500000000000000e+03,9.041286999999999807e+01,2.160780999999999674e-01,1.600737333333333254e+03
2.485500000000000000e+03,9.041000999999999976e+01,2.131004999999999983e-01,1.613733999999999924e+03
2.495500000000000000e+03,9.041857000000000255e+01,2.168515000000000303e-01,1.626788999999999987e+03
2.505500000000000000e+03,9.041715999999999553e+01,2.143322000000000005e-01,1.639906000000000176e+03
2.515500000000000000e+03,9.042000000000000171e+01,2.149953000000000003e-01,1.653074666666666644e+03
2.525500000000000000e+03,9.041142999999999574e+01,2.135870999999999742e-01,1.666293666666666923e+03
2.535500000000000000e+03,9.041715999999999553e+01,2.157337999999999756e-01,1.679567666666666582e+03
2.545500000000000000e+03,9.041571999999999321e+01,2.152260000000000006e-01,1.692894999999999982e+03
2.555500000000000000e+03,9.040857000000001165e+01,2.162634999999999974e-01,1.706291666666666742e+03
2.565500000000000000e+03,9.042143000000000086e+01,2.156018000000000379e-01,1.719759333333333416e+03
2.575500000000000000e+03,9.041716000000000975e+01,2.127442999999999973e-01,1.733278666666666595e+03
2.585500000000000000e+03,9.040286000000000399e+01,2.122272000000000047e-01,1.746855333333333647e+03
2.595500000000000000e+03,9.040143000000000484e+01,2.131857999999999809e-01,1.760485666666666702e+03
2.605500000000000000e+03,9.039856000000000336e+01,2.123911999999999745e-01,1.774166666666666515e+03
2.615500000000000000e+03,9.039285000000000991e+01,2.106342000000000214e-01,1.787901666666666642e+03
2.625500000000000000e+03,9.038285000000000480e+01,2.127263999999999822e-01,1.801715333333333092e+03
2.635500000000000000e+03,9.038714999999999122e+01,2.140407000000000282e-01,1.815599333333333107e+03
2.645500000000000000e+03,9.035999000000001047e+01,2.130268999999999635e-01,1.829541333333333114e+03
2.655500000000000000e+03,9.036999999999999034e+01,2.121035000000000004e-01,1.843536333333333005e+03
2.665500000000000000e+03,9.036427999999999372e+01,2.132283999999999846e-01,1.857579000000000178e+03
2.675500000000000000e+03,9.036142999999999859e+01,2.120150000000000090e-01,1.871670000000000073e+03
2.685500000000000000e+03,9.035713000000001216e+01,2.113157000000000230e-01,1.885811333333333096e+03
2.695500000000000000e+03,9.036569999999998970e+01,2.106863999999999959e-01,1.900002666666666528e+03
2.705500000000000000e+03,9.034857000000002358e+01,2.131132000000000026e-01,1.914246666666666670e+03
2.715500000000000000e+03,9.036285000000000878e+01,2.105081000000000313e-01,1.928540999999999940e+03
2.725500000000000000e+03,9.033430999999998789e+01,2.106685000000000085e-01,1.942889333333333298e+03
2.735500000000000000e+03,9.034716000000000236e+01,2.125910999999999773e-01,1.957294333333333270e+03
2.745500000000000000e+03,9.034287000000000489e+01,2.129346000000000017e-01,1.971755333333333056e+03
2.755500000000000000e+03,9.036429000000001110e+01,2.117949000000000359e-01,1.986277333333333445e+03
2.765500000000000000e+03,9.034001999999999555e+01,2.136257000000000017e-01,2.000851999999999634e+03
2.775500000000000000e+03,9.033430000000001314e+01,2.110183000000000197e-01,2.015473999999999705e+03
2.785500000000000000e+03,9.033715999999999724e+01,2.125678000000000289e-01,2.030148666666666713e+03
2.795500000000000000e+03,9.035571999999999093e+01,2.120071000000000316e-01,2.044883333333333212e+03
2.805500000000000000e+03,9.035427999999998860e+01,2.123292000000000235e-01,2.059680999999999585e+03
2.815500000000000000e+03,9.036142999999999859e+01,2.125912000000000079e-01,2.074544333333333725e+03
2.825500000000000000e+03,9.033713000000000193e+01,2.125952999999999871e-01,2.089478333333333467e+03
2.835500000000000000e+03,9.034999000000000535e+01,2.119675000000000031e-01,2.104470666666666602e+03
2.845500000000000000e+03,9.034714999999999918e+01,2.123683000000000098e-01,2.119513333333333321e+03
2.855500000000000000e+03,9.033714999999999407e+01,2.116480000000000028e-01,2.134608666666666977e+03
2.865500000000000000e+03,9.035143999999999664e+01,2.117363999999999913e-01,2.149785666666666657e+03
2.875500000000000000e+03,9.034427000000000874e+01,2.118154999999999899e-01,2.165031333333333350e+03
2.885500000000000000e+03,9.035571000000000197e+01,2.115299999999999958e-01,2.180330666666666730e+03
2.895500000000000000e+03,9.034572000000000003e+01,2.116473000000000104e-01,2.195683333333333394e+03
2.905500000000000000e+03,9.035572999999999411e+01,2.112981999999999638e-01,2.211086333333333641e+03
2.915500000000000000e+03,9.036142999999999859e+01,2.113150000000000028e-01,2.226541666666666970e+03
2.925500000000000000e+03,9.037142000000000053e+01,2.111139999999999683e-01,2.242056000000000040e+03
2.935500000000000000e+03,9.037570999999999799e+01,2.112969999999999848e-01,2.257624000000000251e+03
2.945500000000000000e+03,9.038286000000000797e+01,2.106112999999999735e-01,2.273249333333333652e+03
2.955500000000000000e+03,9.038000000000002387e+01,2.107210000000000194e-01,2.288925666666666530e+03
2.965500000000000000e+03,9.037429000000000201e+01,2.105159000000000058e-01,2.304647333333333336e+03
2.975500000000000000e+03,9.037285000000001389e+01,2.106857999999999786e-01,2.320417999999999665e+03
2.985500000000000000e+03,9.037426000000000670e+01,2.094698999999999867e-01,2.336245333333333292e+03
2.995500000000000000e+03,9.037426999999999566e+01,2.101447000000000176e-01,2.352125666666666348e+03
3.005500000000000000e+03,9.037001000000000772e+01,2.105156999999999723e-01,2.368058999999999742e+03
3.015500000000000000e+03,9.037429000000000201e+01,2.096648000000000123e-01,2.384046666666666624e+03
3.025500000000000000e+03,9.038000000000000966e+01,2.100867000000000151e-01,2.400091666666667152e+03
3.035500000000000000e+03,9.039142999999999972e+01,2.098802000000000167e-01,2.416199666666666417e+03
3.045500000000000000e+03,9.039427999999999486e+01,2.097838999999999954e-01,2.432366999999999734e+03
3.055500000000000000e+03,9.040000000000000568e+01,2.100273000000000001e-01,2.448590333333333092e+03
3.065500000000000000e+03,9.040000000000000568e+01,2.096118000000000148e-01,2.464864000000000033e+03
3.075500000000000000e+03,9.038999000000001161e+01,2.093255999999999728e-01,2.481182333333333190e+03
3.085500000000000000e+03,9.039714000000000738e+01,2.092271000000000269e-01,2.497549333333333379e+03
3.095500000000000000e+03,9.039141999999999655e+01,2.092569000000000234e-01,2.513975333333333310e+03
3.105500000000000000e+03,9.039284999999999570e+01,2.092473000000000527e-01,2.530460000000000036e+03
3.115500000000000000e+03,9.039714000000000738e+01,2.091685999999999823e-01,2.546996333333333496e+03
3.125500000000000000e+03,9.039857000000000653e+01,2.088636999999999855e-01,2.563580333333333328e+03
3.135500000000000000e+03,9.038998999999999739e+01,2.088243000000000182e-01,2.580217000000000098e+03
3.145500000000000000e+03,9.038428000000000395e+01,2.087375999999999954e-01,2.596900666666666893e+03
3.155500000000000000e+03,9.038857000000000141e+01,2.088289000000000117e-01,2.613644999999999527e+03
3.165500000000000000e+03,9.039713000000001841e+01,2.086157000000000150e-01,2.630445333333333110e+03
3.175500000000000000e+03,9.037570000000000903e+01,2.084099000000000090e-01,2.647291333333333569e+03
3.185500000000000000e+03,9.039714000000000738e+01,2.083257000000000025e-01,2.664190333333333911e+03
3.195500000000000000e+03,9.038712999999999909e+01,2.082354000000000149e-01,2.681139666666666471e+03
3.205500000000000000e+03,9.037570999999999799e+01,2.083142999999999800e-01,2.698139000000000124e+03
3.215500000000000000e+03,9.038142999999999461e+01,2.084497999999999907e-01,2.715188333333333048e+03
3.225500000000000000e+03,9.036856000000000222e+01,2.080420000000000047e-01,2.732291999999999916e+03
3.235500000000000000e+03,9.037572000000000116e+01,2.083771000000000095e-01,2.749448666666666668e+03
3.245500000000000000e+03,9.037855000000000416e+01,2.081309999999999827e-01,2.766660333333333256e+03
3.255500000000000000e+03,9.038714000000000226e+01,2.079860000000000042e-01,2.783922000000000480e+03
3.265500000000000000e+03,9.038569000000001097e+01,2.077577999999999925e-01,2.801228666666666868e+03
3.275500000000000000e+03,9.038998999999999739e+01,2.081332999999999933e-01,2.818582999999999629e+03
3.285500000000000000e+03,9.039428000000000907e+01,2.082018999999999953e-01,2.835990000000000236e+03
3.295500000000000000e+03,9.038570999999998890e+01,2.077764999999999751e-01,2.853450333333333219e+03
3.305500000000000000e+03,9.038856999999998720e+01,2.083160000000000012e-01,2.870963333333333139e+03
3.315500000000000000e+03,9.040715000000000146e+01,2.075662000000000340e-01,2.888525666666666439e+03
3.325500000000000000e+03,9.040572000000000230e+01,2.076703999999999772e-01,2.906144666666666581e+03
3.335500000000000000e+03,9.040426999999999680e+01,2.074353999999999920e-01,2.923822000000000116e+03
3.345500000000000000e+03,9.040000000000000568e+01,2.071105000000000307e-01,2.941555666666666639e+03
3.355500000000000000e+03,9.040143000000000484e+01,2.069394999999999707e-01,2.959347666666666555e+03
3.365500000000000000e+03,9.040429000000000315e+01,2.073252000000000150e-01,2.977189333333333252e+03
3.375500000000000000e+03,9.041286999999999807e+01,2.066228000000000231e-01,2.995076666666666824e+03
3.385500000000000000e+03,9.040286000000000399e+01,2.065723999999999894e-01,3.013014000000000124e+03
3.395500000000000000e+03,9.039428000000000907e+01,2.071139000000000174e-01,3.031010333333333165e+03
3.405500000000000000e+03,9.039426999999999168e+01,2.066984999999999795e-01,3.049091999999999643e+03
3.415500000000000000e+03,9.039857000000000653e+01,2.070628000000000191e-01,3.067229000000000269e+03
3.425500000000000000e+03,9.039143000000001393e+01,2.064295999999999631e-01,3.085414666666666562e+03
3.435500000000000000e+03,9.038712999999998488e+01,2.068751000000000340e-01,3.103655333333333601e+03
3.445500000000000000e+03,9.039714000000000738e+01,2.063841000000000148e-01,3.121944000000000415e+03
3.455500000000000000e+03,9.040286000000000399e+01,2.061838000000000282e-01,3.140285333333333710e+03
3.465500000000000000e+03,9.039428000000000907e+01,2.063962999999999770e-01,3.158682666666666591e+03
3.475500000000000000e+03,9.039857000000000653e+01,2.061076000000000019e-01,3.177131333333333259e+03
3.485500000000000000e+03,9.040429000000000315e+01,2.062946000000000224e-01,3.195641000000000076e+03
3.495500000000000000e+03,9.040858000000000061e+01,2.058838000000000057e-01,3.214204666666666981e+03
3.505500000000000000e+03,9.040000000000000568e+01,2.062615999999999894e-01,3.232823666666666213e+03
3.515500000000000000e+03,9.041000999999998555e+01,2.061946000000000334e-01,3.251494666666666490e+03
3.525500000000000000e+03,9.041143999999999892e+01,2.060911999999999744e-01,3.270222333333333154e+03
3.535500000000000000e+03,9.041000999999998555e+01,2.055138999999999994e-01,3.289009666666667272e+03
3.545500000000000000e+03,9.041857999999999151e+01,2.056840999999999808e-01,3.307856333333333168e+03
3.555500000000000000e+03,9.041858999999999469e+01,2.058310000000000139e-01,3.326754333333333307e+03
3.565500000000000000e+03,9.041143999999999892e+01,2.059420999999999891e-01,3.345700333333333219e+03
3.575500000000000000e+03,9.042430000000000234e+01,2.055889000000000189e-01,3.364694666666666308e+03
3.585500000000000000e+03,9.041857999999999151e+01,2.050364000000000075e-01,3.383741666666666333e+03
3.595500000000000000e+03,9.041715000000002078e+01,2.052591999999999750e-01,3.402839999999999236e+03
3.605500000000000000e+03,9.041428999999999405e+01,2.051690000000000180e-01,3.421990000000000236e+03
3.615500000000000000e+03,9.040858000000000061e+01,2.049242000000000008e-01,3.441186666666666952e+03
3.625500000000000000e+03,9.040572000000000230e+01,2.048115000000000074e-01,3.460439666666666653e+03
3.635500000000000000e+03,9.041143999999999892e+01,2.053891999999999940e-01,3.479747000000000298e+03
3.645500000000000000e+03,9.041141000000001782e+01,2.047131999999999841e-01,3.499116666666666333e+03
3.655500000000000000e+03,9.041571999999999321e+01,2.046679999999999888e-01,3.518542666666666719e+03
3.665500000000000000e+03,9.043142999999999176e+01,2.046836999999999962e-01,3.538020333333333838e+03
3.675500000000000000e+03,9.042571999999999832e+01,2.046202000000000021e-01,3.557544999999999618e+03
3.685500000000000000e+03,9.043426999999999794e+01,2.048000000000000098e-01,3.577122000000000298e+03
3.695500000000000000e+03,9.041571999999999321e+01,2.043565999999999716e-01,3.596756333333333259e+03
3.705500000000000000e+03,9.042000000000000171e+01,2.043441000000000007e-01,3.616450333333332765e+03
3.715500000000000000e+03,9.043998000000000559e+01,2.044024999999999870e-01,3.636212000000000444e+03
3.725500000000000000e+03,9.043145000000001232e+01,2.043473000000000095e-01,3.656035000000000764e+03
3.735500000000000000e+03,9.044431000000000154e+01,2.046042000000000416e-01,3.675913999999999760e+03
3.745500000000000000e+03,9.044001999999998986e+01,2.041771000000000280e-01,3.695840666666666948e+03
3.755500000000000000e+03,9.043287000000000830e+01,2.043222000000000094e-01,3.715823666666667123e+03
3.765500000000000000e+03,9.044570999999999117e+01,2.042403000000000135e-01,3.735865000000000236e+03
3.775500000000000000e+03,9.043001999999998475e+01,2.043451999999999769e-01,3.755955333333333783e+03
3.785500000000000000e+03,9.044003000000000725e+01,2.045386999999999900e-01,3.776103333333333467e+03
3.795500000000000000e+03,9.042716999999998961e+01,2.040168999999999733e-01,3.796298999999999978e+03
3.805500000000000000e+03,9.042858999999999980e+01,2.043238999999999750e-01,3.816547333333333427e+03
3.815500000000000000e+03,9.043572999999999240e+01,2.041493000000000058e-01,3.836846666666666806e+03
3.825500000000000000e+03,9.043144999999998390e+01,2.042054999999999843e-01,3.857204000000000178e+03
3.835500000000000000e+03,9.043001999999998475e+01,2.043539000000000050e-01,3.877617666666666537e+03
3.845500000000000000e+03,9.042430999999999131e+01,2.044012000000000051e-01,3.898091333333333750e+03
3.855500000000000000e+03,9.043289000000000044e+01,2.040684999999999860e-01,3.918615000000000236e+03
3.865500000000000000e+03,9.043002999999998792e+01,2.043369999999999909e-01,3.939187999999999647e+03
3.875500000000000000e+03,9.042859999999998877e+01,2.034220999999999946e-01,3.959810666666666748e+03
3.885500000000000000e+03,9.043716999999999473e+01,2.044061999999999824e-01,3.980487999999999829e+03
3.895500000000000000e+03,9.043287999999999727e+01,2.040592999999999990e-01,4.001219333333332997e+03
3.905500000000000000e+03,9.043287000000000830e+01,2.042327999999999921e-01,4.022001666666667006e+03
3.915500000000000000e+03,9.043431000000001063e+01,2.042503999999999986e-01,4.042836000000000240e+03
3.925500000000000000e+03,9.043429000000000428e+01,2.042080000000000006e-01,4.063723666666666304e+03
3.935500000000000000e+03,9.044857999999999265e+01,2.041598999999999775e-01,4.084666666666666970e+03
3.945500000000000000e+03,9.045141999999999882e+01,2.041879999999999806e-01,4.105671333333333678e+03
3.955500000000000000e+03,9.045141000000000986e+01,2.044209999999999638e-01,4.126734999999999673e+03
3.965500000000000000e+03,9.045712999999999226e+01,2.042696999999999985e-01,4.147852000000000771e+03
3.975500000000000000e+03,9.047711999999998511e+01,2.042583000000000037e-01,4.169018000000000029e+03
3.985500000000000000e+03,9.047711999999998511e+01,2.042431000000000108e-01,4.190239999999999782e+03
3.995500000000000000e+03,9.047854999999999848e+01,2.039722000000000202e-01,4.211522999999999229e+03
4.005500000000000000e+03,9.046855999999999653e+01,2.036374999999999991e-01,4.232865666666666584e+03
4.015500000000000000e+03,9.047711999999999932e+01,2.040095000000000103e-01,4.254260333333333620e+03
4.025500000000000000e+03,9.047854999999999848e+01,2.040935000000000110e-01,4.275704333333333125e+03
4.035500000000000000e+03,9.048713000000000761e+01,2.039207999999999854e-01,4.297201666666667734e+03
4.045500000000000000e+03,9.048283999999998173e+01,2.039320000000000022e-01,4.318746333333333496e+03
4.055500000000000000e+03,9.048713000000000761e+01,2.039466000000000057e-01,4.340345999999999549e+03
4.065500000000000000e+03,9.049141999999999086e+01,2.039654999999999663e-01,4.362001333333332695e+03
4.075500000000000000e+03,9.048713000000000761e+01,2.036780999999999453e-01,4.383704666666665617e+03
4.085500000000000000e+03,9.048569999999999425e+01,2.040900000000000214e-01,4.405464666666665835e+03
4.095500000000000000e+03,9.048999000000000592e+01,2.038106000000000084e-01,4.427295333333333474e+03
4.105500000000000000e+03,9.048283999999999594e+01,2.036794000000000104e-01,4.449222999999999956e+03
4.115500000000000000e+03,9.048712999999999340e+01,2.032547999999999855e-01,4.471204999999999927e+03
4.125500000000000000e+03,9.048712999999999340e+01,2.035007000000000343e-01,4.493243000000000393e+03
4.135500000000000000e+03,9.048427000000000930e+01,2.032999000000000334e-01,4.515339666666667654e+03
4.145500000000000000e+03,9.048712999999999340e+01,2.029127000000000014e-01,4.537490999999999985e+03
4.155500000000000000e+03,9.048427999999999827e+01,2.032044000000000072e-01,4.559691333333334114e+03
4.165500000000000000e+03,9.047283000000000186e+01,2.032115000000000171e-01,4.581942000000000917e+03
4.175500000000000000e+03,9.047285000000000821e+01,2.034003999999999812e-01,4.604240999999999985e+03
4.185500000000000000e+03,9.047997999999999763e+01,2.030845000000000289e-01,4.626596999999999753e+03
4.195500000000000000e+03,9.046712999999999738e+01,2.031670999999999894e-01,4.649006333333332805e+03
4.205500000000000000e+03,9.046569999999999823e+01,2.029310999999999754e-01,4.671467666666666446e+03
4.215500000000000000e+03,9.046283999999999992e+01,2.033794000000000435e-01,4.693981666666665660e+03
4.225500000000000000e+03,9.047426000000000101e+01,2.026706999999999537e-01,4.716553666666666686e+03
4.235500000000000000e+03,9.046425000000000693e+01,2.030650999999999706e-01,4.739184666666666089e+03
4.245500000000000000e+03,9.045996999999999844e+01,2.028888999999999831e-01,4.761911666666666861e+03
4.255500000000000000e+03,9.045570999999999628e+01,2.023710999999999982e-01,4.784707666666666228e+03
4.265500000000000000e+03,9.045284999999999798e+01,2.028825999999999963e-01,4.807554666666665980e+03
4.275500000000000000e+03,9.045426999999999396e+01,2.026304999999999912e-01,4.830448333333333721e+03
4.285500000000000000e+03,9.045568000000000097e+01,2.026871000000000367e-01,4.853397333333332426e+03
4.295500000000000000e+03,9.045709999999999695e+01,2.026470999999999967e-01,4.876403333333333649e+03
4.305500000000000000e+03,9.045569000000000415e+01,2.027803999999999718e-01,4.899469333333332543e+03
4.315500000000000000e+03,9.045568000000000097e+01,2.026845999999999925e-01,4.922585333333333438e+03
4.325500000000000000e+03,9.045995999999999526e+01,2.026922000000000446e-01,4.945752666666667210e+03
4.335500000000000000e+03,9.044857000000000369e+01,2.025983000000000089e-01,4.968974333333333561e+03
4.345500000000000000e+03,9.045853999999999928e+01,2.024210000000000176e-01,4.992246333333333496e+03
4.355500000000000000e+03,9.045712000000000330e+01,2.023493999999999848e-01,5.015579333333333125e+03
4.365500000000000000e+03,9.045143000000000200e+01,2.023235000000000172e-01,5.038969666666665944e+03
4.375500000000000000e+03,9.045427000000000817e+01,2.023662999999999990e-01,5.062410999999999149e+03
4.385500000000000000e+03,9.044713000000000136e+01,2.026097000000000037e-01,5.085907666666666955e+03
4.395500000000000000e+03,9.045712000000000330e+01,2.022356999999999905e-01,5.109455666666666730e+03
4.405500000000000000e+03,9.044146000000000640e+01,2.025520000000000098e-01,5.133054000000000087e+03
4.415500000000000000e+03,9.044428999999999519e+01,2.022046999999999595e-01,5.156705666666666730e+03
4.425500000000000000e+03,9.043573000000000661e+01,2.026355000000000239e-01,5.180411999999999352e+03
4.435500000000000000e+03,9.043573999999998136e+01,2.023020999999999847e-01,5.204172666666666373e+03
4.445500000000000000e+03,9.043144999999999811e+01,2.019825000000000093e-01,5.227992000000000189e+03
4.455500000000000000e+03,9.043716999999999473e+01,2.021879999999999789e-01,5.251862666666666883e+03
4.465500000000000000e+03,9.043002999999998792e+01,2.023677999999999866e-01,5.275780666666665638e+03
4.475500000000000000e+03,9.043287999999998306e+01,2.022555000000000047e-01,5.299752666666666300e+03
4.485500000000000000e+03,9.043715999999999156e+01,2.023756999999999917e-01,5.323781333333334260e+03
4.495500000000000000e+03,9.043429999999999325e+01,2.021266999999999925e-01,5.347864666666666380e+03
4.505500000000000000e+03,9.044001000000000090e+01,2.021261000000000030e-01,5.372000000000000000e+03
4.515500000000000000e+03,9.043573000000000661e+01,2.023010000000000086e-01,5.396199000000000524e+03
4.525500000000000000e+03,9.043715000000000259e+01,2.021405999999999759e-01,5.420458999999999833e+03
4.535500000000000000e+03,9.044571999999999434e+01,2.021080000000000099e-01,5.444765666666667130e+03
4.545500000000000000e+03,9.044856000000001472e+01,2.022769999999999846e-01,5.469116333333333387e+03
4.555500000000000000e+03,9.044286999999999921e+01,2.020249000000000072e-01,5.493515333333332819e+03
4.565500000000000000e+03,9.044142999999999688e+01,2.017911000000000288e-01,5.517971666666666351e+03
4.575500000000000000e+03,9.045998000000000161e+01,2.022974000000000161e-01,5.542483333333333576e+03
4.585500000000000000e+03,9.045569000000000415e+01,2.019522000000000261e-01,5.567041999999999462e+03
4.595500000000000000e+03,9.044571000000000538e+01,2.016019000000000005e-01,5.591651666666665733e+03
4.605500000000000000e+03,9.044572000000000855e+01,2.017612000000000294e-01,5.616306333333333896e+03
4.615500000000000000e+03,9.045712000000000330e+01,2.017788999999999555e-01,5.641008000000000720e+03
4.625500000000000000e+03,9.046567999999999188e+01,2.017971999999999821e-01,5.665767000000001644e+03
4.635500000000000000e+03,9.045571000000001050e+01,2.018795999999999924e-01,5.690598333333334267e+03
4.645500000000000000e+03,9.044572999999999752e+01,2.019129000000000063e-01,5.715477333333334172e+03
4.655500000000000000e+03,9.045570000000000732e+01,2.017213999999999952e-01,5.740402000000000044e+03
4.665500000000000000e+03,9.044999999999998863e+01,2.018669000000000158e-01,5.765372333333334609e+03
4.675500000000000000e+03,9.045284000000000901e+01,2.018294999999999673e-01,5.790389666666667836e+03
4.685500000000000000e+03,9.044715000000000771e+01,2.016197999999999602e-01,5.815451333333333423e+03
4.695500000000000000e+03,9.045428000000001134e+01,2.019409000000000065e-01,5.840559666666666999e+03
4.705500000000000000e+03,9.045570000000000732e+01,2.016284999999999883e-01,5.865715333333332637e+03
4.715500000000000000e+03,9.044572999999999752e+01,2.014876000000000167e-01,5.890915333333333365e+03
4.725500000000000000e+03,9.044855999999998630e+01,2.016585000000000183e-01,5.916160333333333256e+03
4.735500000000000000e+03,9.044429999999999836e+01,2.015872999999999970e-01,5.941448999999998705e+03
4.745500000000000000e+03,9.044858000000000686e+01,2.017743000000000175e-01,5.966781999999999243e+03
4.755500000000000000e+03,9.044714000000000453e+01,2.017922000000000049e-01,5.992159333333333961e+03
4.765500000000000000e+03,9.042716999999998961e+01,2.016543999999999559e-01,6.017580666666666730e+03
4.775500000000000000e+03,9.044856999999998948e+01,2.018625000000000003e-01,6.043048333333333176e+03
4.785500000000000000e+03,9.044145000000000323e+01,2.019106999999999985e-01,6.068563000000000102e+03
4.795500000000000000e+03,9.044288000000000238e+01,2.016745999999999817e-01,6.094154000000000451e+03
4.805500000000000000e+03,9.044145000000000323e+01,2.017520999999999898e-01,6.119881666666666206e+03
4.815500000000000000e+03,9.044429999999999836e+01,2.014592000000000049e-01,6.145659000000000560e+03
4.825500000000000000e+03,9.044288000000000238e+01,2.014879999999999727e-01,6.171518000000000029e+03
4.835500000000000000e+03,9.043287999999999727e+01,2.015923000000000020e-01,6.197439000000000306e+03
4.845500000000000000e+03,9.043573999999998136e+01,2.012788000000000077e-01,6.223412666666667064e+03
4.855500000000000000e+03,9.042573000000000150e+01,2.016108999999999818e-01,6.249442666666665900e+03
4.865500000000000000e+03,9.042860000000000298e+01,2.016852999999999840e-01,6.275519333333334544e+03
4.875500000000000000e+03,9.042857999999998242e+01,2.015295000000000003e-01,6.301649999999999636e+03
4.885500000000000000e+03,9.043429999999999325e+01,2.013490000000000002e-01,6.327842333333333954e+03
4.895500000000000000e+03,9.043287999999999727e+01,2.014284999999999548e-01,6.354091666666667152e+03
4.905500000000000000e+03,9.043001999999998475e+01,2.014793000000000001e-01,6.380399666666667144e+03
4.915500000000000000e+03,9.042144999999999300e+01,2.011594000000000160e-01,6.406758333333333212e+03
4.925500000000000000e+03,9.042287999999999215e+01,2.012021999999999977e-01,6.433163999999998850e+03
4.935500000000000000e+03,9.041287000000001228e+01,2.012532999999999961e-01,6.459623333333333903e+03
4.945500000000000000e+03,9.040858000000000061e+01,2.013536999999999966e-01,6.486130333333333510e+03
4.955500000000000000e+03,9.041429999999999723e+01,2.013111999999999957e-01,6.512692000000000007e+03
4.965500000000000000e+03,9.039427999999999486e+01,2.010384999999999811e-01,6.539305999999999585e+03
4.975500000000000000e+03,9.040715000000000146e+01,2.009151999999999882e-01,6.565969000000000051e+03
4.985500000000000000e+03,9.040429000000000315e+01,2.009018000000000193e-01,6.592681333333332077e+03
4.995500000000000000e+03,9.039714000000000738e+01,2.010133999999999810e-01,6.619443666666666104e+03
