5.500000000000000000e+00,7.308857999999999322e+01,3.410492900000000560e+01,8.767050399999999633e-02
1.550000000000000000e+01,7.443283999999999878e+01,3.294753999999999738e+00,5.079553999999999458e-01
2.550000000000000000e+01,8.729571999999998866e+01,1.898013999999999868e+00,1.302253233333333649e+00
3.550000000000000000e+01,8.844141999999999371e+01,1.434954999999999981e+00,2.489358999999999877e+00
4.550000000000000000e+01,8.843572999999999240e+01,1.086747000000000130e+00,4.043963666666666512e+00
5.550000000000000000e+01,9.014000000000000057e+01,8.760416000000000869e-01,5.961545333333334362e+00
6.550000000000000000e+01,8.960712999999999795e+01,7.155101000000000377e-01,8.242095666666667597e+00
7.550000000000000000e+01,9.068858000000000175e+01,6.513689999999998648e-01,1.090172766666666782e+01
8.550000000000000000e+01,9.075714000000000681e+01,6.010581000000000396e-01,1.396589333333333194e+01
9.550000000000000000e+01,9.100426999999999111e+01,5.584379000000000426e-01,1.743821666666666559e+01
1.055000000000000000e+02,9.139999000000001672e+01,5.338510000000000755e-01,2.132504333333333335e+01
1.155000000000000000e+02,9.129857999999998697e+01,5.155336000000000363e-01,2.562026333333333383e+01
1.255000000000000000e+02,9.145572000000001367e+01,4.769567999999999586e-01,3.027226666666666688e+01
1.355000000000000000e+02,9.140858999999998957e+01,4.512847999999999860e-01,3.528503999999999508e+01
1.455000000000000000e+02,9.121857999999998867e+01,4.271729999999999694e-01,4.068268333333332976e+01
1.555000000000000000e+02,9.114141999999999655e+01,4.130877000000000021e-01,4.647067333333333039e+01
1.655000000000000000e+02,9.127144000000001256e+01,4.075927000000000300e-01,5.264930333333332868e+01
1.755000000000000000e+02,9.111430000000000007e+01,3.878545999999999938e-01,5.921944333333333077e+01
1.855000000000000000e+02,9.105429999999999779e+01,3.801357999999999682e-01,6.617502666666666755e+01
1.955000000000000000e+02,9.117571999999998411e+01,3.647547999999999346e-01,7.351540333333332455e+01
2.055000000000000000e+02,9.101713999999999771e+01,3.565912999999999444e-01,8.124103666666667323e+01
2.155000000000000000e+02,9.116572000000000742e+01,3.477276000000000256e-01,8.935401333333334151e+01
2.255000000000000000e+02,9.101427999999999940e+01,3.403443999999999359e-01,9.785674666666666610e+01
2.355000000000000000e+02,9.107143000000000654e+01,3.344075000000000242e-01,1.067479199999999935e+02
2.455000000000000000e+02,9.099713999999998748e+01,3.263576999999999728e-01,1.160034666666666681e+02
2.555000000000000000e+02,9.108429999999999893e+01,3.222456000000000209e-01,1.256111333333333278e+02
2.655000000000000000e+02,9.099000000000000909e+01,3.137615999999999739e-01,1.355994333333333373e+02
2.755000000000000000e+02,9.095571999999999946e+01,3.129799000000000331e-01,1.459586333333333243e+02
2.855000000000000000e+02,9.093143000000000598e+01,3.041230000000000322e-01,1.566822333333333290e+02
2.955000000000000000e+02,9.085999999999999943e+01,3.022874999999999868e-01,1.677807666666666933e+02
3.055000000000000000e+02,9.088429999999999609e+01,2.955364999999999798e-01,1.793022999999999740e+02
3.155000000000000000e+02,9.079572000000000287e+01,2.925203000000000109e-01,1.912243333333333339e+02
3.255000000000000000e+02,9.071143000000000711e+01,2.874432999999999572e-01,2.035333666666666375e+02
3.355000000000000000e+02,9.071856999999999971e+01,2.854708999999999719e-01,2.162298666666666520e+02
3.455000000000000000e+02,9.072856000000000165e+01,2.817367000000000066e-01,2.293159666666666396e+02
3.555000000000000000e+02,9.073714999999999975e+01,2.791947000000000179e-01,2.428051333333332877e+02
3.655000000000000000e+02,9.072570000000000334e+01,2.741514999999999924e-01,2.567136333333333482e+02
3.755000000000000000e+02,9.069000000000001194e+01,2.725507000000000346e-01,2.710434666666666317e+02
3.855000000000000000e+02,9.070714999999999861e+01,2.706651999999999947e-01,2.858018000000000143e+02
3.955000000000000000e+02,9.066571999999999321e+01,2.661139999999999617e-01,3.009685000000000059e+02
4.055000000000000000e+02,9.067571999999999832e+01,2.633279999999999510e-01,3.165164333333333389e+02
4.155000000000000000e+02,9.068999000000000876e+01,2.622413000000000105e-01,3.324313666666666336e+02
4.255000000000000000e+02,9.066573000000001059e+01,2.595742000000000327e-01,3.487045666666667216e+02
4.355000000000000000e+02,9.065856000000000847e+01,2.566359999999999753e-01,3.653232333333333486e+02
4.455000000000000000e+02,9.065000000000000568e+01,2.557334000000000551e-01,3.822997333333333358e+02
4.555000000000000000e+02,9.063286999999999694e+01,2.543962000000000168e-01,3.996396666666666420e+02
4.655000000000000000e+02,9.064287000000000205e+01,2.528077999999999159e-01,4.173418000000000347e+02
4.755000000000000000e+02,9.065286000000000399e+01,2.513714999999999700e-01,4.354044666666666785e+02
4.855000000000000000e+02,9.061999999999999034e+01,2.500964999999999439e-01,4.538300000000000409e+02
4.955000000000000000e+02,9.062570999999999799e+01,2.489362000000000241e-01,4.726173000000000002e+02
5.055000000000000000e+02,9.062143000000000370e+01,2.470424999999999982e-01,4.917651666666665733e+02
5.155000000000000000e+02,9.062999999999999545e+01,2.461537000000000308e-01,5.112859333333333893e+02
5.255000000000000000e+02,9.062573000000000434e+01,2.450667000000000262e-01,5.311957333333332372e+02
5.355000000000000000e+02,9.061856999999999118e+01,2.445751000000000452e-01,5.514962333333332936e+02
5.455000000000000000e+02,9.061142999999999859e+01,2.423883000000000010e-01,5.721876333333332241e+02
5.555000000000000000e+02,9.062284999999999968e+01,2.415972000000000119e-01,5.932474333333333334e+02
5.655000000000000000e+02,9.058570000000000277e+01,2.410911000000000026e-01,6.146559333333333370e+02
5.755000000000000000e+02,9.063570999999998890e+01,2.401615000000000000e-01,6.364233333333334031e+02
5.855000000000000000e+02,9.060715999999999326e+01,2.391637000000000346e-01,6.585366999999999962e+02
5.955000000000000000e+02,9.062856999999999630e+01,2.395264999999999755e-01,6.809972666666666328e+02
6.055000000000000000e+02,9.065569999999999595e+01,2.366682999999999704e-01,7.038222333333334291e+02
6.155000000000000000e+02,9.062429000000000201e+01,2.359771000000000230e-01,7.270149999999999864e+02
6.255000000000000000e+02,9.060000999999998328e+01,2.350563999999999987e-01,7.505782666666667637e+02
6.355000000000000000e+02,9.059570999999999685e+01,2.350432000000000077e-01,7.745130666666666457e+02
6.455000000000000000e+02,9.060573999999999728e+01,2.334268999999999927e-01,7.988184333333333598e+02
6.555000000000000000e+02,9.061427999999999372e+01,2.341300000000000048e-01,8.235125333333332946e+02
6.655000000000000000e+02,9.056715000000001226e+01,2.329900999999999500e-01,8.486024999999999636e+02
6.755000000000000000e+02,9.060429000000000599e+01,2.330234000000000472e-01,8.740897000000001071e+02
6.855000000000000000e+02,9.056713999999999487e+01,2.345305999999999780e-01,8.999778000000000020e+02
6.955000000000000000e+02,9.058429000000000997e+01,2.335450000000000303e-01,9.262674333333332015e+02
7.055000000000000000e+02,9.057855999999999597e+01,2.310123000000000038e-01,9.529475333333332401e+02
7.155000000000000000e+02,9.054857000000001221e+01,2.333111999999999964e-01,9.799978666666665958e+02
7.255000000000000000e+02,9.057284999999998831e+01,2.312470999999999832e-01,1.007397599999999898e+03
7.355000000000000000e+02,9.054427999999998633e+01,2.316679999999999851e-01,1.035150666666666666e+03
7.455000000000000000e+02,9.054999999999999716e+01,2.323465999999999865e-01,1.063274333333333288e+03
7.555000000000000000e+02,9.054570999999999970e+01,2.305200000000000027e-01,1.091773000000000138e+03
7.655000000000000000e+02,9.053570999999999458e+01,2.313048000000000326e-01,1.120615666666666584e+03
7.755000000000000000e+02,9.052712999999999965e+01,2.302116999999999913e-01,1.149801333333333332e+03
7.855000000000000000e+02,9.053573000000000093e+01,2.312960000000000016e-01,1.179336666666666815e+03
7.955000000000000000e+02,9.051570999999999856e+01,2.334921999999999831e-01,1.209215000000000146e+03
8.055000000000000000e+02,9.050570999999999344e+01,2.313388999999999862e-01,1.239428333333333512e+03
8.155000000000000000e+02,9.051285999999998921e+01,2.313219000000000247e-01,1.269976666666666688e+03
8.255000000000000000e+02,9.051000000000000512e+01,2.281422000000000172e-01,1.300873999999999796e+03
8.355000000000000000e+02,9.050713999999999260e+01,2.302742000000000400e-01,1.332135333333333392e+03
8.455000000000000000e+02,9.051285999999998921e+01,2.284911000000000025e-01,1.363781999999999925e+03
8.555000000000000000e+02,9.048141999999999996e+01,2.279468999999999801e-01,1.395786666666666861e+03
8.655000000000000000e+02,9.047570999999999231e+01,2.284533999999999732e-01,1.428137333333333345e+03
8.755000000000000000e+02,9.047997999999998342e+01,2.271274000000000071e-01,1.460833333333333485e+03
8.855000000000000000e+02,9.047854999999999848e+01,2.278176000000000090e-01,1.493891000000000076e+03
8.955000000000000000e+02,9.046142999999999290e+01,2.273743999999999765e-01,1.527320666666666966e+03
9.055000000000000000e+02,9.047571999999999548e+01,2.269419999999999771e-01,1.561103000000000065e+03
9.155000000000000000e+02,9.044999999999998863e+01,2.262778000000000012e-01,1.595226333333333287e+03
9.255000000000000000e+02,9.043428000000000111e+01,2.260917000000000066e-01,1.629693333333333157e+03
9.355000000000000000e+02,9.043000999999999578e+01,2.254820000000000157e-01,1.664517333333333227e+03
9.455000000000000000e+02,9.044001000000000090e+01,2.246800999999999660e-01,1.699688666666666450e+03
9.555000000000000000e+02,9.043856999999999857e+01,2.246967999999999743e-01,1.735207999999999856e+03
9.655000000000000000e+02,9.041572999999999638e+01,2.243664999999999965e-01,1.771069333333333589e+03
9.755000000000000000e+02,9.041429999999999723e+01,2.241586999999999885e-01,1.807268666666666377e+03
9.855000000000000000e+02,9.040999999999999659e+01,2.232869000000000104e-01,1.843805333333333238e+03
9.955000000000000000e+02,9.040715000000000146e+01,2.230461999999999723e-01,1.880661999999999807e+03
1.005500000000000000e+03,9.041000999999999976e+01,2.233295000000000141e-01,1.917846000000000004e+03
1.015500000000000000e+03,9.039857000000000653e+01,2.223653000000000157e-01,1.955367666666666310e+03
1.025500000000000000e+03,9.040286000000000399e+01,2.221325999999999856e-01,1.993227333333333490e+03
1.035500000000000000e+03,9.039285000000002412e+01,2.216177000000000008e-01,2.031439999999999827e+03
1.045500000000000000e+03,9.038712999999999909e+01,2.209372999999999754e-01,2.070000333333333856e+03
1.055500000000000000e+03,9.038999000000001161e+01,2.208972999999999909e-01,2.108900999999999840e+03
1.065500000000000000e+03,9.038712999999999909e+01,2.207825999999999955e-01,2.148146000000000186e+03
1.075500000000000000e+03,9.038141000000000247e+01,2.202656999999999810e-01,2.187762000000000171e+03
1.085500000000000000e+03,9.037997999999998910e+01,2.198852000000000584e-01,2.227731666666666570e+03
1.095500000000000000e+03,9.038141000000000247e+01,2.198912999999999562e-01,2.268048999999999978e+03
1.105500000000000000e+03,9.037998000000000332e+01,2.192419000000000173e-01,2.308702333333333627e+03
1.115500000000000000e+03,9.037711999999999080e+01,2.196117000000000208e-01,2.349690333333333001e+03
1.125500000000000000e+03,9.037854999999998995e+01,2.189915000000000056e-01,2.391023333333333539e+03
1.135500000000000000e+03,9.037139999999999418e+01,2.189703000000000066e-01,2.432696000000000367e+03
1.145500000000000000e+03,9.037282999999999333e+01,2.182534999999999614e-01,2.474708666666666886e+03
1.155500000000000000e+03,9.036567999999999756e+01,2.178041000000000005e-01,2.517086333333333641e+03
1.165500000000000000e+03,9.036567999999999756e+01,2.183889999999999998e-01,2.559821666666666715e+03
1.175500000000000000e+03,9.036567999999999756e+01,2.177668000000000104e-01,2.602907333333333554e+03
1.185500000000000000e+03,9.036282999999998822e+01,2.174561999999999884e-01,2.646341333333333296e+03
1.195500000000000000e+03,9.035854000000000497e+01,2.172896999999999745e-01,2.690114000000000033e+03
1.205500000000000000e+03,9.036283000000000243e+01,2.169346000000000052e-01,2.734247999999999593e+03
1.215500000000000000e+03,9.035854999999999393e+01,2.168986999999999998e-01,2.778726666666666915e+03
1.225500000000000000e+03,9.036281999999998504e+01,2.164105999999999808e-01,2.823557333333333190e+03
1.235500000000000000e+03,9.035854999999999393e+01,2.162101999999999913e-01,2.868738666666666631e+03
1.245500000000000000e+03,9.035425999999999647e+01,2.156876999999999822e-01,2.914265666666666675e+03
1.255500000000000000e+03,9.035142000000000451e+01,2.156919000000000197e-01,2.960137333333333117e+03
1.265500000000000000e+03,9.035141999999999030e+01,2.157960999999999907e-01,3.006353000000000065e+03
1.275500000000000000e+03,9.035282999999999731e+01,2.154554000000000191e-01,3.052918000000000120e+03
1.285500000000000000e+03,9.034286000000000172e+01,2.145818999999999921e-01,3.099830666666666275e+03
1.295500000000000000e+03,9.034857999999999834e+01,2.149600999999999595e-01,3.147074999999999818e+03
1.305500000000000000e+03,9.033858999999998218e+01,2.144742000000000037e-01,3.194662666666666610e+03
1.315500000000000000e+03,9.033858999999999639e+01,2.145481999999999945e-01,3.242622333333333245e+03
1.325500000000000000e+03,9.034000999999997816e+01,2.139595999999999998e-01,3.290918666666666013e+03
1.335500000000000000e+03,9.033143999999998641e+01,2.141875999999999780e-01,3.339567000000000007e+03
1.345500000000000000e+03,9.031287000000000376e+01,2.139502000000000348e-01,3.388586000000000240e+03
1.355500000000000000e+03,9.032001999999999953e+01,2.136013999999999968e-01,3.437985333333333074e+03
1.365500000000000000e+03,9.032144999999999868e+01,2.137871000000000077e-01,3.487752000000000407e+03
1.375500000000000000e+03,9.031715999999998701e+01,2.130862000000000034e-01,3.537864666666666835e+03
1.385500000000000000e+03,9.031573000000000206e+01,2.130643999999999871e-01,3.588326000000000022e+03
1.395500000000000000e+03,9.030571999999999377e+01,2.128785999999999734e-01,3.639149333333333288e+03
1.405500000000000000e+03,9.030857999999997787e+01,2.128684999999999883e-01,3.690344999999999800e+03
1.415500000000000000e+03,9.030858000000000629e+01,2.124871000000000121e-01,3.741909999999999854e+03
1.425500000000000000e+03,9.030429000000000883e+01,2.123139999999999750e-01,3.793832333333333281e+03
1.435500000000000000e+03,9.029856999999999800e+01,2.126411999999999747e-01,3.846117999999999483e+03
1.445500000000000000e+03,9.030715000000000714e+01,2.126845000000000263e-01,3.898808333333333394e+03
1.455500000000000000e+03,9.030286000000000968e+01,2.120995999999999992e-01,3.951830333333332874e+03
1.465500000000000000e+03,9.030429000000000883e+01,2.119906000000000290e-01,4.005171666666667534e+03
1.475500000000000000e+03,9.029428000000000054e+01,2.117638000000000298e-01,4.058849999999999909e+03
1.485500000000000000e+03,9.029285000000001560e+01,2.115775999999999768e-01,4.112891999999999825e+03
1.495500000000000000e+03,9.029142000000000223e+01,2.114022000000000401e-01,4.167313000000000102e+03
1.505500000000000000e+03,9.027569000000001154e+01,2.113230000000000108e-01,4.222106333333334078e+03
1.515500000000000000e+03,9.026856000000000790e+01,2.114399999999999891e-01,4.277283333333333758e+03
1.525500000000000000e+03,9.027712999999999965e+01,2.115646999999999944e-01,4.332865333333333183e+03
1.535500000000000000e+03,9.027572000000000685e+01,2.109643999999999964e-01,4.388847333333333154e+03
1.545500000000000000e+03,9.026712000000000558e+01,2.116190999999999767e-01,4.445230000000000473e+03
1.555500000000000000e+03,9.025714000000000681e+01,2.107091999999999854e-01,4.502022666666667646e+03
1.565500000000000000e+03,9.025001000000000317e+01,2.110099000000000002e-01,4.559185000000000400e+03
1.575500000000000000e+03,9.024714000000001590e+01,2.114068999999999809e-01,4.616710666666665929e+03
1.585500000000000000e+03,9.023999999999999488e+01,2.110885000000000122e-01,4.674592333333332135e+03
1.595500000000000000e+03,9.024715000000000487e+01,2.101993000000000333e-01,4.732806333333332987e+03
1.605500000000000000e+03,9.024142999999999404e+01,2.115479000000000109e-01,4.791352333333333263e+03
1.615500000000000000e+03,9.023144999999999527e+01,2.109728000000000159e-01,4.850225999999999658e+03
1.625500000000000000e+03,9.023573000000000377e+01,2.101888999999999841e-01,4.909433666666666795e+03
1.635500000000000000e+03,9.023286999999999125e+01,2.103050999999999671e-01,4.968980333333332965e+03
1.645500000000000000e+03,9.022860000000000014e+01,2.104782000000000042e-01,5.028885999999999513e+03
1.655500000000000000e+03,9.023144999999999527e+01,2.105838000000000432e-01,5.089166333333333569e+03
1.665500000000000000e+03,9.022715999999999781e+01,2.104639000000000093e-01,5.149812333333333299e+03
1.675500000000000000e+03,9.022715000000000884e+01,2.102584999999999871e-01,5.210818666666666104e+03
1.685500000000000000e+03,9.022144000000000119e+01,2.101521000000000083e-01,5.272192333333332499e+03
1.695500000000000000e+03,9.021715999999999269e+01,2.102480999999999933e-01,5.333928333333333285e+03
1.705500000000000000e+03,9.022144999999999015e+01,2.097856999999999916e-01,5.396015999999999622e+03
1.715500000000000000e+03,9.021429999999999438e+01,2.098123000000000071e-01,5.458453999999999724e+03
1.725500000000000000e+03,9.021572999999997933e+01,2.100639999999999730e-01,5.521235666666666475e+03
1.735500000000000000e+03,9.022144999999999015e+01,2.101514000000000437e-01,5.584371333333333496e+03
1.745500000000000000e+03,9.021572999999997933e+01,2.098920999999999704e-01,5.647848666666666759e+03
1.755500000000000000e+03,9.021715999999999269e+01,2.104088000000000069e-01,5.711646999999999935e+03
1.765500000000000000e+03,9.021858999999999185e+01,2.093253000000000197e-01,5.775770666666667239e+03
1.775500000000000000e+03,9.021858999999999185e+01,2.104737999999999887e-01,5.840240999999999985e+03
1.785500000000000000e+03,9.021429999999999438e+01,2.099856999999999974e-01,5.905060666666666293e+03
1.795500000000000000e+03,9.021429999999999438e+01,2.094774999999999832e-01,5.970233666666666977e+03
1.805500000000000000e+03,9.021429999999999438e+01,2.096471000000000307e-01,6.035765333333332819e+03
1.815500000000000000e+03,9.021429999999999438e+01,2.091302000000000161e-01,6.101654666666667254e+03
1.825500000000000000e+03,9.021572999999999354e+01,2.095275000000000054e-01,6.167939999999999600e+03
1.835500000000000000e+03,9.021429999999999438e+01,2.094166000000000083e-01,6.234629999999999200e+03
1.845500000000000000e+03,9.021429999999999438e+01,2.085262999999999978e-01,6.301714666666665835e+03
1.855500000000000000e+03,9.021429999999999438e+01,2.095721999999999863e-01,6.369175666666666075e+03
1.865500000000000000e+03,9.021429999999999438e+01,2.091651999999999956e-01,6.437009333333333416e+03
1.875500000000000000e+03,9.021429999999999438e+01,2.088172999999999835e-01,6.505227666666666664e+03
1.885500000000000000e+03,9.021429999999999438e+01,2.090260000000000173e-01,6.573829999999999927e+03
1.895500000000000000e+03,9.021429999999999438e+01,2.092348999999999459e-01,6.642817999999999302e+03
1.905500000000000000e+03,9.021429999999999438e+01,2.087089999999999779e-01,6.712185666666666293e+03
1.915500000000000000e+03,9.021429999999999438e+01,2.083834999999999715e-01,6.781920333333333474e+03
1.925500000000000000e+03,9.021429999999999438e+01,2.077811999999999715e-01,6.852019333333334544e+03
1.935500000000000000e+03,9.021429999999999438e+01,2.079956999999999778e-01,6.922488999999999578e+03
1.945500000000000000e+03,9.021429999999999438e+01,2.085834000000000299e-01,6.993335999999998421e+03
1.955500000000000000e+03,9.021429999999999438e+01,2.089133999999999713e-01,7.064561999999999898e+03
1.965500000000000000e+03,9.021429999999999438e+01,2.082153999999999949e-01,7.136162666666667974e+03
1.975500000000000000e+03,9.021429999999999438e+01,2.080266000000000060e-01,7.208131333333332805e+03
1.985500000000000000e+03,9.021429999999999438e+01,2.075650999999999746e-01,7.280476666666666461e+03
1.995500000000000000e+03,9.021429999999999438e+01,2.076304999999999956e-01,7.353194666666668127e+03
2.005500000000000000e+03,9.021429999999999438e+01,2.067658000000000273e-01,7.426289333333334071e+03
2.015500000000000000e+03,9.021429999999999438e+01,2.075484999999999969e-01,7.499762999999999010e+03
2.025500000000000000e+03,9.021429999999999438e+01,2.074987000000000081e-01,7.573616333333333387e+03
2.035500000000000000e+03,9.021429999999999438e+01,2.065742000000000134e-01,7.647822999999998501e+03
2.045500000000000000e+03,9.021429999999999438e+01,2.068775999999999671e-01,7.722389000000000124e+03
2.055500000000000000e+03,9.021429999999999438e+01,2.068382000000000276e-01,7.797300666666666984e+03
2.065500000000000000e+03,9.021429999999999438e+01,2.069157999999999831e-01,7.872557333333335009e+03
2.075500000000000000e+03,9.021429999999999438e+01,2.062806999999999835e-01,7.948159666666666453e+03
2.085500000000000000e+03,9.021429999999999438e+01,2.065393999999999841e-01,8.024097999999999956e+03
2.095500000000000000e+03,9.021429999999999438e+01,2.064900999999999820e-01,8.100364666666666380e+03
2.105500000000000000e+03,9.021429999999999438e+01,2.065504999999999980e-01,8.176954333333332215e+03
2.115500000000000000e+03,9.021429999999999438e+01,2.062548999999999633e-01,8.253859999999998763e+03
2.125500000000000000e+03,9.021429999999999438e+01,2.057675000000000198e-01,8.331080666666666730e+03
2.135500000000000000e+03,9.021429999999999438e+01,2.059809999999999697e-01,8.408617333333333590e+03
2.145500000000000000e+03,9.021429999999999438e+01,2.058800999999999826e-01,8.486469333333334362e+03
2.155500000000000000e+03,9.021286999999999523e+01,2.060594999999999788e-01,8.564646666666667443e+03
2.165500000000000000e+03,9.021429999999999438e+01,2.060725000000000195e-01,8.643160666666666657e+03
2.175500000000000000e+03,9.021429999999999438e+01,2.058420999999999723e-01,8.722014666666667836e+03
2.185500000000000000e+03,9.021429999999999438e+01,2.057457000000000313e-01,8.801207000000000335e+03
2.195500000000000000e+03,9.021429999999999438e+01,2.057687999999999739e-01,8.880721999999997934e+03
2.205500000000000000e+03,9.021144000000001029e+01,2.057548999999999906e-01,8.960556333333333896e+03
2.215500000000000000e+03,9.021286999999999523e+01,2.057826000000000377e-01,9.040714666666666744e+03
2.225500000000000000e+03,9.021429999999999438e+01,2.057319999999999705e-01,9.121215666666666948e+03
2.235500000000000000e+03,9.021429999999999438e+01,2.057201000000000168e-01,9.202058666666667705e+03
2.245500000000000000e+03,9.021143999999999608e+01,2.052428000000000030e-01,9.283235666666665566e+03
2.255500000000000000e+03,9.021429999999999438e+01,2.058336999999999806e-01,9.364738000000001193e+03
2.265500000000000000e+03,9.021143999999999608e+01,2.052774000000000265e-01,9.446583000000000538e+03
2.275500000000000000e+03,9.021286999999999523e+01,2.054623999999999895e-01,9.528788666666667268e+03
2.285500000000000000e+03,9.021000999999999692e+01,2.055944999999999856e-01,9.611350333333333765e+03
2.295500000000000000e+03,9.020857999999999777e+01,2.053848999999999536e-01,9.694254999999999200e+03
2.305500000000000000e+03,9.021286999999999523e+01,2.048083999999999738e-01,9.777516333333333023e+03
2.315500000000000000e+03,9.021000999999998271e+01,2.053386000000000100e-01,9.861153999999998632e+03
2.325500000000000000e+03,9.020714999999999861e+01,2.052875000000000116e-01,9.945179666666666890e+03
2.335500000000000000e+03,9.020857999999999777e+01,2.051476999999999884e-01,1.002957466666666733e+04
2.345500000000000000e+03,9.020857999999999777e+01,2.051463000000000036e-01,1.011436099999999897e+04
2.355500000000000000e+03,9.020143000000000200e+01,2.049135000000000262e-01,1.019952000000000044e+04
2.365500000000000000e+03,9.020714999999999861e+01,2.050193999999999905e-01,1.028504333333333307e+04
2.375500000000000000e+03,9.020429000000001452e+01,2.049905000000000199e-01,1.037090333333333183e+04
2.385500000000000000e+03,9.020286000000001536e+01,2.048191999999999791e-01,1.045711999999999898e+04
2.395500000000000000e+03,9.020000000000001705e+01,2.046435999999999811e-01,1.054369666666666672e+04
2.405500000000000000e+03,9.020428999999998609e+01,2.046890000000000376e-01,1.063066666666666788e+04
2.415500000000000000e+03,9.020000000000001705e+01,2.047331000000000290e-01,1.071799333333333379e+04
2.425500000000000000e+03,9.020000000000001705e+01,2.047945999999999933e-01,1.080564999999999782e+04
2.435500000000000000e+03,9.019857000000001790e+01,2.044157000000000335e-01,1.089366333333333387e+04
2.445500000000000000e+03,9.020000000000001705e+01,2.040734000000000159e-01,1.098201000000000022e+04
2.455500000000000000e+03,9.020000000000001705e+01,2.043985000000000107e-01,1.107072333333333336e+04
2.465500000000000000e+03,9.020143000000000200e+01,2.043203000000000102e-01,1.115979999999999927e+04
2.475500000000000000e+03,9.019857000000001790e+01,2.041966000000000059e-01,1.124920000000000073e+04
2.485500000000000000e+03,9.020143000000000200e+01,2.042027000000000148e-01,1.133897333333333336e+04
2.495500000000000000e+03,9.019857000000000369e+01,2.041015000000000190e-01,1.142907333333333372e+04
2.505500000000000000e+03,9.019857000000001790e+01,2.040007999999999821e-01,1.151948999999999978e+04
2.515500000000000000e+03,9.019714000000001874e+01,2.041788999999999965e-01,1.161027000000000044e+04
2.525500000000000000e+03,9.019428000000000623e+01,2.042096999999999940e-01,1.170139666666666744e+04
2.535500000000000000e+03,9.019428000000000623e+01,2.040471999999999841e-01,1.179288666666666904e+04
2.545500000000000000e+03,9.019571000000000538e+01,2.039445999999999759e-01,1.188475999999999840e+04
2.555500000000000000e+03,9.019284999999999286e+01,2.041846999999999690e-01,1.197701999999999862e+04
2.565500000000000000e+03,9.019428000000000623e+01,2.042107000000000228e-01,1.206963666666666722e+04
2.575500000000000000e+03,9.019142000000000792e+01,2.043290000000000384e-01,1.216260666666666839e+04
2.585500000000000000e+03,9.019571000000000538e+01,2.037258000000000124e-01,1.225594333333333270e+04
2.595500000000000000e+03,9.019141999999999371e+01,2.037878000000000189e-01,1.234962333333333299e+04
2.605500000000000000e+03,9.019428000000000623e+01,2.037633000000000083e-01,1.244366333333333387e+04
2.615500000000000000e+03,9.019284999999999286e+01,2.034025999999999890e-01,1.253807999999999811e+04
2.625500000000000000e+03,9.019142000000000792e+01,2.033928999999999598e-01,1.263287000000000080e+04
2.635500000000000000e+03,9.019142000000000792e+01,2.034386999999999723e-01,1.272804333333333307e+04
2.645500000000000000e+03,9.018998999999999455e+01,2.034747000000000361e-01,1.282360666666666657e+04
2.655500000000000000e+03,9.019284999999999286e+01,2.034626000000000212e-01,1.291953666666666686e+04
2.665500000000000000e+03,9.018856000000000961e+01,2.033097999999999850e-01,1.301582999999999993e+04
2.675500000000000000e+03,9.018998999999999455e+01,2.031576000000000215e-01,1.311248666666666395e+04
2.685500000000000000e+03,9.018998999999999455e+01,2.032702000000000120e-01,1.320951666666666642e+04
2.695500000000000000e+03,9.018712999999999624e+01,2.030158999999999714e-01,1.330693999999999869e+04
2.705500000000000000e+03,9.018569999999999709e+01,2.031778000000000195e-01,1.340472666666666919e+04
2.715500000000000000e+03,9.018856000000000961e+01,2.031282000000000088e-01,1.350289333333333161e+04
2.725500000000000000e+03,9.018998999999999455e+01,2.031900999999999846e-01,1.360144666666666672e+04
2.735500000000000000e+03,9.018569999999999709e+01,2.032547000000000104e-01,1.370038666666666722e+04
2.745500000000000000e+03,9.018283999999998457e+01,2.030851999999999935e-01,1.379972999999999956e+04
2.755500000000000000e+03,9.018426999999999794e+01,2.033923000000000259e-01,1.389948666666666759e+04
2.765500000000000000e+03,9.018712999999999624e+01,2.034915000000000196e-01,1.399961333333333278e+04
2.775500000000000000e+03,9.017998000000000047e+01,2.034699999999999842e-01,1.410008333333333394e+04
2.785500000000000000e+03,9.018426999999999794e+01,2.037112000000000089e-01,1.420087666666666701e+04
2.795500000000000000e+03,9.017855000000000132e+01,2.034176000000000040e-01,1.430203666666666322e+04
2.805500000000000000e+03,9.018426999999999794e+01,2.026996000000000075e-01,1.440355333333333328e+04
2.815500000000000000e+03,9.017426000000000386e+01,2.032785000000000009e-01,1.450546000000000095e+04
2.825500000000000000e+03,9.017855000000000132e+01,2.032536999999999539e-01,1.460777333333333445e+04
2.835500000000000000e+03,9.017855000000000132e+01,2.033233000000000124e-01,1.471047000000000116e+04
2.845500000000000000e+03,9.017855000000000132e+01,2.030542000000000180e-01,1.481353999999999905e+04
2.855500000000000000e+03,9.017855000000000132e+01,2.023054000000000241e-01,1.491698666666666759e+04
2.865500000000000000e+03,9.018140999999999963e+01,2.030926000000000120e-01,1.502079333333333125e+04
2.875500000000000000e+03,9.017569000000000301e+01,2.026926000000000005e-01,1.512496333333333678e+04
2.885500000000000000e+03,9.016997000000000639e+01,2.028938000000000130e-01,1.522951333333333241e+04
2.895500000000000000e+03,9.017569000000000301e+01,2.031704000000000010e-01,1.533441666666666606e+04
2.905500000000000000e+03,9.017140000000000555e+01,2.028430999999999984e-01,1.543968999999999869e+04
2.915500000000000000e+03,9.017855000000000132e+01,2.025132999999999794e-01,1.554532666666666591e+04
2.925500000000000000e+03,9.017139999999999134e+01,2.026551000000000047e-01,1.565134333333333234e+04
2.935500000000000000e+03,9.017426000000000386e+01,2.026429999999999898e-01,1.575776999999999862e+04
2.945500000000000000e+03,9.016281999999999641e+01,2.025609999999999911e-01,1.586459333333333416e+04
2.955500000000000000e+03,9.016711000000000809e+01,2.022918000000000216e-01,1.597179666666666526e+04
2.965500000000000000e+03,9.016997000000000639e+01,2.024754999999999749e-01,1.607937333333333299e+04
2.975500000000000000e+03,9.016425000000000978e+01,2.025469000000000297e-01,1.618729999999999927e+04
2.985500000000000000e+03,9.016282000000001062e+01,2.025317999999999841e-01,1.629559000000000196e+04
2.995500000000000000e+03,9.016711000000000809e+01,2.027394000000000140e-01,1.640423666666666759e+04
3.005500000000000000e+03,9.015852999999999895e+01,2.024613000000000385e-01,1.651324333333333198e+04
3.015500000000000000e+03,9.016139000000001147e+01,2.023033999999999943e-01,1.662259999999999854e+04
3.025500000000000000e+03,9.016281999999999641e+01,2.023408999999999902e-01,1.673230999999999767e+04
3.035500000000000000e+03,9.015995999999999810e+01,2.023120999999999670e-01,1.684235999999999694e+04
3.045500000000000000e+03,9.016139000000001147e+01,2.021567000000000225e-01,1.695279000000000087e+04
3.055500000000000000e+03,9.015995999999999810e+01,2.025395999999999863e-01,1.706357333333333008e+04
3.065500000000000000e+03,9.015709999999999980e+01,2.021413999999999989e-01,1.717473333333333358e+04
3.075500000000000000e+03,9.015709999999999980e+01,2.019359000000000015e-01,1.728632333333333008e+04
3.085500000000000000e+03,9.015709999999999980e+01,2.018879999999999841e-01,1.739827666666666482e+04
3.095500000000000000e+03,9.015852999999999895e+01,2.020554000000000239e-01,1.751060333333333256e+04
3.105500000000000000e+03,9.015852999999999895e+01,2.018690000000000206e-01,1.762333333333333212e+04
3.115500000000000000e+03,9.015709999999999980e+01,2.021080000000000099e-01,1.773643333333333067e+04
3.125500000000000000e+03,9.015852999999999895e+01,2.014581000000000288e-01,1.784991666666666788e+04
3.135500000000000000e+03,9.015852999999999895e+01,2.022715999999999958e-01,1.796375000000000000e+04
3.145500000000000000e+03,9.015709999999999980e+01,2.019567999999999919e-01,1.807797000000000116e+04
3.155500000000000000e+03,9.015709999999999980e+01,2.014832999999999763e-01,1.819251666666666279e+04
3.165500000000000000e+03,9.015709999999999980e+01,2.018053000000000208e-01,1.830742000000000189e+04
3.175500000000000000e+03,9.015709999999999980e+01,2.020678999999999947e-01,1.842266333333333387e+04
3.185500000000000000e+03,9.015852999999999895e+01,2.018354999999999733e-01,1.853826999999999680e+04
3.195500000000000000e+03,9.015709999999999980e+01,2.016538999999999970e-01,1.865420999999999913e+04
3.205500000000000000e+03,9.015709999999999980e+01,2.015845999999999749e-01,1.877050333333333401e+04
3.215500000000000000e+03,9.015709999999999980e+01,2.019964999999999955e-01,1.888715000000000146e+04
3.225500000000000000e+03,9.015709999999999980e+01,2.017046000000000117e-01,1.900414999999999782e+04
3.235500000000000000e+03,9.015709999999999980e+01,2.016585000000000183e-01,1.912149666666666599e+04
3.245500000000000000e+03,9.015709999999999980e+01,2.015737000000000223e-01,1.923921666666666715e+04
3.255500000000000000e+03,9.015709999999999980e+01,2.017939000000000260e-01,1.935726666666666642e+04
3.265500000000000000e+03,9.015709999999999980e+01,2.017402000000000084e-01,1.947565999999999985e+04
3.275500000000000000e+03,9.015709999999999980e+01,2.016534000000000104e-01,1.959440666666666584e+04
3.285500000000000000e+03,9.015709999999999980e+01,2.013057000000000318e-01,1.971351333333333605e+04
3.295500000000000000e+03,9.015709999999999980e+01,2.011632999999999893e-01,1.983296666666666715e+04
3.305500000000000000e+03,9.015709999999999980e+01,2.010069999999999912e-01,1.995276666666666642e+04
3.315500000000000000e+03,9.015709999999999980e+01,2.016634999999999955e-01,2.007289666666666744e+04
3.325500000000000000e+03,9.015709999999999980e+01,2.016075000000000228e-01,2.019337000000000262e+04
3.335500000000000000e+03,9.015709999999999980e+01,2.013623999999999969e-01,2.031418999999999869e+04
3.345500000000000000e+03,9.015709999999999980e+01,2.012865000000000071e-01,2.043529333333333125e+04
3.355500000000000000e+03,9.015709999999999980e+01,2.014953999999999912e-01,2.055674000000000160e+04
3.365500000000000000e+03,9.015709999999999980e+01,2.010961999999999750e-01,2.067851666666666642e+04
3.375500000000000000e+03,9.015709999999999980e+01,2.011457000000000106e-01,2.080061333333333459e+04
3.385500000000000000e+03,9.015709999999999980e+01,2.011703000000000241e-01,2.092301999999999680e+04
3.395500000000000000e+03,9.015709999999999980e+01,2.012011000000000216e-01,2.104577333333333809e+04
3.405500000000000000e+03,9.015709999999999980e+01,2.009885999999999895e-01,2.116886333333333459e+04
3.415500000000000000e+03,9.015709999999999980e+01,2.008933999999999997e-01,2.129229999999999927e+04
3.425500000000000000e+03,9.015709999999999980e+01,2.012362999999999791e-01,2.141604333333333489e+04
3.435500000000000000e+03,9.015709999999999980e+01,2.010698000000000207e-01,2.154011000000000058e+04
3.445500000000000000e+03,9.015709999999999980e+01,2.011626999999999721e-01,2.166451333333333605e+04
3.455500000000000000e+03,9.015709999999999980e+01,2.007962999999999831e-01,2.178925333333333401e+04
3.465500000000000000e+03,9.015709999999999980e+01,2.006999999999999618e-01,2.191429666666666890e+04
3.475500000000000000e+03,9.015709999999999980e+01,2.009069000000000271e-01,2.203965333333333183e+04
3.485500000000000000e+03,9.015709999999999980e+01,2.009914000000000145e-01,2.216536999999999534e+04
3.495500000000000000e+03,9.015709999999999980e+01,2.005126000000000130e-01,2.229138666666666541e+04
3.505500000000000000e+03,9.015709999999999980e+01,2.006088999999999789e-01,2.241771666666666715e+04
3.515500000000000000e+03,9.015709999999999980e+01,2.008700000000000208e-01,2.254440999999999985e+04
3.525500000000000000e+03,9.015709999999999980e+01,2.006149999999999878e-01,2.267141666666666424e+04
3.535500000000000000e+03,9.015709999999999980e+01,2.006746999999999836e-01,2.279878666666666686e+04
3.545500000000000000e+03,9.015709999999999980e+01,2.006960999999999884e-01,2.292649000000000160e+04
3.555500000000000000e+03,9.015709999999999980e+01,2.004391000000000089e-01,2.305451999999999680e+04
3.565500000000000000e+03,9.015709999999999980e+01,2.004452999999999929e-01,2.318287000000000262e+04
3.575500000000000000e+03,9.015709999999999980e+01,2.004111000000000087e-01,2.331153666666666686e+04
3.585500000000000000e+03,9.015709999999999980e+01,2.004443000000000197e-01,2.344053333333333285e+04
3.595500000000000000e+03,9.015709999999999980e+01,2.005123999999999795e-01,2.356986000000000058e+04
3.605500000000000000e+03,9.015709999999999980e+01,2.001991999999999938e-01,2.369950999999999840e+04
3.615500000000000000e+03,9.015709999999999980e+01,2.003851000000000104e-01,2.382948000000000320e+04
3.625500000000000000e+03,9.015709999999999980e+01,2.001894999999999647e-01,2.395977666666666482e+04
3.635500000000000000e+03,9.015709999999999980e+01,2.004994999999999972e-01,2.409039999999999782e+04
3.645500000000000000e+03,9.015709999999999980e+01,2.003671000000000202e-01,2.422134333333333416e+04
3.655500000000000000e+03,9.015709999999999980e+01,2.002946999999999922e-01,2.435261666666666497e+04
3.665500000000000000e+03,9.015709999999999980e+01,2.005422000000000315e-01,2.448420999999999913e+04
3.675500000000000000e+03,9.015709999999999980e+01,2.005267000000000022e-01,2.461616666666666424e+04
3.685500000000000000e+03,9.015709999999999980e+01,2.003346000000000016e-01,2.474847666666666555e+04
3.695500000000000000e+03,9.015709999999999980e+01,2.004431999999999880e-01,2.488111666666666861e+04
3.705500000000000000e+03,9.015709999999999980e+01,2.002122000000000068e-01,2.501410333333333256e+04
3.715500000000000000e+03,9.015709999999999980e+01,2.003796999999999939e-01,2.514745333333333110e+04
3.725500000000000000e+03,9.015709999999999980e+01,2.001995999999999776e-01,2.528109333333333052e+04
3.735500000000000000e+03,9.015709999999999980e+01,2.003120999999999652e-01,2.541510333333333256e+04
3.745500000000000000e+03,9.015709999999999980e+01,2.005342000000000235e-01,2.554943999999999505e+04
3.755500000000000000e+03,9.015709999999999980e+01,2.004183000000000214e-01,2.568411333333333459e+04
3.765500000000000000e+03,9.015709999999999980e+01,1.999684999999999935e-01,2.581911000000000058e+04
3.775500000000000000e+03,9.015709999999999980e+01,2.001653000000000182e-01,2.595444000000000233e+04
3.785500000000000000e+03,9.015709999999999980e+01,2.000940999999999692e-01,2.609013666666666904e+04
3.795500000000000000e+03,9.015709999999999980e+01,1.997138999999999998e-01,2.622615000000000146e+04
3.805500000000000000e+03,9.015709999999999980e+01,1.997118999999999978e-01,2.636250333333333401e+04
3.815500000000000000e+03,9.015709999999999980e+01,2.000118000000000174e-01,2.649917666666666628e+04
3.825500000000000000e+03,9.015709999999999980e+01,2.000091999999999981e-01,2.663618333333333067e+04
3.835500000000000000e+03,9.015709999999999980e+01,2.001573000000000102e-01,2.677352666666666482e+04
3.845500000000000000e+03,9.015709999999999980e+01,2.001402999999999932e-01,2.691120000000000073e+04
3.855500000000000000e+03,9.015709999999999980e+01,2.001021999999999801e-01,2.704918666666666468e+04
3.865500000000000000e+03,9.015709999999999980e+01,2.001373000000000180e-01,2.718752666666666482e+04
3.875500000000000000e+03,9.015709999999999980e+01,2.000582999999999667e-01,2.732620000000000073e+04
3.885500000000000000e+03,9.015709999999999980e+01,1.998897000000000035e-01,2.746523333333333721e+04
3.895500000000000000e+03,9.015709999999999980e+01,1.998753999999999809e-01,2.760464666666666744e+04
3.905500000000000000e+03,9.015709999999999980e+01,1.997909000000000213e-01,2.774440333333333183e+04
3.915500000000000000e+03,9.015709999999999980e+01,1.999185000000000267e-01,2.788453999999999724e+04
3.925500000000000000e+03,9.015709999999999980e+01,2.000114000000000058e-01,2.802500999999999840e+04
3.935500000000000000e+03,9.015709999999999980e+01,1.993964999999999765e-01,2.816584000000000378e+04
3.945500000000000000e+03,9.015709999999999980e+01,1.998759000000000230e-01,2.830701333333332877e+04
3.955500000000000000e+03,9.015709999999999980e+01,1.999801999999999969e-01,2.844855666666666366e+04
3.965500000000000000e+03,9.015709999999999980e+01,2.001110999999999862e-01,2.859045000000000437e+04
3.975500000000000000e+03,9.015709999999999980e+01,2.001151000000000180e-01,2.873267333333333227e+04
3.985500000000000000e+03,9.015709999999999980e+01,1.998245000000000160e-01,2.887529666666666162e+04
3.995500000000000000e+03,9.015709999999999980e+01,1.994895000000000418e-01,2.901831666666666206e+04
4.005500000000000000e+03,9.015709999999999980e+01,1.996619000000000033e-01,2.916176000000000204e+04
4.015500000000000000e+03,9.015709999999999980e+01,1.998209999999999709e-01,2.930558333333333212e+04
4.025500000000000000e+03,9.015709999999999980e+01,1.998666000000000054e-01,2.944977999999999884e+04
4.035500000000000000e+03,9.015709999999999980e+01,1.997903000000000318e-01,2.959431333333333532e+04
4.045500000000000000e+03,9.015709999999999980e+01,1.998882000000000159e-01,2.973920333333333110e+04
4.055500000000000000e+03,9.015709999999999980e+01,1.998291000000000095e-01,2.988444000000000233e+04
4.065500000000000000e+03,9.015709999999999980e+01,1.996377000000000013e-01,3.003000999999999840e+04
4.075500000000000000e+03,9.015709999999999980e+01,1.997855999999999799e-01,3.017593000000000029e+04
4.085500000000000000e+03,9.015709999999999980e+01,1.998220999999999747e-01,3.032223333333333721e+04
4.095500000000000000e+03,9.015709999999999980e+01,1.999192000000000191e-01,3.046886333333333459e+04
4.105500000000000000e+03,9.015709999999999980e+01,1.999529999999999919e-01,3.061585666666666657e+04
4.115500000000000000e+03,9.015709999999999980e+01,1.992300999999999933e-01,3.076319333333332906e+04
4.125500000000000000e+03,9.015709999999999980e+01,1.996943999999999941e-01,3.091089666666666744e+04
4.135500000000000000e+03,9.015709999999999980e+01,1.993957000000000090e-01,3.105897666666666555e+04
4.145500000000000000e+03,9.015709999999999980e+01,1.998459999999999959e-01,3.120741666666666424e+04
4.155500000000000000e+03,9.015709999999999980e+01,1.997509999999999841e-01,3.135624333333332834e+04
4.165500000000000000e+03,9.015709999999999980e+01,1.998402000000000234e-01,3.150544333333333634e+04
4.175500000000000000e+03,9.015709999999999980e+01,1.996477999999999864e-01,3.165500666666666439e+04
4.185500000000000000e+03,9.015709999999999980e+01,1.994379000000000013e-01,3.180495000000000073e+04
4.195500000000000000e+03,9.015709999999999980e+01,1.993000999999999800e-01,3.195527999999999884e+04
4.205500000000000000e+03,9.015709999999999980e+01,1.992817000000000061e-01,3.210596666666666351e+04
4.215500000000000000e+03,9.015709999999999980e+01,1.994698999999999778e-01,3.225704000000000087e+04
4.225500000000000000e+03,9.015709999999999980e+01,1.995902999999999983e-01,3.240848333333332994e+04
4.235500000000000000e+03,9.015709999999999980e+01,1.994762999999999953e-01,3.256031666666666933e+04
4.245500000000000000e+03,9.015709999999999980e+01,1.995252999999999888e-01,3.271252666666667210e+04
4.255500000000000000e+03,9.015709999999999980e+01,1.995395000000000085e-01,3.286511000000000058e+04
4.265500000000000000e+03,9.015709999999999980e+01,1.993629999999999847e-01,3.301804000000000087e+04
4.275500000000000000e+03,9.015709999999999980e+01,1.991921999999999859e-01,3.317134333333333780e+04
4.285500000000000000e+03,9.015709999999999980e+01,1.994073000000000095e-01,3.332498999999999796e+04
4.295500000000000000e+03,9.015709999999999980e+01,1.993491999999999764e-01,3.347897000000000844e+04
4.305500000000000000e+03,9.015709999999999980e+01,1.994763999999999982e-01,3.363331333333333168e+04
4.315500000000000000e+03,9.015709999999999980e+01,1.989449000000000078e-01,3.378804333333333489e+04
4.325500000000000000e+03,9.015709999999999980e+01,1.993712999999999735e-01,3.394315000000000146e+04
4.335500000000000000e+03,9.015709999999999980e+01,1.991235999999999839e-01,3.409859666666666453e+04
4.345500000000000000e+03,9.015709999999999980e+01,1.989727000000000023e-01,3.425444666666667035e+04
4.355500000000000000e+03,9.015709999999999980e+01,1.989350999999999758e-01,3.441066999999999825e+04
4.365500000000000000e+03,9.015709999999999980e+01,1.989985999999999977e-01,3.456726000000000931e+04
4.375500000000000000e+03,9.015709999999999980e+01,1.990057000000000076e-01,3.472421000000000640e+04
4.385500000000000000e+03,9.015709999999999980e+01,1.991026000000000185e-01,3.488155333333333692e+04
4.395500000000000000e+03,9.015709999999999980e+01,1.991030000000000022e-01,3.503924666666665871e+04
4.405500000000000000e+03,9.015709999999999980e+01,1.989754000000000245e-01,3.519732666666666773e+04
4.415500000000000000e+03,9.015709999999999980e+01,1.990175000000000138e-01,3.535577666666666482e+04
4.425500000000000000e+03,9.015709999999999980e+01,1.989892999999999801e-01,3.551458333333333576e+04
4.435500000000000000e+03,9.015709999999999980e+01,1.989283000000000023e-01,3.567380000000000291e+04
4.445500000000000000e+03,9.015709999999999980e+01,1.988568000000000002e-01,3.583334666666666453e+04
4.455500000000000000e+03,9.015709999999999980e+01,1.990014000000000505e-01,3.599324333333333198e+04
4.465500000000000000e+03,9.015709999999999980e+01,1.989110000000000045e-01,3.615347999999999593e+04
4.475500000000000000e+03,9.015709999999999980e+01,1.988991000000000231e-01,3.631408333333332848e+04
4.485500000000000000e+03,9.015709999999999980e+01,1.988513000000000086e-01,3.647506333333333168e+04
4.495500000000000000e+03,9.015709999999999980e+01,1.986112000000000155e-01,3.663640333333333547e+04
4.505500000000000000e+03,9.015709999999999980e+01,1.990352999999999983e-01,3.679811666666666861e+04
4.515500000000000000e+03,9.015709999999999980e+01,1.990034000000000247e-01,3.696016000000000349e+04
4.525500000000000000e+03,9.015709999999999980e+01,1.990912000000000237e-01,3.712258000000000175e+04
4.535500000000000000e+03,9.015709999999999980e+01,1.989283000000000023e-01,3.728534000000001106e+04
4.545500000000000000e+03,9.015709999999999980e+01,1.989915000000000156e-01,3.744844999999999709e+04
4.555500000000000000e+03,9.015709999999999980e+01,1.987662000000000317e-01,3.761190333333333547e+04
4.565500000000000000e+03,9.015709999999999980e+01,1.985151999999999750e-01,3.777572666666666191e+04
4.575500000000000000e+03,9.015709999999999980e+01,1.987117999999999940e-01,3.793989999999999418e+04
4.585500000000000000e+03,9.015709999999999980e+01,1.987810999999999884e-01,3.810442999999999302e+04
4.595500000000000000e+03,9.015709999999999980e+01,1.986374000000000195e-01,3.826936333333333459e+04
4.605500000000000000e+03,9.015709999999999980e+01,1.989468000000000070e-01,3.843467666666666628e+04
4.615500000000000000e+03,9.015709999999999980e+01,1.986247000000000151e-01,3.860036666666666861e+04
4.625500000000000000e+03,9.015709999999999980e+01,1.984562999999999744e-01,3.876643666666666104e+04
4.635500000000000000e+03,9.015709999999999980e+01,1.987348000000000170e-01,3.893282666666667501e+04
4.645500000000000000e+03,9.015709999999999980e+01,1.986378999999999784e-01,3.909958000000000175e+04
4.655500000000000000e+03,9.015709999999999980e+01,1.988630999999999871e-01,3.926667333333333227e+04
4.665500000000000000e+03,9.015709999999999980e+01,1.987791999999999892e-01,3.943416666666666424e+04
4.675500000000000000e+03,9.015709999999999980e+01,1.986804999999999821e-01,3.960199333333333198e+04
4.685500000000000000e+03,9.015709999999999980e+01,1.985444999999999849e-01,3.977017999999999302e+04
4.695500000000000000e+03,9.015709999999999980e+01,1.986815000000000109e-01,3.993870333333333838e+04
4.705500000000000000e+03,9.015709999999999980e+01,1.984835000000000071e-01,4.010757666666667501e+04
4.715500000000000000e+03,9.015709999999999980e+01,1.984950000000000048e-01,4.027677666666666482e+04
4.725500000000000000e+03,9.015709999999999980e+01,1.986851000000000034e-01,4.044631666666666570e+04
4.735500000000000000e+03,9.015709999999999980e+01,1.986224000000000045e-01,4.061622666666666191e+04
4.745500000000000000e+03,9.015709999999999980e+01,1.986071999999999838e-01,4.078644333333332906e+04
4.755500000000000000e+03,9.015709999999999980e+01,1.985904000000000003e-01,4.095701666666666279e+04
4.765500000000000000e+03,9.015709999999999980e+01,1.986435000000000284e-01,4.112791999999999825e+04
4.775500000000000000e+03,9.015709999999999980e+01,1.985489999999999755e-01,4.129916999999999825e+04
4.785500000000000000e+03,9.015709999999999980e+01,1.985236999999999974e-01,4.147073666666667123e+04
4.795500000000000000e+03,9.015709999999999980e+01,1.985037000000000051e-01,4.164266333333333023e+04
4.805500000000000000e+03,9.015709999999999980e+01,1.986313999999999858e-01,4.181498333333333721e+04
4.815500000000000000e+03,9.015709999999999980e+01,1.983305999999999958e-01,4.198762333333332936e+04
4.825500000000000000e+03,9.015709999999999980e+01,1.983517000000000197e-01,4.216062999999999738e+04
4.835500000000000000e+03,9.015709999999999980e+01,1.986346999999999974e-01,4.233396666666666715e+04
4.845500000000000000e+03,9.015709999999999980e+01,1.983472999999999764e-01,4.250762666666667064e+04
4.855500000000000000e+03,9.015709999999999980e+01,1.982548000000000088e-01,4.268161000000000058e+04
4.865500000000000000e+03,9.015709999999999980e+01,1.984924000000000133e-01,4.285591999999999825e+04
4.875500000000000000e+03,9.015709999999999980e+01,1.984648999999999996e-01,4.303055666666666366e+04
4.885500000000000000e+03,9.015709999999999980e+01,1.983347999999999778e-01,4.320553333333333285e+04
4.895500000000000000e+03,9.015709999999999980e+01,1.978340999999999850e-01,4.338087333333332936e+04
4.905500000000000000e+03,9.015709999999999980e+01,1.985020000000000118e-01,4.355660666666666657e+04
4.915500000000000000e+03,9.015709999999999980e+01,1.982433999999999863e-01,4.373271333333333314e+04
4.925500000000000000e+03,9.015709999999999980e+01,1.982321999999999973e-01,4.390918000000000029e+04
4.935500000000000000e+03,9.015709999999999980e+01,1.982472000000000123e-01,4.408602000000000407e+04
4.945500000000000000e+03,9.015709999999999980e+01,1.982942000000000315e-01,4.426322333333332790e+04
4.955500000000000000e+03,9.015709999999999980e+01,1.980299000000000087e-01,4.444079666666666162e+04
4.965500000000000000e+03,9.015709999999999980e+01,1.982531000000000154e-01,4.461875000000000000e+04
4.975500000000000000e+03,9.015709999999999980e+01,1.980647999999999853e-01,4.479706333333333168e+04
4.985500000000000000e+03,9.015709999999999980e+01,1.981198000000000126e-01,4.497572666666666919e+04
4.995500000000000000e+03,9.015709999999999980e+01,1.980777999999999983e-01,4.515474000000000524e+04
