5.500000000000000000e+00,7.768285000000000196e+01,8.927758900000000608e+01,2.798075333333333026e-02
1.550000000000000000e+01,8.111429000000001110e+01,3.954769000000000201e+00,1.617636733333333299e-01
2.550000000000000000e+01,8.405429999999998358e+01,2.005240000000000133e+00,4.101162333333333021e-01
3.550000000000000000e+01,8.857572000000000401e+01,1.444339000000000039e+00,7.702939000000000869e-01
4.550000000000000000e+01,8.861428999999999689e+01,1.098107600000000073e+00,1.242455833333333315e+00
5.550000000000000000e+01,8.886714000000000624e+01,9.033791000000001015e-01,1.827082000000000095e+00
6.550000000000000000e+01,9.075715999999999894e+01,7.968335000000000834e-01,2.524334000000000078e+00
7.550000000000000000e+01,9.062570000000000903e+01,7.505026000000001307e-01,3.334615999999999580e+00
8.550000000000000000e+01,9.060285000000000366e+01,6.568391999999998454e-01,4.257520999999998779e+00
9.550000000000000000e+01,9.030142999999999631e+01,5.888411000000000062e-01,5.290851999999999222e+00
1.055000000000000000e+02,9.080855999999999995e+01,5.195388000000000783e-01,6.436469333333333154e+00
1.155000000000000000e+02,9.061573000000001343e+01,4.956159000000000536e-01,7.706095333333334629e+00
1.255000000000000000e+02,9.089143999999998869e+01,4.652908000000000044e-01,9.113783333333334014e+00
1.355000000000000000e+02,9.094715000000000771e+01,4.359954999999999248e-01,1.065929766666666900e+01
1.455000000000000000e+02,9.094427999999999201e+01,4.265869999999999385e-01,1.234134999999999849e+01
1.555000000000000000e+02,9.083570999999999174e+01,4.017104999999999704e-01,1.416761999999999944e+01
1.655000000000000000e+02,9.094429999999999836e+01,3.896047999999999734e-01,1.613443666666666587e+01
1.755000000000000000e+02,9.089855000000000018e+01,3.788248000000000726e-01,1.824140666666666633e+01
1.855000000000000000e+02,9.108570999999999174e+01,3.660688000000000275e-01,2.047128666666666419e+01
1.955000000000000000e+02,9.106144000000000460e+01,3.514421999999999824e-01,2.281921333333333024e+01
2.055000000000000000e+02,9.114570000000000505e+01,3.481442000000000148e-01,2.528105999999999653e+01
2.155000000000000000e+02,9.100856000000000279e+01,3.348619000000000456e-01,2.785719999999999885e+01
2.255000000000000000e+02,9.099999999999998579e+01,3.255067999999999850e-01,3.054783666666666520e+01
2.355000000000000000e+02,9.097142999999999802e+01,3.218352999999999353e-01,3.335121000000000180e+01
2.455000000000000000e+02,9.102572000000000685e+01,3.190779999999999728e-01,3.626563333333332650e+01
2.555000000000000000e+02,9.103428999999998439e+01,3.147385000000000321e-01,3.928749666666666229e+01
2.655000000000000000e+02,9.088714000000000226e+01,3.072399000000000102e-01,4.244653000000000276e+01
2.755000000000000000e+02,9.089571000000000822e+01,3.016291999999999862e-01,4.573000333333332890e+01
2.855000000000000000e+02,9.095999999999999375e+01,2.976288000000000267e-01,4.911992000000000047e+01
2.955000000000000000e+02,9.082000000000000739e+01,2.995491999999999599e-01,5.263190000000000879e+01
3.055000000000000000e+02,9.084000000000000341e+01,2.924139000000000044e-01,5.629661000000000115e+01
3.155000000000000000e+02,9.078999999999999204e+01,2.910974999999999535e-01,6.007742666666665343e+01
3.255000000000000000e+02,9.083713000000000193e+01,2.879572999999999716e-01,6.396910000000000451e+01
3.355000000000000000e+02,9.083714999999999407e+01,2.853653999999999913e-01,6.797204999999999586e+01
3.455000000000000000e+02,9.082144000000000972e+01,2.822061999999999626e-01,7.208678666666666857e+01
3.555000000000000000e+02,9.087427999999999884e+01,2.843741000000000185e-01,7.631642999999999688e+01
3.655000000000000000e+02,9.076715999999998985e+01,2.751238999999999768e-01,8.065839000000001136e+01
3.755000000000000000e+02,9.087856999999999630e+01,2.790291000000000299e-01,8.511134666666666249e+01
3.855000000000000000e+02,9.079428000000000054e+01,2.729058999999999791e-01,8.967566666666667174e+01
3.955000000000000000e+02,9.078284999999999627e+01,2.717199000000000142e-01,9.435212999999998829e+01
4.055000000000000000e+02,9.070999999999999375e+01,2.727986999999999496e-01,9.914086000000000354e+01
4.155000000000000000e+02,9.074571000000000254e+01,2.641421999999999937e-01,1.040425600000000088e+02
4.255000000000000000e+02,9.072999000000001502e+01,2.661492999999999776e-01,1.090576999999999970e+02
4.355000000000000000e+02,9.075858000000000914e+01,2.673691000000000262e-01,1.141844000000000108e+02
4.455000000000000000e+02,9.071000999999998271e+01,2.616582000000000074e-01,1.194208666666666687e+02
4.555000000000000000e+02,9.072144000000000119e+01,2.609172999999999631e-01,1.247743333333333311e+02
4.655000000000000000e+02,9.072855999999998744e+01,2.633191000000000281e-01,1.302652999999999963e+02
4.755000000000000000e+02,9.069857000000000369e+01,2.580839000000000327e-01,1.358661999999999921e+02
4.855000000000000000e+02,9.068858000000000175e+01,2.571533000000000291e-01,1.415840000000000032e+02
4.955000000000000000e+02,9.068715999999999156e+01,2.597272999999999943e-01,1.474327333333333456e+02
5.055000000000000000e+02,9.072000000000001307e+01,2.597732999999999848e-01,1.533990333333333353e+02
5.155000000000000000e+02,9.073571000000001163e+01,2.566490999999999634e-01,1.594857666666666773e+02
5.255000000000000000e+02,9.072144000000000119e+01,2.539473999999999898e-01,1.657006000000000085e+02
5.355000000000000000e+02,9.071428999999999121e+01,2.570514999999999883e-01,1.720498000000000047e+02
5.455000000000000000e+02,9.071142999999997869e+01,2.539413000000000364e-01,1.785305666666666582e+02
5.555000000000000000e+02,9.071714000000000055e+01,2.557628999999999597e-01,1.851426999999999907e+02
5.655000000000000000e+02,9.070858000000001198e+01,2.511543999999999999e-01,1.918850333333333253e+02
5.755000000000000000e+02,9.069714999999999350e+01,2.498109000000000302e-01,1.987605666666666480e+02
5.855000000000000000e+02,9.068571000000000026e+01,2.459825000000000483e-01,2.057682000000000357e+02
5.955000000000000000e+02,9.068712999999999624e+01,2.474048999999999832e-01,2.129128666666666447e+02
6.055000000000000000e+02,9.066570999999999003e+01,2.451633999999999758e-01,2.202093333333333192e+02
6.155000000000000000e+02,9.067429000000001338e+01,2.455948000000000297e-01,2.276414666666666449e+02
6.255000000000000000e+02,9.068428999999999007e+01,2.427990000000000426e-01,2.351972999999999843e+02
6.355000000000000000e+02,9.068715000000000259e+01,2.450997999999999788e-01,2.428788000000000125e+02
6.455000000000000000e+02,9.066427000000000191e+01,2.454728000000000188e-01,2.506873333333332994e+02
6.555000000000000000e+02,9.067141999999999769e+01,2.449930999999999914e-01,2.586246666666666556e+02
6.655000000000000000e+02,9.068856999999999857e+01,2.448675999999999908e-01,2.666846999999999639e+02
6.755000000000000000e+02,9.066285999999999490e+01,2.481119999999999715e-01,2.748655666666666662e+02
6.855000000000000000e+02,9.063000999999999863e+01,2.436056999999999806e-01,2.831685999999999694e+02
6.955000000000000000e+02,9.063428000000000395e+01,2.418289000000000133e-01,2.916019999999999754e+02
7.055000000000000000e+02,9.064712999999998999e+01,2.389180999999999666e-01,3.001732000000000085e+02
7.155000000000000000e+02,9.062998999999999228e+01,2.397597999999999951e-01,3.088772000000000162e+02
7.255000000000000000e+02,9.063143999999999778e+01,2.398433000000000370e-01,3.177003666666666390e+02
7.355000000000000000e+02,9.060571999999999093e+01,2.385796000000000028e-01,3.266390999999999849e+02
7.455000000000000000e+02,9.059000000000000341e+01,2.397169999999999579e-01,3.357012333333333345e+02
7.555000000000000000e+02,9.060002000000000066e+01,2.400796000000000041e-01,3.448790000000000191e+02
7.655000000000000000e+02,9.058001000000000147e+01,2.386984000000000050e-01,3.541841333333333068e+02
7.755000000000000000e+02,9.055285000000000650e+01,2.375609999999999944e-01,3.636203666666666550e+02
7.855000000000000000e+02,9.056427999999998235e+01,2.363751000000000047e-01,3.731967999999999961e+02
7.955000000000000000e+02,9.052568999999999733e+01,2.355272999999999950e-01,3.828944999999999936e+02
8.055000000000000000e+02,9.052142000000000621e+01,2.348519000000000578e-01,3.927112333333333254e+02
8.155000000000000000e+02,9.052855999999999881e+01,2.339218000000000131e-01,4.026413999999999760e+02
8.255000000000000000e+02,9.051858000000000004e+01,2.337428000000000006e-01,4.126905333333332919e+02
8.355000000000000000e+02,9.051572000000000173e+01,2.341609000000000052e-01,4.228801999999999452e+02
8.455000000000000000e+02,9.051000000000000512e+01,2.330424999999999858e-01,4.333105333333332965e+02
8.555000000000000000e+02,9.049999999999998579e+01,2.326031999999999544e-01,4.438864333333332866e+02
8.655000000000000000e+02,9.047999999999998977e+01,2.315378999999999632e-01,4.545811333333332982e+02
8.755000000000000000e+02,9.048141999999999996e+01,2.308610999999999858e-01,4.653960999999999331e+02
8.855000000000000000e+02,9.046428000000000225e+01,2.298128999999999866e-01,4.763348333333333358e+02
8.955000000000000000e+02,9.046855999999999653e+01,2.294669000000000292e-01,4.873961000000000467e+02
9.055000000000000000e+02,9.046715000000000373e+01,2.291113999999999928e-01,4.985727666666667801e+02
9.155000000000000000e+02,9.047285000000000821e+01,2.298525999999999903e-01,5.098628000000000497e+02
9.255000000000000000e+02,9.046569999999999823e+01,2.289335999999999594e-01,5.212653999999999996e+02
9.355000000000000000e+02,9.046286000000000627e+01,2.280826000000000242e-01,5.327807666666665227e+02
9.455000000000000000e+02,9.046427000000001328e+01,2.277452999999999561e-01,5.444096666666666806e+02
9.555000000000000000e+02,9.047713000000000250e+01,2.266883000000000092e-01,5.561558666666666113e+02
9.655000000000000000e+02,9.048140999999999678e+01,2.264350000000000251e-01,5.680204666666666071e+02
9.755000000000000000e+02,9.047856999999999061e+01,2.257142000000000037e-01,5.800006333333333259e+02
9.855000000000000000e+02,9.046999999999999886e+01,2.253642000000000145e-01,5.920936666666666497e+02
9.955000000000000000e+02,9.047999999999998977e+01,2.256216000000000332e-01,6.042992000000000417e+02
1.005500000000000000e+03,9.048570000000000846e+01,2.248071000000000375e-01,6.166216999999999189e+02
1.015500000000000000e+03,9.047714000000000567e+01,2.239822999999999953e-01,6.290636999999999261e+02
1.025500000000000000e+03,9.048569999999999425e+01,2.238827000000000178e-01,6.416252666666666755e+02
1.035500000000000000e+03,9.048141999999998575e+01,2.235864999999999936e-01,6.542998666666666168e+02
1.045500000000000000e+03,9.048283999999999594e+01,2.228912999999999867e-01,6.670867333333333136e+02
1.055500000000000000e+03,9.046713999999998634e+01,2.230674999999999741e-01,6.799853000000000520e+02
1.065500000000000000e+03,9.047141000000000588e+01,2.228556000000000148e-01,6.929978666666665958e+02
1.075500000000000000e+03,9.048143000000000313e+01,2.220463999999999771e-01,7.061279999999999291e+02
1.085500000000000000e+03,9.047427999999999315e+01,2.217296999999999740e-01,7.193772666666666282e+02
1.095500000000000000e+03,9.047139999999998849e+01,2.212242000000000375e-01,7.327451666666667052e+02
1.105500000000000000e+03,9.047141000000000588e+01,2.210267999999999677e-01,7.462303666666666686e+02
1.115500000000000000e+03,9.046141000000001497e+01,2.205160000000000176e-01,7.598303999999999405e+02
1.125500000000000000e+03,9.045287000000000432e+01,2.204776999999999987e-01,7.735431333333333441e+02
1.135500000000000000e+03,9.046141999999998973e+01,2.206041000000000252e-01,7.873673999999999751e+02
1.145500000000000000e+03,9.045855000000000246e+01,2.211527000000000354e-01,8.013033000000000357e+02
1.155500000000000000e+03,9.045856000000000563e+01,2.197004999999999930e-01,8.153517000000000507e+02
1.165500000000000000e+03,9.045427000000000817e+01,2.191853999999999747e-01,8.295122333333332563e+02
1.175500000000000000e+03,9.045998999999999057e+01,2.190306000000000197e-01,8.437858666666667204e+02
1.185500000000000000e+03,9.045570999999999628e+01,2.189910000000000190e-01,8.581724000000000387e+02
1.195500000000000000e+03,9.045284000000000901e+01,2.184846000000000288e-01,8.726716666666667379e+02
1.205500000000000000e+03,9.045284999999999798e+01,2.183970999999999552e-01,8.873008666666667068e+02
1.215500000000000000e+03,9.045142999999998779e+01,2.180404000000000231e-01,9.020544999999999618e+02
1.225500000000000000e+03,9.044857000000000369e+01,2.177011999999999836e-01,9.169303666666667141e+02
1.235500000000000000e+03,9.045571000000001050e+01,2.180211999999999706e-01,9.319429999999999836e+02
1.245500000000000000e+03,9.044285999999999603e+01,2.169335000000000291e-01,9.470883000000001175e+02
1.255500000000000000e+03,9.044858999999999583e+01,2.166052999999999729e-01,9.623602999999999383e+02
1.265500000000000000e+03,9.044714000000000453e+01,2.164178999999999964e-01,9.777486666666666224e+02
1.275500000000000000e+03,9.044998999999998546e+01,2.163993999999999640e-01,9.932500333333333629e+02
1.285500000000000000e+03,9.045000000000000284e+01,2.170204000000000022e-01,1.008884600000000091e+03
1.295500000000000000e+03,9.044427999999999201e+01,2.170998000000000094e-01,1.024656866666666701e+03
1.305500000000000000e+03,9.043286999999997988e+01,2.156410000000000271e-01,1.040558866666666745e+03
1.315500000000000000e+03,9.044001000000000090e+01,2.159076000000000328e-01,1.056583666666666659e+03
1.325500000000000000e+03,9.044572999999999752e+01,2.161047000000000384e-01,1.072729000000000042e+03
1.335500000000000000e+03,9.044284999999999286e+01,2.159213000000000382e-01,1.088993333333333339e+03
1.345500000000000000e+03,9.042429999999998813e+01,2.150456000000000034e-01,1.105382666666666637e+03
1.355500000000000000e+03,9.042001999999999384e+01,2.165016000000000163e-01,1.121925333333333356e+03
1.365500000000000000e+03,9.041571999999999321e+01,2.163780999999999621e-01,1.138589000000000169e+03
1.375500000000000000e+03,9.041286999999999807e+01,2.149485999999999897e-01,1.155369999999999891e+03
1.385500000000000000e+03,9.041429999999999723e+01,2.152486000000000121e-01,1.172276000000000067e+03
1.395500000000000000e+03,9.040856999999999744e+01,2.140858000000000205e-01,1.189302666666666482e+03
1.405500000000000000e+03,9.040286000000001820e+01,2.145087999999999995e-01,1.206446333333333087e+03
1.415500000000000000e+03,9.040143000000001905e+01,2.149844000000000199e-01,1.223704000000000178e+03
1.425500000000000000e+03,9.040143000000000484e+01,2.144290999999999836e-01,1.241076000000000022e+03
1.435500000000000000e+03,9.040000000000000568e+01,2.152926000000000284e-01,1.258563000000000102e+03
1.445500000000000000e+03,9.039714000000000738e+01,2.137681000000000164e-01,1.276173999999999751e+03
1.455500000000000000e+03,9.039857000000002074e+01,2.131130000000000246e-01,1.293900333333333492e+03
1.465500000000000000e+03,9.039857000000002074e+01,2.129405999999999799e-01,1.311741000000000213e+03
1.475500000000000000e+03,9.039570999999999401e+01,2.150272000000000294e-01,1.329693999999999960e+03
1.485500000000000000e+03,9.039570999999999401e+01,2.138414000000000148e-01,1.347759333333333416e+03
1.495500000000000000e+03,9.038569999999999993e+01,2.131464999999999888e-01,1.365940333333333228e+03
1.505500000000000000e+03,9.039285000000002412e+01,2.146562000000000192e-01,1.384236333333333505e+03
1.515500000000000000e+03,9.039284999999999570e+01,2.133520000000000416e-01,1.402643666666666832e+03
1.525500000000000000e+03,9.038712999999999909e+01,2.131886999999999810e-01,1.421168000000000120e+03
1.535500000000000000e+03,9.038428000000000395e+01,2.144107000000000096e-01,1.439816333333333432e+03
1.545500000000000000e+03,9.038284000000001583e+01,2.138316999999999857e-01,1.458584000000000287e+03
1.555500000000000000e+03,9.037854999999998995e+01,2.129627999999999799e-01,1.477472333333333609e+03
1.565500000000000000e+03,9.038712999999999909e+01,2.141293000000000224e-01,1.496473333333333358e+03
1.575500000000000000e+03,9.037712999999999397e+01,2.133561999999999959e-01,1.515588999999999942e+03
1.585500000000000000e+03,9.038141000000000247e+01,2.127601000000000353e-01,1.534825666666666621e+03
1.595500000000000000e+03,9.036710999999999672e+01,2.134419999999999928e-01,1.554186333333333323e+03
1.605500000000000000e+03,9.036711999999999989e+01,2.133511000000000435e-01,1.573674333333333379e+03
1.615500000000000000e+03,9.036997999999998399e+01,2.139527000000000234e-01,1.593280666666666775e+03
1.625500000000000000e+03,9.036854999999999905e+01,2.127983999999999987e-01,1.613006333333333259e+03
1.635500000000000000e+03,9.036710999999998251e+01,2.132540999999999742e-01,1.632855333333333192e+03
1.645500000000000000e+03,9.036569000000000074e+01,2.128907000000000438e-01,1.652827666666666573e+03
1.655500000000000000e+03,9.035712999999999795e+01,2.121139999999999970e-01,1.672918999999999869e+03
1.665500000000000000e+03,9.036140000000000327e+01,2.134356000000000031e-01,1.693127999999999929e+03
1.675500000000000000e+03,9.035569999999998458e+01,2.133447000000000260e-01,1.713454666666666526e+03
1.685500000000000000e+03,9.035571000000000197e+01,2.137011999999999801e-01,1.733913000000000011e+03
1.695500000000000000e+03,9.035568999999998141e+01,2.128476999999999730e-01,1.754500333333333401e+03
1.705500000000000000e+03,9.034143999999999153e+01,2.133432000000000106e-01,1.775218666666666422e+03
1.715500000000000000e+03,9.034000999999999237e+01,2.122843000000000091e-01,1.796058999999999969e+03
1.725500000000000000e+03,9.034714999999998497e+01,2.127600000000000047e-01,1.817020333333333156e+03
1.735500000000000000e+03,9.034999000000000535e+01,2.119627999999999513e-01,1.838109333333333325e+03
1.745500000000000000e+03,9.033716000000001145e+01,2.125986999999999738e-01,1.859359666666666499e+03
1.755500000000000000e+03,9.033000999999998726e+01,2.119772000000000323e-01,1.880750333333333401e+03
1.765500000000000000e+03,9.032144999999999868e+01,2.122031999999999807e-01,1.902267000000000280e+03
1.775500000000000000e+03,9.032859999999999445e+01,2.122672999999999921e-01,1.923910333333333256e+03
1.785500000000000000e+03,9.031716000000000122e+01,2.116806999999999994e-01,1.945679666666666435e+03
1.795500000000000000e+03,9.031429999999998870e+01,2.118564000000000003e-01,1.967573666666666441e+03
1.805500000000000000e+03,9.030572000000000799e+01,2.122399000000000091e-01,1.989586999999999989e+03
1.815500000000000000e+03,9.030858000000000629e+01,2.121674000000000060e-01,2.011725666666666712e+03
1.825500000000000000e+03,9.030571999999999377e+01,2.119903000000000204e-01,2.033983333333333121e+03
1.835500000000000000e+03,9.029999999999999716e+01,2.116298000000000068e-01,2.056366666666667243e+03
1.845500000000000000e+03,9.030143000000001052e+01,2.115999999999999548e-01,2.078872666666666646e+03
1.855500000000000000e+03,9.030143000000001052e+01,2.117548999999999959e-01,2.101499666666666599e+03
1.865500000000000000e+03,9.029999999999999716e+01,2.118804999999999994e-01,2.124244999999999891e+03
1.875500000000000000e+03,9.028855999999998971e+01,2.117335999999999940e-01,2.147110999999999876e+03
1.885500000000000000e+03,9.028713000000000477e+01,2.109220999999999735e-01,2.170107666666666773e+03
1.895500000000000000e+03,9.028283999999999310e+01,2.118125000000000147e-01,2.193238333333333685e+03
1.905500000000000000e+03,9.028427000000002067e+01,2.110698999999999770e-01,2.216502333333333809e+03
1.915500000000000000e+03,9.027711999999999648e+01,2.115869999999999695e-01,2.239910999999999603e+03
1.925500000000000000e+03,9.027997999999999479e+01,2.113010999999999640e-01,2.263454666666666526e+03
1.935500000000000000e+03,9.027711999999999648e+01,2.111702000000000301e-01,2.287123000000000047e+03
1.945500000000000000e+03,9.027854999999999563e+01,2.110970000000000069e-01,2.310918000000000120e+03
1.955500000000000000e+03,9.026997000000000071e+01,2.110396000000000216e-01,2.334840999999999894e+03
1.965500000000000000e+03,9.027282999999999902e+01,2.105131999999999837e-01,2.358893333333333430e+03
1.975500000000000000e+03,9.027855000000000985e+01,2.110663999999999874e-01,2.383077333333333172e+03
1.985500000000000000e+03,9.026997000000001492e+01,2.107530000000000237e-01,2.407400666666666439e+03
1.995500000000000000e+03,9.027283000000001323e+01,2.106113000000000013e-01,2.431859333333332870e+03
2.005500000000000000e+03,9.027712000000001069e+01,2.106866999999999768e-01,2.456445000000000164e+03
2.015500000000000000e+03,9.027855000000000985e+01,2.106856000000000007e-01,2.481159999999999854e+03
2.025500000000000000e+03,9.027711999999999648e+01,2.097525000000000084e-01,2.506002666666666755e+03
2.035500000000000000e+03,9.027568999999999733e+01,2.100476000000000010e-01,2.530971666666666351e+03
2.045500000000000000e+03,9.027425999999999817e+01,2.100524999999999753e-01,2.556073666666666668e+03
2.055500000000000000e+03,9.027712000000001069e+01,2.100358999999999976e-01,2.581302333333333536e+03
2.065500000000000000e+03,9.027283000000001323e+01,2.099419000000000146e-01,2.606659666666666908e+03
2.075500000000000000e+03,9.027569000000001154e+01,2.100991000000000108e-01,2.632144666666666581e+03
2.085500000000000000e+03,9.027282999999999902e+01,2.098069999999999935e-01,2.657750666666667257e+03
2.095500000000000000e+03,9.027425999999999817e+01,2.096237999999999990e-01,2.683478000000000065e+03
2.105500000000000000e+03,9.027425999999999817e+01,2.094969000000000414e-01,2.709324333333333470e+03
2.115500000000000000e+03,9.027283000000001323e+01,2.096784999999999621e-01,2.735286666666666861e+03
2.125500000000000000e+03,9.027282999999999902e+01,2.098187999999999998e-01,2.761364333333333434e+03
2.135500000000000000e+03,9.027139999999999986e+01,2.099589000000000039e-01,2.787560333333333347e+03
2.145500000000000000e+03,9.027425999999999817e+01,2.093520999999999854e-01,2.813875666666666802e+03
2.155500000000000000e+03,9.027139999999999986e+01,2.091656000000000071e-01,2.840316666666666606e+03
2.165500000000000000e+03,9.027139999999999986e+01,2.098424999999999874e-01,2.866880666666666457e+03
2.175500000000000000e+03,9.027139999999999986e+01,2.094056999999999724e-01,2.893555333333333692e+03
2.185500000000000000e+03,9.027139999999999986e+01,2.091361999999999666e-01,2.920349999999999454e+03
2.195500000000000000e+03,9.027139999999999986e+01,2.092115000000000224e-01,2.947254333333333307e+03
2.205500000000000000e+03,9.027139999999999986e+01,2.094140000000000446e-01,2.974269333333333179e+03
2.215500000000000000e+03,9.027139999999999986e+01,2.087770000000000459e-01,3.001390666666666675e+03
2.225500000000000000e+03,9.027139999999999986e+01,2.091606000000000021e-01,3.028620666666666693e+03
2.235500000000000000e+03,9.027139999999999986e+01,2.086781999999999804e-01,3.055962333333332936e+03
2.245500000000000000e+03,9.027139999999999986e+01,2.088088999999999640e-01,3.083414999999999964e+03
2.255500000000000000e+03,9.027139999999999986e+01,2.089698999999999862e-01,3.110971000000000004e+03
2.265500000000000000e+03,9.027139999999999986e+01,2.085442000000000129e-01,3.138636999999999716e+03
2.275500000000000000e+03,9.027139999999999986e+01,2.086826000000000236e-01,3.166422000000000025e+03
2.285500000000000000e+03,9.027139999999999986e+01,2.085113999999999856e-01,3.194320666666666511e+03
2.295500000000000000e+03,9.027139999999999986e+01,2.085123000000000393e-01,3.222327000000000226e+03
2.305500000000000000e+03,9.027139999999999986e+01,2.084314999999999640e-01,3.250440666666666402e+03
2.315500000000000000e+03,9.026854000000000156e+01,2.087117000000000000e-01,3.278664333333333161e+03
2.325500000000000000e+03,9.026997000000001492e+01,2.083630999999999955e-01,3.306996000000000095e+03
2.335500000000000000e+03,9.026854000000001577e+01,2.081151000000000251e-01,3.335443000000000211e+03
2.345500000000000000e+03,9.026854000000000156e+01,2.084075999999999984e-01,3.364004999999999654e+03
2.355500000000000000e+03,9.026425000000001830e+01,2.081342999999999943e-01,3.392683666666666795e+03
2.365500000000000000e+03,9.026711000000000240e+01,2.078548000000000062e-01,3.421481333333333168e+03
2.375500000000000000e+03,9.026854000000000156e+01,2.075309999999999933e-01,3.450396999999999935e+03
2.385500000000000000e+03,9.026568000000000325e+01,2.075512999999999941e-01,3.479433333333332939e+03
2.395500000000000000e+03,9.026424999999998988e+01,2.070719000000000032e-01,3.508592666666666446e+03
2.405500000000000000e+03,9.026139000000000578e+01,2.076089000000000129e-01,3.537909333333333961e+03
2.415500000000000000e+03,9.025852999999999327e+01,2.076649000000000134e-01,3.567359333333332870e+03
2.425500000000000000e+03,9.025996000000000663e+01,2.074476000000000098e-01,3.596933666666666340e+03
2.435500000000000000e+03,9.025852999999999327e+01,2.076662999999999981e-01,3.626683999999999742e+03
2.445500000000000000e+03,9.025995999999999242e+01,2.076616000000000017e-01,3.656576666666666370e+03
2.455500000000000000e+03,9.025996000000000663e+01,2.075889000000000206e-01,3.686591666666666242e+03
2.465500000000000000e+03,9.025710000000000832e+01,2.072627999999999970e-01,3.716724333333333107e+03
2.475500000000000000e+03,9.025710000000000832e+01,2.071369000000000127e-01,3.746973000000000411e+03
2.485500000000000000e+03,9.025710000000000832e+01,2.071563999999999905e-01,3.777341666666667152e+03
2.495500000000000000e+03,9.025710000000000832e+01,2.070765000000000244e-01,3.807854333333333670e+03
2.505500000000000000e+03,9.025710000000000832e+01,2.069754000000000038e-01,3.838542666666665809e+03
2.515500000000000000e+03,9.025568000000001234e+01,2.071311999999999875e-01,3.869349999999999909e+03
2.525500000000000000e+03,9.025710000000000832e+01,2.071000999999999814e-01,3.900279666666666344e+03
2.535500000000000000e+03,9.025710000000000832e+01,2.070037999999999878e-01,3.931329666666666981e+03
2.545500000000000000e+03,9.025567999999999813e+01,2.068194000000000143e-01,3.962501666666666097e+03
2.555500000000000000e+03,9.025567999999999813e+01,2.068618999999999875e-01,3.993797000000000025e+03
2.565500000000000000e+03,9.025710000000000832e+01,2.068479000000000012e-01,4.025219999999999800e+03
2.575500000000000000e+03,9.025426000000000215e+01,2.068051000000000195e-01,4.056763666666666722e+03
2.585500000000000000e+03,9.025710000000000832e+01,2.064293000000000100e-01,4.088438333333333958e+03
2.595500000000000000e+03,9.025141999999999598e+01,2.065589999999999926e-01,4.120231666666666570e+03
2.605500000000000000e+03,9.025568000000001234e+01,2.065425999999999929e-01,4.152142666666667537e+03
2.615500000000000000e+03,9.025426000000000215e+01,2.064502999999999755e-01,4.184164666666666562e+03
2.625500000000000000e+03,9.025426000000000215e+01,2.062227000000000088e-01,4.216298999999999978e+03
2.635500000000000000e+03,9.024858000000000402e+01,2.063058999999999865e-01,4.248558666666666795e+03
2.645500000000000000e+03,9.024857999999998981e+01,2.064624000000000181e-01,4.280944666666667217e+03
2.655500000000000000e+03,9.025141999999999598e+01,2.060776999999999748e-01,4.313447333333332608e+03
2.665500000000000000e+03,9.024289999999999168e+01,2.063908999999999883e-01,4.346076666666666824e+03
2.675500000000000000e+03,9.024573999999999785e+01,2.062282999999999755e-01,4.378833666666667341e+03
2.685500000000000000e+03,9.024573999999999785e+01,2.059429999999999872e-01,4.411721333333332950e+03
2.695500000000000000e+03,9.024289999999999168e+01,2.059770000000000212e-01,4.444733000000000175e+03
2.705500000000000000e+03,9.024431999999998766e+01,2.059010000000000284e-01,4.477865333333333183e+03
2.715500000000000000e+03,9.024289999999999168e+01,2.059586000000000472e-01,4.511116666666666788e+03
2.725500000000000000e+03,9.024431999999998766e+01,2.058854999999999991e-01,4.544481999999999971e+03
2.735500000000000000e+03,9.024289999999999168e+01,2.057000000000000495e-01,4.577966999999999643e+03
2.745500000000000000e+03,9.024289999999999168e+01,2.057824000000000042e-01,4.611571666666666715e+03
2.755500000000000000e+03,9.024003999999999337e+01,2.058022999999999936e-01,4.645297666666667283e+03
2.765500000000000000e+03,9.023431999999999675e+01,2.057511000000000201e-01,4.679137000000000626e+03
2.775500000000000000e+03,9.024004000000000758e+01,2.055513999999999952e-01,4.713090666666666948e+03
2.785500000000000000e+03,9.024147000000000673e+01,2.055020999999999931e-01,4.747162333333333663e+03
2.795500000000000000e+03,9.023717999999999506e+01,2.053969999999999962e-01,4.781356666666666570e+03
2.805500000000000000e+03,9.023145999999999844e+01,2.054908999999999764e-01,4.815672333333332972e+03
2.815500000000000000e+03,9.023002999999999929e+01,2.053688000000000180e-01,4.850109333333333780e+03
2.825500000000000000e+03,9.023145999999998423e+01,2.053373000000000004e-01,4.884667333333333772e+03
2.835500000000000000e+03,9.023002999999999929e+01,2.054121999999999892e-01,4.919347999999999956e+03
2.845500000000000000e+03,9.022859999999998593e+01,2.051900000000000390e-01,4.954144666666666126e+03
2.855500000000000000e+03,9.022860000000000014e+01,2.053162000000000043e-01,4.989057666666665682e+03
2.865500000000000000e+03,9.023003000000001350e+01,2.051359000000000099e-01,5.024089999999999236e+03
2.875500000000000000e+03,9.023002999999999929e+01,2.050209000000000059e-01,5.059242666666666992e+03
2.885500000000000000e+03,9.022144999999999015e+01,2.050336999999999854e-01,5.094519333333332725e+03
2.895500000000000000e+03,9.022860000000000014e+01,2.050501999999999880e-01,5.129915666666665857e+03
2.905500000000000000e+03,9.022430999999997425e+01,2.048006999999999744e-01,5.165428666666666686e+03
2.915500000000000000e+03,9.022145000000000437e+01,2.047574999999999812e-01,5.201056666666667297e+03
2.925500000000000000e+03,9.022574000000000183e+01,2.047044999999999837e-01,5.236794999999999163e+03
2.935500000000000000e+03,9.021858999999999185e+01,2.048209000000000279e-01,5.272653666666667050e+03
2.945500000000000000e+03,9.021858999999999185e+01,2.046621000000000135e-01,5.308629666666665798e+03
2.955500000000000000e+03,9.022001999999999100e+01,2.045282999999999962e-01,5.344718333333333248e+03
2.965500000000000000e+03,9.021429999999999438e+01,2.046418000000000126e-01,5.380934999999999491e+03
2.975500000000000000e+03,9.021286999999999523e+01,2.043962000000000001e-01,5.417348333333333358e+03
2.985500000000000000e+03,9.021429999999999438e+01,2.042683000000000137e-01,5.453898999999999432e+03
2.995500000000000000e+03,9.020857999999999777e+01,2.044344999999999912e-01,5.490567999999999302e+03
3.005500000000000000e+03,9.020857999999999777e+01,2.043133000000000032e-01,5.527353666666666868e+03
3.015500000000000000e+03,9.020286000000000115e+01,2.042987999999999749e-01,5.564253666666666504e+03
3.025500000000000000e+03,9.020857999999999777e+01,2.042725999999999986e-01,5.601274000000000342e+03
3.035500000000000000e+03,9.020714999999999861e+01,2.041177999999999604e-01,5.638413333333332957e+03
3.045500000000000000e+03,9.020572000000001367e+01,2.042191000000000423e-01,5.675675666666666984e+03
3.055500000000000000e+03,9.020143000000000200e+01,2.039395000000000235e-01,5.713058666666666795e+03
3.065500000000000000e+03,9.020143000000000200e+01,2.040340999999999683e-01,5.750559333333332688e+03
3.075500000000000000e+03,9.020000000000001705e+01,2.039294999999999580e-01,5.788176666666667188e+03
3.085500000000000000e+03,9.020143000000000200e+01,2.038708999999999938e-01,5.825915666666666766e+03
3.095500000000000000e+03,9.020000000000001705e+01,2.038031999999999899e-01,5.863786000000000058e+03
3.105500000000000000e+03,9.020000000000001705e+01,2.038321999999999912e-01,5.901793333333333067e+03
3.115500000000000000e+03,9.019714000000001874e+01,2.038448999999999955e-01,5.939939666666667108e+03
3.125500000000000000e+03,9.019857000000001790e+01,2.036896999999999736e-01,5.978219333333332543e+03
3.135500000000000000e+03,9.019857000000001790e+01,2.037036999999999876e-01,6.016631666666666206e+03
3.145500000000000000e+03,9.019714000000001874e+01,2.035999000000000003e-01,6.055168666666666468e+03
3.155500000000000000e+03,9.019714000000001874e+01,2.036412999999999973e-01,6.093829333333333125e+03
3.165500000000000000e+03,9.019571000000000538e+01,2.035693999999999837e-01,6.132616333333333387e+03
3.175500000000000000e+03,9.019714000000001874e+01,2.036441999999999697e-01,6.171527666666665937e+03
3.185500000000000000e+03,9.019714000000000453e+01,2.034100000000000075e-01,6.210572333333333518e+03
3.195500000000000000e+03,9.019571000000000538e+01,2.032945999999999920e-01,6.249744333333333088e+03
3.205500000000000000e+03,9.019428000000000623e+01,2.035026000000000335e-01,6.289042000000000371e+03
3.215500000000000000e+03,9.019428000000000623e+01,2.033307999999999782e-01,6.328462666666666337e+03
3.225500000000000000e+03,9.019571000000000538e+01,2.035038000000000125e-01,6.368007666666667319e+03
3.235500000000000000e+03,9.018998999999999455e+01,2.032756999999999759e-01,6.407679666666665980e+03
3.245500000000000000e+03,9.019141999999999371e+01,2.033688999999999913e-01,6.447483666666666977e+03
3.255500000000000000e+03,9.018855999999999540e+01,2.033262000000000125e-01,6.487412333333332754e+03
3.265500000000000000e+03,9.018712999999999624e+01,2.034200999999999926e-01,6.527467000000000553e+03
3.275500000000000000e+03,9.019284999999999286e+01,2.033012999999999904e-01,6.567646333333333132e+03
3.285500000000000000e+03,9.018855999999999540e+01,2.032735000000000236e-01,6.607958666666667341e+03
3.295500000000000000e+03,9.018569999999999709e+01,2.031851000000000629e-01,6.648399666666667144e+03
3.305500000000000000e+03,9.018569999999999709e+01,2.032556000000000085e-01,6.688961333333334551e+03
3.315500000000000000e+03,9.018712999999999624e+01,2.031978999999999869e-01,6.729646000000000640e+03
3.325500000000000000e+03,9.018569999999999709e+01,2.030978000000000228e-01,6.770455666666666730e+03
3.335500000000000000e+03,9.018569999999999709e+01,2.030515999999999988e-01,6.811393333333333430e+03
3.345500000000000000e+03,9.018569999999999709e+01,2.031854999999999634e-01,6.852458666666665522e+03
3.355500000000000000e+03,9.018569999999999709e+01,2.029548000000000185e-01,6.893653000000000247e+03
3.365500000000000000e+03,9.018569999999999709e+01,2.030052999999999719e-01,6.934972333333333154e+03
3.375500000000000000e+03,9.018712999999999624e+01,2.029418000000000055e-01,6.976419666666665762e+03
3.385500000000000000e+03,9.018569999999999709e+01,2.029977000000000031e-01,7.017997333333334609e+03
3.395500000000000000e+03,9.018426999999999794e+01,2.030143999999999838e-01,7.059713999999999942e+03
3.405500000000000000e+03,9.018569999999999709e+01,2.026774999999999827e-01,7.101569666666667217e+03
3.415500000000000000e+03,9.018569999999999709e+01,2.028036999999999757e-01,7.143563333333333503e+03
3.425500000000000000e+03,9.018569999999999709e+01,2.028019000000000072e-01,7.185696333333333314e+03
3.435500000000000000e+03,9.018426999999999794e+01,2.027650000000000008e-01,7.227972999999999956e+03
3.445500000000000000e+03,9.018426999999999794e+01,2.027228000000000085e-01,7.270397999999999229e+03
3.455500000000000000e+03,9.018283999999999878e+01,2.027721999999999858e-01,7.312953666666665413e+03
3.465500000000000000e+03,9.018426999999999794e+01,2.026389000000000107e-01,7.355643666666665922e+03
3.475500000000000000e+03,9.018426999999999794e+01,2.027064000000000088e-01,7.398462666666666337e+03
3.485500000000000000e+03,9.018283999999999878e+01,2.026618000000000031e-01,7.441416000000000167e+03
3.495500000000000000e+03,9.018283999999998457e+01,2.025454999999999894e-01,7.484496333333333496e+03
3.505500000000000000e+03,9.018140999999999963e+01,2.025743999999999878e-01,7.527701000000000931e+03
3.515500000000000000e+03,9.018140999999998542e+01,2.025954000000000088e-01,7.571035333333333256e+03
3.525500000000000000e+03,9.017998000000000047e+01,2.025695999999999886e-01,7.614498333333333903e+03
3.535500000000000000e+03,9.018283999999999878e+01,2.024330000000000018e-01,7.658088999999999942e+03
3.545500000000000000e+03,9.017855000000000132e+01,2.024363999999999886e-01,7.701802000000000589e+03
3.555500000000000000e+03,9.018283999999999878e+01,2.024553999999999798e-01,7.745640333333331910e+03
3.565500000000000000e+03,9.018283999999999878e+01,2.024180000000000423e-01,7.789642333333334136e+03
3.575500000000000000e+03,9.017855000000000132e+01,2.023728999999999945e-01,7.833800333333334493e+03
3.585500000000000000e+03,9.018283999999999878e+01,2.023308999999999802e-01,7.878081000000000131e+03
3.595500000000000000e+03,9.018140999999999963e+01,2.023233999999999866e-01,7.922471999999999753e+03
3.605500000000000000e+03,9.017569000000000301e+01,2.023379999999999901e-01,7.966971999999999753e+03
3.615500000000000000e+03,9.017855000000000132e+01,2.022537999999999836e-01,8.011578999999999724e+03
3.625500000000000000e+03,9.017569000000000301e+01,2.023060000000000136e-01,8.056298333333334085e+03
3.635500000000000000e+03,9.017568999999998880e+01,2.022546999999999817e-01,8.101128666666668323e+03
3.645500000000000000e+03,9.017426000000000386e+01,2.022440000000000071e-01,8.146074999999999818e+03
3.655500000000000000e+03,9.017426000000000386e+01,2.020374999999999532e-01,8.191136999999997897e+03
3.665500000000000000e+03,9.017426000000000386e+01,2.020617000000000107e-01,8.236308000000000902e+03
3.675500000000000000e+03,9.017283000000000470e+01,2.021451999999999971e-01,8.281591999999998734e+03
3.685500000000000000e+03,9.017283000000000470e+01,2.021840000000000026e-01,8.326992000000000189e+03
3.695500000000000000e+03,9.017139999999999134e+01,2.020503000000000160e-01,8.372515333333332819e+03
3.705500000000000000e+03,9.017426000000000386e+01,2.020023999999999709e-01,8.418163666666667268e+03
3.715500000000000000e+03,9.017426000000000386e+01,2.020166000000000184e-01,8.463932000000000698e+03
3.725500000000000000e+03,9.017139999999999134e+01,2.019509000000000165e-01,8.509825999999999112e+03
3.735500000000000000e+03,9.017139999999999134e+01,2.019141999999999881e-01,8.555840333333333547e+03
3.745500000000000000e+03,9.017139999999999134e+01,2.017635999999999874e-01,8.601971999999999753e+03
3.755500000000000000e+03,9.017139999999999134e+01,2.018241000000000063e-01,8.648220333333332746e+03
3.765500000000000000e+03,9.017283000000000470e+01,2.018482999999999805e-01,8.694582000000000335e+03
3.775500000000000000e+03,9.017139999999999134e+01,2.017996000000000234e-01,8.741056666666667297e+03
3.785500000000000000e+03,9.017139999999999134e+01,2.017345999999999862e-01,8.787655666666665638e+03
3.795500000000000000e+03,9.017139999999999134e+01,2.017798000000000092e-01,8.834371666666667807e+03
3.805500000000000000e+03,9.017139999999999134e+01,2.016381999999999619e-01,8.881206000000000131e+03
3.815500000000000000e+03,9.017139999999999134e+01,2.017258000000000107e-01,8.928152666666666846e+03
3.825500000000000000e+03,9.017139999999999134e+01,2.016319999999999779e-01,8.975215333333333547e+03
3.835500000000000000e+03,9.017139999999999134e+01,2.014942000000000122e-01,9.022397333333332426e+03
3.845500000000000000e+03,9.017139999999999134e+01,2.015772999999999870e-01,9.069704333333333125e+03
3.855500000000000000e+03,9.017139999999999134e+01,2.015013000000000221e-01,9.117127333333331990e+03
3.865500000000000000e+03,9.016996999999999218e+01,2.016045000000000198e-01,9.164675333333332674e+03
3.875500000000000000e+03,9.017139999999999134e+01,2.014357999999999982e-01,9.212357333333333372e+03
3.885500000000000000e+03,9.016996999999999218e+01,2.014924000000000159e-01,9.260170666666666875e+03
3.895500000000000000e+03,9.016996999999999218e+01,2.015509000000000328e-01,9.308101999999998952e+03
3.905500000000000000e+03,9.016853999999999303e+01,2.015375000000000083e-01,9.356144333333333634e+03
3.915500000000000000e+03,9.016424999999999557e+01,2.014309999999999989e-01,9.404298333333334085e+03
3.925500000000000000e+03,9.016853999999999303e+01,2.013994000000000340e-01,9.452566666666669335e+03
3.935500000000000000e+03,9.016711000000000809e+01,2.013866999999999741e-01,9.500951333333332514e+03
3.945500000000000000e+03,9.016854000000000724e+01,2.014504000000000017e-01,9.549454000000001543e+03
3.955500000000000000e+03,9.016711000000000809e+01,2.014086999999999961e-01,9.598070666666664692e+03
3.965500000000000000e+03,9.016711000000000809e+01,2.011996999999999536e-01,9.646795999999998457e+03
3.975500000000000000e+03,9.016281999999999641e+01,2.013930999999999916e-01,9.695627666666667210e+03
3.985500000000000000e+03,9.016711000000000809e+01,2.011790999999999718e-01,9.744572666666666919e+03
3.995500000000000000e+03,9.016425000000000978e+01,2.012576999999999838e-01,9.793637333333334027e+03
4.005500000000000000e+03,9.016139000000001147e+01,2.012916000000000150e-01,9.842818999999999505e+03
4.015500000000000000e+03,9.016138999999999726e+01,2.012108999999999703e-01,9.892120999999999185e+03
4.025500000000000000e+03,9.016138999999998305e+01,2.012820999999999638e-01,9.941543666666668287e+03
4.035500000000000000e+03,9.016139000000001147e+01,2.012156999999999696e-01,9.991093666666665740e+03
4.045500000000000000e+03,9.016425000000000978e+01,2.011404000000000247e-01,1.004075666666666621e+04
4.055500000000000000e+03,9.016282000000001062e+01,2.011050000000000060e-01,1.009055333333333328e+04
4.065500000000000000e+03,9.015995999999999810e+01,2.010833999999999955e-01,1.014045333333333474e+04
4.075500000000000000e+03,9.016281999999999641e+01,2.010553000000000201e-01,1.019049666666666417e+04
4.085500000000000000e+03,9.015709999999999980e+01,2.010530000000000095e-01,1.024065000000000146e+04
4.095500000000000000e+03,9.015852999999999895e+01,2.011894999999999933e-01,1.029094666666666672e+04
4.105500000000000000e+03,9.015852999999999895e+01,2.009915999999999925e-01,1.034136333333333278e+04
4.115500000000000000e+03,9.015995999999999810e+01,2.010259000000000074e-01,1.039188666666666904e+04
4.125500000000000000e+03,9.015995999999999810e+01,2.009399999999999797e-01,1.044254333333333125e+04
4.135500000000000000e+03,9.015852999999999895e+01,2.009215999999999780e-01,1.049332000000000153e+04
4.145500000000000000e+03,9.015852999999999895e+01,2.009090000000000042e-01,1.054422000000000116e+04
4.155500000000000000e+03,9.015852999999999895e+01,2.008150000000000213e-01,1.059523999999999978e+04
4.165500000000000000e+03,9.015852999999999895e+01,2.008757999999999933e-01,1.064639333333333525e+04
4.175500000000000000e+03,9.015852999999999895e+01,2.007438000000000000e-01,1.069764666666666744e+04
4.185500000000000000e+03,9.015852999999999895e+01,2.008373999999999993e-01,1.074903666666666686e+04
4.195500000000000000e+03,9.015709999999999980e+01,2.007405999999999913e-01,1.080054999999999927e+04
4.205500000000000000e+03,9.015709999999999980e+01,2.006664999999999976e-01,1.085217000000000189e+04
4.215500000000000000e+03,9.015709999999999980e+01,2.006599000000000022e-01,1.090391666666666606e+04
4.225500000000000000e+03,9.015709999999999980e+01,2.006537999999999933e-01,1.095579666666666708e+04
4.235500000000000000e+03,9.015852999999999895e+01,2.006295000000000162e-01,1.100778000000000247e+04
4.245500000000000000e+03,9.015709999999999980e+01,2.006106000000000000e-01,1.105989000000000124e+04
4.255500000000000000e+03,9.015709999999999980e+01,2.006349999999999800e-01,1.111211000000000058e+04
4.265500000000000000e+03,9.015709999999999980e+01,2.005618000000000123e-01,1.116448333333333358e+04
4.275500000000000000e+03,9.015709999999999980e+01,2.005469999999999753e-01,1.121694333333333270e+04
4.285500000000000000e+03,9.015709999999999980e+01,2.005292999999999937e-01,1.126952000000000044e+04
4.295500000000000000e+03,9.015709999999999980e+01,2.003541999999999823e-01,1.132222666666666737e+04
4.305500000000000000e+03,9.015709999999999980e+01,2.004211999999999938e-01,1.137505666666666730e+04
4.315500000000000000e+03,9.015709999999999980e+01,2.003648000000000096e-01,1.142801666666666824e+04
4.325500000000000000e+03,9.015709999999999980e+01,2.004313000000000344e-01,1.148108666666666613e+04
4.335500000000000000e+03,9.015709999999999980e+01,2.003951999999999956e-01,1.153428999999999905e+04
4.345500000000000000e+03,9.015709999999999980e+01,2.003260999999999792e-01,1.158761000000000058e+04
4.355500000000000000e+03,9.015709999999999980e+01,2.002911999999999748e-01,1.164101333333333241e+04
4.365500000000000000e+03,9.015709999999999980e+01,2.002440000000000053e-01,1.169455666666666548e+04
4.375500000000000000e+03,9.015709999999999980e+01,2.002043000000000017e-01,1.174821666666666533e+04
4.385500000000000000e+03,9.015709999999999980e+01,2.002292999999999989e-01,1.180200333333333401e+04
4.395500000000000000e+03,9.015709999999999980e+01,2.002227000000000035e-01,1.185591666666666788e+04
4.405500000000000000e+03,9.015709999999999980e+01,2.001835999999999893e-01,1.190994666666666672e+04
4.415500000000000000e+03,9.015709999999999980e+01,2.002229999999999843e-01,1.196412333333333299e+04
4.425500000000000000e+03,9.015709999999999980e+01,2.000313999999999981e-01,1.201838999999999760e+04
4.435500000000000000e+03,9.015709999999999980e+01,2.000993999999999828e-01,1.207279333333333307e+04
4.445500000000000000e+03,9.015709999999999980e+01,2.000515000000000487e-01,1.212732666666666591e+04
4.455500000000000000e+03,9.015709999999999980e+01,2.000990999999999465e-01,1.218199666666666781e+04
4.465500000000000000e+03,9.015709999999999980e+01,2.001565000000000150e-01,1.223678000000000065e+04
4.475500000000000000e+03,9.015709999999999980e+01,2.000487999999999711e-01,1.229169666666666672e+04
4.485500000000000000e+03,9.015709999999999980e+01,2.000569999999999848e-01,1.234672666666666555e+04
4.495500000000000000e+03,9.015709999999999980e+01,2.000665000000000082e-01,1.240187666666666701e+04
4.505500000000000000e+03,9.015709999999999980e+01,1.999264000000000041e-01,1.245712666666666701e+04
4.515500000000000000e+03,9.015709999999999980e+01,1.998925000000000007e-01,1.251251666666666642e+04
4.525500000000000000e+03,9.015709999999999980e+01,1.999763000000000235e-01,1.256801666666666642e+04
4.535500000000000000e+03,9.015709999999999980e+01,1.998862000000000139e-01,1.262361000000000058e+04
4.545500000000000000e+03,9.015709999999999980e+01,1.998911000000000160e-01,1.267931666666666570e+04
4.555500000000000000e+03,9.015709999999999980e+01,1.998583999999999916e-01,1.273512999999999920e+04
4.565500000000000000e+03,9.015709999999999980e+01,1.997893999999999781e-01,1.279105000000000109e+04
4.575500000000000000e+03,9.015709999999999980e+01,1.997830999999999912e-01,1.284707999999999993e+04
4.585500000000000000e+03,9.015709999999999980e+01,1.997630000000000239e-01,1.290322000000000116e+04
4.595500000000000000e+03,9.015709999999999980e+01,1.998506000000000171e-01,1.295945333333333474e+04
4.605500000000000000e+03,9.015709999999999980e+01,1.997642999999999780e-01,1.301582666666666955e+04
4.615500000000000000e+03,9.015709999999999980e+01,1.998780000000000001e-01,1.307231000000000131e+04
4.625500000000000000e+03,9.015709999999999980e+01,1.997107999999999939e-01,1.312892333333333409e+04
4.635500000000000000e+03,9.015709999999999980e+01,1.997811999999999921e-01,1.318564999999999964e+04
4.645500000000000000e+03,9.015709999999999980e+01,1.997886000000000106e-01,1.324252000000000044e+04
4.655500000000000000e+03,9.015709999999999980e+01,1.996982999999999953e-01,1.329949666666666417e+04
4.665500000000000000e+03,9.015709999999999980e+01,1.997517000000000320e-01,1.335659333333333416e+04
4.675500000000000000e+03,9.015709999999999980e+01,1.996049000000000295e-01,1.341382000000000153e+04
4.685500000000000000e+03,9.015709999999999980e+01,1.996199999999999919e-01,1.347116333333333387e+04
4.695500000000000000e+03,9.015709999999999980e+01,1.996040000000000314e-01,1.352863666666666722e+04
4.705500000000000000e+03,9.015709999999999980e+01,1.997180000000000066e-01,1.358622333333333336e+04
4.715500000000000000e+03,9.015709999999999980e+01,1.996635999999999966e-01,1.364393333333333430e+04
4.725500000000000000e+03,9.015709999999999980e+01,1.995870999999999895e-01,1.370177666666666664e+04
4.735500000000000000e+03,9.015709999999999980e+01,1.996522000000000019e-01,1.375972000000000116e+04
4.745500000000000000e+03,9.015709999999999980e+01,1.995634999999999770e-01,1.381778333333333467e+04
4.755500000000000000e+03,9.015709999999999980e+01,1.995035000000000003e-01,1.387596666666666533e+04
4.765500000000000000e+03,9.015709999999999980e+01,1.995435000000000125e-01,1.393426666666666824e+04
4.775500000000000000e+03,9.015709999999999980e+01,1.994421000000000110e-01,1.399267000000000189e+04
4.785500000000000000e+03,9.015709999999999980e+01,1.994031999999999749e-01,1.405117999999999847e+04
4.795500000000000000e+03,9.015709999999999980e+01,1.993898999999999810e-01,1.410983333333333212e+04
4.805500000000000000e+03,9.015709999999999980e+01,1.994090000000000029e-01,1.416863333333333503e+04
4.815500000000000000e+03,9.015709999999999980e+01,1.993830000000000047e-01,1.422756333333333350e+04
4.825500000000000000e+03,9.015709999999999980e+01,1.994305999999999579e-01,1.428659000000000015e+04
4.835500000000000000e+03,9.015709999999999980e+01,1.993292999999999870e-01,1.434577333333333445e+04
4.845500000000000000e+03,9.015709999999999980e+01,1.993946999999999803e-01,1.440506666666666570e+04
4.855500000000000000e+03,9.015709999999999980e+01,1.992726999999999971e-01,1.446451333333333241e+04
4.865500000000000000e+03,9.015709999999999980e+01,1.993554999999999910e-01,1.452407333333333372e+04
4.875500000000000000e+03,9.015709999999999980e+01,1.993506999999999918e-01,1.458376000000000022e+04
4.885500000000000000e+03,9.015709999999999980e+01,1.992246999999999768e-01,1.464356000000000131e+04
4.895500000000000000e+03,9.015709999999999980e+01,1.991985000000000006e-01,1.470349666666666781e+04
4.905500000000000000e+03,9.015709999999999980e+01,1.992455999999999672e-01,1.476354999999999927e+04
4.915500000000000000e+03,9.015709999999999980e+01,1.991709000000000118e-01,1.482375666666666439e+04
4.925500000000000000e+03,9.015709999999999980e+01,1.992539000000000116e-01,1.488410999999999694e+04
4.935500000000000000e+03,9.015709999999999980e+01,1.991823000000000066e-01,1.494458666666666613e+04
4.945500000000000000e+03,9.015709999999999980e+01,1.990581000000000156e-01,1.500519000000000233e+04
4.955500000000000000e+03,9.015709999999999980e+01,1.991736000000000062e-01,1.506591333333333023e+04
4.965500000000000000e+03,9.015709999999999980e+01,1.990656999999999843e-01,1.512676999999999862e+04
4.975500000000000000e+03,9.015709999999999980e+01,1.990921000000000218e-01,1.518775000000000000e+04
4.985500000000000000e+03,9.015709999999999980e+01,1.990105000000000346e-01,1.524887333333333117e+04
4.995500000000000000e+03,9.015709999999999980e+01,1.990540000000000087e-01,1.531011666666666861e+04
