5.500000000000000000e+00,7.939712999999998999e+01,7.616163199999999733e+01,1.903669633333333194e-02
1.550000000000000000e+01,8.540285000000000082e+01,5.916220000000000034e+00,1.089383133333333281e-01
2.550000000000000000e+01,8.478716000000000008e+01,3.108564999999999579e+00,2.757708666666666697e-01
3.550000000000000000e+01,8.886143999999998755e+01,1.949480999999999797e+00,5.170476000000000516e-01
4.550000000000000000e+01,8.899287000000001058e+01,1.585772000000000181e+00,8.325423666666667000e-01
5.550000000000000000e+01,9.030428999999999462e+01,1.215786000000000033e+00,1.222750800000000027e+00
6.550000000000000000e+01,8.909427999999999770e+01,1.051964700000000086e+00,1.689517333333333315e+00
7.550000000000000000e+01,8.893571999999998923e+01,8.946386000000000616e-01,2.233916666666666551e+00
8.550000000000000000e+01,8.943856999999999857e+01,8.187795000000001044e-01,2.857268999999999615e+00
9.550000000000000000e+01,8.986429000000001110e+01,7.549571999999999949e-01,3.557233666666666405e+00
1.055000000000000000e+02,9.015714000000001249e+01,6.765942999999999818e-01,4.333822666666665491e+00
1.155000000000000000e+02,8.986571999999998184e+01,5.960377000000000036e-01,5.187968999999999831e+00
1.255000000000000000e+02,9.056143000000000143e+01,5.456615000000001325e-01,6.134123666666666530e+00
1.355000000000000000e+02,9.017570999999999515e+01,5.395050999999999597e-01,7.201528000000000596e+00
1.455000000000000000e+02,9.027429000000000769e+01,4.869625000000000203e-01,8.362449666666666559e+00
1.555000000000000000e+02,9.034713000000000704e+01,4.542536000000000351e-01,9.624864333333334798e+00
1.655000000000000000e+02,9.026144000000000744e+01,4.559602999999999851e-01,1.097820233333333206e+01
1.755000000000000000e+02,9.044856000000000051e+01,4.151359999999999495e-01,1.242451000000000150e+01
1.855000000000000000e+02,9.035428999999999178e+01,3.953567999999999527e-01,1.396426666666666883e+01
1.955000000000000000e+02,9.021429000000000542e+01,3.883811000000000346e-01,1.558313666666666641e+01
2.055000000000000000e+02,9.027856999999998777e+01,3.721664999999999557e-01,1.727704666666666711e+01
2.155000000000000000e+02,9.026287000000000660e+01,3.629717000000000082e-01,1.904921999999999827e+01
2.255000000000000000e+02,9.032714000000001420e+01,3.469886999999999833e-01,2.090218333333333334e+01
2.355000000000000000e+02,9.045143000000000200e+01,3.313120999999999983e-01,2.283411666666666662e+01
2.455000000000000000e+02,9.035141999999999030e+01,3.346338999999999286e-01,2.484218999999999866e+01
2.555000000000000000e+02,9.050284000000000617e+01,3.267099999999999449e-01,2.692849333333333561e+01
2.655000000000000000e+02,9.053857000000000710e+01,3.173826000000000702e-01,2.909120333333333264e+01
2.755000000000000000e+02,9.065999999999999659e+01,3.116182000000000119e-01,3.133007666666666680e+01
2.855000000000000000e+02,9.061714000000000624e+01,3.079280000000000350e-01,3.364470666666667142e+01
2.955000000000000000e+02,9.062427999999999884e+01,3.027431000000000427e-01,3.603620333333333292e+01
3.055000000000000000e+02,9.060427999999998860e+01,2.984449999999999603e-01,3.852165000000000106e+01
3.155000000000000000e+02,9.061284999999999457e+01,2.942559999999999620e-01,4.109381000000000483e+01
3.255000000000000000e+02,9.058428000000000679e+01,2.881291000000000269e-01,4.374303333333332944e+01
3.355000000000000000e+02,9.065570999999998492e+01,2.814470000000000582e-01,4.647601000000000226e+01
3.455000000000000000e+02,9.062570999999999799e+01,2.808543999999999485e-01,4.929096666666666238e+01
3.555000000000000000e+02,9.056428999999999974e+01,2.813818000000000152e-01,5.218314000000000163e+01
3.655000000000000000e+02,9.063857000000000141e+01,2.800825999999999594e-01,5.517399666666666747e+01
3.755000000000000000e+02,9.059857999999999834e+01,2.772020000000000595e-01,5.831506000000000256e+01
3.855000000000000000e+02,9.065142999999999063e+01,2.767278999999999711e-01,6.153526666666666500e+01
3.955000000000000000e+02,9.064428999999999803e+01,2.737832999999999517e-01,6.482927666666667221e+01
4.055000000000000000e+02,9.060571000000001618e+01,2.716060999999999614e-01,6.819862666666666939e+01
4.155000000000000000e+02,9.062143000000000370e+01,2.714682000000000484e-01,7.164553666666667198e+01
4.255000000000000000e+02,9.060999999999999943e+01,2.679133999999999682e-01,7.516920333333332849e+01
4.355000000000000000e+02,9.060287999999999897e+01,2.661311000000000093e-01,7.876988333333333969e+01
4.455000000000000000e+02,9.061857000000000539e+01,2.614234999999999753e-01,8.244898000000000593e+01
4.555000000000000000e+02,9.059143999999999153e+01,2.619087999999999972e-01,8.620653000000000077e+01
4.655000000000000000e+02,9.056284000000000844e+01,2.610595999999999473e-01,9.004171999999999798e+01
4.755000000000000000e+02,9.057570999999998662e+01,2.586285000000000389e-01,9.395401666666667495e+01
4.855000000000000000e+02,9.059429000000000087e+01,2.581297000000000175e-01,9.794330999999999676e+01
4.955000000000000000e+02,9.056998999999999000e+01,2.541470999999999592e-01,1.020105833333333294e+02
5.055000000000000000e+02,9.054713999999999885e+01,2.531458000000000319e-01,1.061571333333333342e+02
5.155000000000000000e+02,9.063715000000000543e+01,2.508953000000000433e-01,1.103817999999999984e+02
5.255000000000000000e+02,9.061571999999998184e+01,2.517836999999999437e-01,1.146815666666666402e+02
5.355000000000000000e+02,9.065855999999999426e+01,2.517926000000000331e-01,1.190552666666666681e+02
5.455000000000000000e+02,9.056141999999999825e+01,2.519262999999999364e-01,1.235030333333333346e+02
5.555000000000000000e+02,9.053856000000000392e+01,2.541091999999999795e-01,1.280314333333333252e+02
5.655000000000000000e+02,9.054856999999999800e+01,2.575277000000000260e-01,1.326384666666666874e+02
5.755000000000000000e+02,9.054998000000000502e+01,2.507052000000000169e-01,1.373231333333333168e+02
5.855000000000000000e+02,9.051428000000001362e+01,2.535596999999999990e-01,1.420880333333333283e+02
5.955000000000000000e+02,9.049142999999999404e+01,2.518259000000000469e-01,1.469339000000000226e+02
6.055000000000000000e+02,9.051716000000000406e+01,2.514156000000000168e-01,1.518843333333333305e+02
6.155000000000000000e+02,9.050712999999998942e+01,2.529343000000000008e-01,1.569352000000000089e+02
6.255000000000000000e+02,9.048856999999999573e+01,2.514698000000000211e-01,1.620945000000000107e+02
6.355000000000000000e+02,9.048713000000000761e+01,2.526599999999999957e-01,1.673565333333333172e+02
6.455000000000000000e+02,9.045572000000001367e+01,2.515835000000000155e-01,1.727101666666666802e+02
6.555000000000000000e+02,9.045858999999998673e+01,2.493387000000000242e-01,1.781617999999999995e+02
6.655000000000000000e+02,9.044714000000000453e+01,2.497356000000000298e-01,1.837122666666666646e+02
6.755000000000000000e+02,9.044428999999999519e+01,2.490456000000000059e-01,1.893483333333333576e+02
6.855000000000000000e+02,9.043286000000000513e+01,2.486327000000000120e-01,1.950680666666666525e+02
6.955000000000000000e+02,9.044000000000001194e+01,2.478602999999999779e-01,2.008742333333333647e+02
7.055000000000000000e+02,9.042716000000000065e+01,2.448382000000000058e-01,2.067699333333333414e+02
7.155000000000000000e+02,9.042999999999999261e+01,2.452005999999999908e-01,2.127536333333333403e+02
7.255000000000000000e+02,9.043000000000000682e+01,2.429298000000000290e-01,2.188236333333333334e+02
7.355000000000000000e+02,9.044714999999999350e+01,2.426740000000000008e-01,2.249761000000000024e+02
7.455000000000000000e+02,9.045857000000000880e+01,2.410074999999999856e-01,2.312116333333333387e+02
7.555000000000000000e+02,9.045571999999999946e+01,2.385121000000000324e-01,2.375272666666666339e+02
7.655000000000000000e+02,9.045570999999999628e+01,2.414756999999999876e-01,2.439236333333333278e+02
7.755000000000000000e+02,9.050714999999999577e+01,2.373314000000000257e-01,2.503974999999999795e+02
7.855000000000000000e+02,9.053142999999998608e+01,2.339327999999999685e-01,2.569497666666666760e+02
7.955000000000000000e+02,9.051572000000001594e+01,2.336679000000000117e-01,2.635854666666666617e+02
8.055000000000000000e+02,9.050856000000001700e+01,2.318060000000000120e-01,2.703335666666666839e+02
8.155000000000000000e+02,9.050143999999998812e+01,2.327071000000000001e-01,2.771990666666666812e+02
8.255000000000000000e+02,9.052286999999999750e+01,2.323291000000000106e-01,2.842078333333333262e+02
8.355000000000000000e+02,9.053857000000000710e+01,2.305918999999999885e-01,2.913089999999999691e+02
8.455000000000000000e+02,9.053143000000001450e+01,2.308117999999999836e-01,2.984968000000000075e+02
8.555000000000000000e+02,9.052285999999999433e+01,2.302943000000000073e-01,3.057701666666666256e+02
8.655000000000000000e+02,9.052143999999999835e+01,2.290242999999999862e-01,3.131295333333333701e+02
8.755000000000000000e+02,9.056001000000000545e+01,2.268810000000000271e-01,3.205694333333332793e+02
8.855000000000000000e+02,9.053000000000000114e+01,2.289664999999999895e-01,3.280917000000000598e+02
8.955000000000000000e+02,9.052858999999999412e+01,2.292587000000000097e-01,3.356960666666666953e+02
9.055000000000000000e+02,9.052142999999998096e+01,2.272029999999999883e-01,3.433800999999999704e+02
9.155000000000000000e+02,9.050714999999999577e+01,2.239344000000000057e-01,3.511391333333333478e+02
9.255000000000000000e+02,9.053571999999999775e+01,2.226027999999999896e-01,3.589724333333333561e+02
9.355000000000000000e+02,9.052000999999999920e+01,2.218509999999999649e-01,3.668783000000000243e+02
9.455000000000000000e+02,9.052573000000001002e+01,2.200519000000000225e-01,3.748555666666666752e+02
9.555000000000000000e+02,9.052857000000001619e+01,2.202627999999999808e-01,3.829045000000000414e+02
9.655000000000000000e+02,9.052284999999999116e+01,2.181913000000000324e-01,3.910264999999999986e+02
9.755000000000000000e+02,9.053142999999998608e+01,2.197821999999999831e-01,3.992217333333333045e+02
9.855000000000000000e+02,9.052715000000000600e+01,2.195406000000000302e-01,4.074910666666666543e+02
9.955000000000000000e+02,9.051000000000000512e+01,2.203908000000000256e-01,4.158345666666667171e+02
1.005500000000000000e+03,9.052857999999999095e+01,2.200180000000000469e-01,4.242523999999999660e+02
1.015500000000000000e+03,9.051286000000000342e+01,2.175446000000000046e-01,4.327473333333333585e+02
1.025500000000000000e+03,9.050428999999999746e+01,2.201166999999999985e-01,4.413201666666666938e+02
1.035500000000000000e+03,9.052284999999999116e+01,2.190421999999999925e-01,4.499685666666666179e+02
1.045500000000000000e+03,9.051286999999999239e+01,2.187908000000000075e-01,4.586941333333332977e+02
1.055500000000000000e+03,9.054000999999999522e+01,2.184038999999999842e-01,4.674988666666666290e+02
1.065500000000000000e+03,9.051000000000000512e+01,2.187159999999999938e-01,4.763833333333333826e+02
1.075500000000000000e+03,9.048426000000000613e+01,2.165632999999999586e-01,4.853464333333333229e+02
1.085500000000000000e+03,9.050714999999999577e+01,2.173630999999999758e-01,4.943880000000000337e+02
1.095500000000000000e+03,9.050142000000002440e+01,2.179358000000000128e-01,5.035082666666667137e+02
1.105500000000000000e+03,9.049715000000000487e+01,2.188566999999999874e-01,5.127071999999999434e+02
1.115500000000000000e+03,9.048427999999999827e+01,2.211993000000000154e-01,5.219847666666667010e+02
1.125500000000000000e+03,9.050142999999999915e+01,2.172179000000000193e-01,5.313414333333332706e+02
1.135500000000000000e+03,9.049285000000000423e+01,2.193792000000000242e-01,5.407773666666668078e+02
1.145500000000000000e+03,9.048855999999999256e+01,2.201982000000000106e-01,5.502941666666666833e+02
1.155500000000000000e+03,9.049141999999999086e+01,2.178691999999999851e-01,5.598952333333332945e+02
1.165500000000000000e+03,9.048999999999998067e+01,2.186049999999999938e-01,5.695720000000000027e+02
1.175500000000000000e+03,9.049427000000000021e+01,2.165629000000000026e-01,5.793245333333331928e+02
1.185500000000000000e+03,9.050144000000000233e+01,2.175377999999999756e-01,5.891533333333334213e+02
1.195500000000000000e+03,9.051284000000001129e+01,2.180993999999999988e-01,5.990604333333333216e+02
1.205500000000000000e+03,9.053428999999999860e+01,2.157758000000000176e-01,6.090698999999999614e+02
1.215500000000000000e+03,9.051142000000000110e+01,2.151645999999999836e-01,6.191862333333333481e+02
1.225500000000000000e+03,9.050427999999999429e+01,2.173824999999999785e-01,6.293926999999999907e+02
1.235500000000000000e+03,9.050856999999999175e+01,2.143176000000000525e-01,6.396849666666666963e+02
1.245500000000000000e+03,9.051858000000000004e+01,2.147126000000000035e-01,6.500598666666667214e+02
1.255500000000000000e+03,9.048998000000000275e+01,2.143330999999999986e-01,6.605214333333333343e+02
1.265500000000000000e+03,9.050000000000000000e+01,2.158230999999999900e-01,6.710655666666667685e+02
1.275500000000000000e+03,9.048856000000000677e+01,2.151421000000000028e-01,6.816946666666666488e+02
1.285500000000000000e+03,9.050857999999999493e+01,2.151029999999999887e-01,6.924140333333333501e+02
1.295500000000000000e+03,9.047141999999999484e+01,2.148044999999999816e-01,7.032238999999999578e+02
1.305500000000000000e+03,9.049857000000000085e+01,2.163459000000000076e-01,7.141182666666667274e+02
1.315500000000000000e+03,9.049286999999999637e+01,2.146984999999999588e-01,7.250987666666667337e+02
1.325500000000000000e+03,9.050570999999999344e+01,2.162678000000000100e-01,7.361661666666666406e+02
1.335500000000000000e+03,9.050570999999999344e+01,2.156326000000000076e-01,7.473188999999999851e+02
1.345500000000000000e+03,9.053714000000000794e+01,2.144008000000000025e-01,7.585615666666667494e+02
1.355500000000000000e+03,9.050000000000000000e+01,2.156068000000000429e-01,7.698921000000000276e+02
1.365500000000000000e+03,9.051428000000001362e+01,2.149390000000000467e-01,7.813142666666666400e+02
1.375500000000000000e+03,9.048857999999999890e+01,2.144102999999999981e-01,7.928261666666667224e+02
1.385500000000000000e+03,9.051428999999998837e+01,2.143181999999999865e-01,8.044243666666666286e+02
1.395500000000000000e+03,9.050428999999999746e+01,2.142474000000000045e-01,8.161134333333333188e+02
1.405500000000000000e+03,9.052715000000000600e+01,2.138123000000000107e-01,8.278979999999999109e+02
1.415500000000000000e+03,9.052716000000000918e+01,2.143343000000000331e-01,8.397763333333332412e+02
1.425500000000000000e+03,9.052000999999998498e+01,2.135677000000000270e-01,8.517524666666665780e+02
1.435500000000000000e+03,9.054858000000000118e+01,2.135763999999999996e-01,8.638248333333333449e+02
1.445500000000000000e+03,9.054000999999999522e+01,2.130572000000000021e-01,8.759909333333332597e+02
1.455500000000000000e+03,9.054857999999998697e+01,2.124383999999999995e-01,8.882450999999998658e+02
1.465500000000000000e+03,9.055285999999999547e+01,2.129376000000000047e-01,9.005878666666667414e+02
1.475500000000000000e+03,9.053145000000000664e+01,2.127957000000000320e-01,9.130103333333332785e+02
1.485500000000000000e+03,9.054286000000000456e+01,2.124497999999999942e-01,9.255130666666667594e+02
1.495500000000000000e+03,9.054858000000000118e+01,2.123851999999999962e-01,9.381012999999999238e+02
1.505500000000000000e+03,9.056427000000000760e+01,2.121386999999999856e-01,9.507734333333334007e+02
1.515500000000000000e+03,9.056141000000000929e+01,2.117763000000000007e-01,9.635303000000001248e+02
1.525500000000000000e+03,9.055856000000001416e+01,2.116630999999999929e-01,9.763744333333333998e+02
1.535500000000000000e+03,9.055285000000000650e+01,2.115448999999999802e-01,9.893046000000000504e+02
1.545500000000000000e+03,9.056714000000000908e+01,2.115073999999999843e-01,1.002317033333333143e+03
1.555500000000000000e+03,9.055857000000000312e+01,2.110728999999999522e-01,1.015407466666666778e+03
1.565500000000000000e+03,9.056141999999999825e+01,2.110595000000000110e-01,1.028576566666666395e+03
1.575500000000000000e+03,9.057282999999999618e+01,2.110175999999999996e-01,1.041823666666666668e+03
1.585500000000000000e+03,9.056570999999999572e+01,2.109217999999999926e-01,1.055151666666666870e+03
1.595500000000000000e+03,9.057284999999998831e+01,2.106444000000000094e-01,1.068567333333333181e+03
1.605500000000000000e+03,9.056999000000000422e+01,2.106329999999999869e-01,1.082065666666666857e+03
1.615500000000000000e+03,9.057426999999999850e+01,2.103552000000000199e-01,1.095649666666666690e+03
1.625500000000000000e+03,9.057712999999999681e+01,2.105852000000000002e-01,1.109347333333333609e+03
1.635500000000000000e+03,9.056712999999999170e+01,2.101039000000000101e-01,1.123141333333333478e+03
1.645500000000000000e+03,9.057998000000000616e+01,2.096210000000000018e-01,1.137027999999999793e+03
1.655500000000000000e+03,9.057998000000000616e+01,2.095686000000000215e-01,1.151007000000000062e+03
1.665500000000000000e+03,9.056999000000001843e+01,2.095581000000000249e-01,1.165071666666666715e+03
1.675500000000000000e+03,9.055285000000000650e+01,2.095246000000000053e-01,1.179221333333333405e+03
1.685500000000000000e+03,9.056284999999999741e+01,2.092922000000000116e-01,1.193457666666666682e+03
1.695500000000000000e+03,9.056286000000000058e+01,2.092032999999999809e-01,1.207794666666666899e+03
1.705500000000000000e+03,9.055143000000001052e+01,2.090329999999999688e-01,1.222255666666666457e+03
1.715500000000000000e+03,9.055572000000000799e+01,2.088379999999999959e-01,1.236811333333333323e+03
1.725500000000000000e+03,9.054430999999999585e+01,2.083921000000000245e-01,1.251456333333333305e+03
1.735500000000000000e+03,9.055286000000000968e+01,2.088327000000000377e-01,1.266186999999999898e+03
1.745500000000000000e+03,9.056000999999999124e+01,2.086673000000000278e-01,1.281005000000000109e+03
1.755500000000000000e+03,9.056284999999999741e+01,2.083692999999999795e-01,1.295909666666666453e+03
1.765500000000000000e+03,9.055857000000000312e+01,2.085184999999999955e-01,1.310902666666666846e+03
1.775500000000000000e+03,9.056141000000000929e+01,2.082149000000000361e-01,1.325975666666666712e+03
1.785500000000000000e+03,9.056141999999999825e+01,2.082655999999999952e-01,1.341126000000000204e+03
1.795500000000000000e+03,9.055713000000000079e+01,2.082973999999999659e-01,1.356355666666666593e+03
1.805500000000000000e+03,9.056141999999999825e+01,2.080761999999999889e-01,1.371665666666666766e+03
1.815500000000000000e+03,9.055998999999999910e+01,2.075583000000000011e-01,1.387058333333333394e+03
1.825500000000000000e+03,9.055715999999999610e+01,2.077271999999999730e-01,1.402531333333333123e+03
1.835500000000000000e+03,9.054572000000000287e+01,2.078281000000000156e-01,1.418084000000000060e+03
1.845500000000000000e+03,9.053002999999999645e+01,2.074291999999999803e-01,1.433711000000000013e+03
1.855500000000000000e+03,9.054144999999998333e+01,2.074434000000000000e-01,1.449412666666666837e+03
1.865500000000000000e+03,9.053430000000000177e+01,2.075527999999999818e-01,1.465190000000000055e+03
1.875500000000000000e+03,9.053431000000000495e+01,2.075866000000000100e-01,1.481045333333333474e+03
1.885500000000000000e+03,9.052716000000000918e+01,2.070810999999999902e-01,1.496974999999999909e+03
1.895500000000000000e+03,9.052716999999999814e+01,2.070542999999999689e-01,1.512984000000000151e+03
1.905500000000000000e+03,9.051859000000000322e+01,2.070536999999999794e-01,1.529066333333333432e+03
1.915500000000000000e+03,9.051859000000001743e+01,2.069597999999999993e-01,1.545222666666666555e+03
1.925500000000000000e+03,9.050571999999999662e+01,2.069859999999999756e-01,1.561454999999999927e+03
1.935500000000000000e+03,9.050571999999999662e+01,2.068557999999999786e-01,1.577762666666666746e+03
1.945500000000000000e+03,9.050000000000001421e+01,2.068527000000000005e-01,1.594147666666666737e+03
1.955500000000000000e+03,9.050286000000001252e+01,2.066340999999999872e-01,1.610612000000000080e+03
1.965500000000000000e+03,9.049857000000000085e+01,2.066283000000000425e-01,1.627157666666666728e+03
1.975500000000000000e+03,9.049714000000000169e+01,2.061516000000000182e-01,1.643780666666666775e+03
1.985500000000000000e+03,9.048856000000000677e+01,2.061366000000000032e-01,1.660479666666666617e+03
1.995500000000000000e+03,9.048140999999999678e+01,2.063909000000000160e-01,1.677257999999999811e+03
2.005500000000000000e+03,9.048427000000000930e+01,2.061046000000000267e-01,1.694118333333333339e+03
2.015500000000000000e+03,9.047997999999998342e+01,2.060350000000000237e-01,1.711062666666666701e+03
2.025500000000000000e+03,9.048140999999998257e+01,2.060049999999999937e-01,1.728089666666666744e+03
2.035500000000000000e+03,9.046998000000000673e+01,2.058477999999999974e-01,1.745198999999999842e+03
2.045500000000000000e+03,9.047711999999999932e+01,2.058741000000000043e-01,1.762393000000000029e+03
2.055500000000000000e+03,9.047425999999998680e+01,2.057283000000000028e-01,1.779677999999999884e+03
2.065500000000000000e+03,9.046854999999999336e+01,2.057888999999999968e-01,1.797045999999999822e+03
2.075500000000000000e+03,9.045854999999998824e+01,2.057479999999999587e-01,1.814493999999999915e+03
2.085500000000000000e+03,9.046569999999999823e+01,2.056380999999999903e-01,1.832023333333333767e+03
2.095500000000000000e+03,9.045285999999998694e+01,2.053526999999999991e-01,1.849639666666666699e+03
2.105500000000000000e+03,9.044712999999998715e+01,2.054832000000000325e-01,1.867359666666666726e+03
2.115500000000000000e+03,9.044571999999999434e+01,2.054912999999999879e-01,1.885216999999999871e+03
2.125500000000000000e+03,9.043859000000000492e+01,2.053148999999999946e-01,1.903154333333333398e+03
2.135500000000000000e+03,9.042717000000000382e+01,2.054152999999999951e-01,1.921169333333333270e+03
2.145500000000000000e+03,9.042143999999998982e+01,2.052746000000000015e-01,1.939259000000000015e+03
2.155500000000000000e+03,9.041716000000000975e+01,2.051416999999999824e-01,1.957426333333333332e+03
2.165500000000000000e+03,9.043285999999999092e+01,2.053330999999999906e-01,1.975671333333333223e+03
2.175500000000000000e+03,9.042286999999998898e+01,2.051149000000000167e-01,1.993997000000000071e+03
2.185500000000000000e+03,9.043429999999999325e+01,2.051613000000000187e-01,2.012406666666666524e+03
2.195500000000000000e+03,9.043855999999999540e+01,2.049887000000000514e-01,2.030897999999999683e+03
2.205500000000000000e+03,9.043858000000000175e+01,2.049143999999999965e-01,2.049472000000000207e+03
2.215500000000000000e+03,9.044572999999999752e+01,2.049758999999999887e-01,2.068124333333333652e+03
2.225500000000000000e+03,9.044857999999999265e+01,2.048063999999999996e-01,2.086851999999999862e+03
2.235500000000000000e+03,9.044001000000000090e+01,2.048564000000000218e-01,2.105656333333333350e+03
2.245500000000000000e+03,9.043430000000000746e+01,2.046831999999999818e-01,2.124533999999999651e+03
2.255500000000000000e+03,9.045143000000000200e+01,2.047897000000000189e-01,2.143483333333333576e+03
2.265500000000000000e+03,9.045570000000000732e+01,2.047746000000000011e-01,2.162508666666666613e+03
2.275500000000000000e+03,9.043571000000000026e+01,2.045127999999999946e-01,2.181609000000000378e+03
2.285500000000000000e+03,9.044144000000000005e+01,2.047508000000000106e-01,2.200781333333333350e+03
2.295500000000000000e+03,9.044856999999998948e+01,2.045838999999999852e-01,2.220026666666666188e+03
2.305500000000000000e+03,9.045428999999998609e+01,2.045026000000000066e-01,2.239345666666666602e+03
2.315500000000000000e+03,9.044858000000000686e+01,2.043985000000000107e-01,2.258739666666667290e+03
2.325500000000000000e+03,9.045714999999999861e+01,2.044436000000000031e-01,2.278211333333333641e+03
2.335500000000000000e+03,9.046000000000000796e+01,2.044328000000000256e-01,2.297759000000000469e+03
2.345500000000000000e+03,9.045283999999999480e+01,2.044766000000000084e-01,2.317385999999999967e+03
2.355500000000000000e+03,9.046711999999999421e+01,2.042117000000000238e-01,2.337092000000000098e+03
2.365500000000000000e+03,9.046568999999999505e+01,2.042801999999999951e-01,2.356877333333332899e+03
2.375500000000000000e+03,9.047141999999999484e+01,2.041491000000000278e-01,2.376740000000000236e+03
2.385500000000000000e+03,9.047427000000000419e+01,2.042434000000000194e-01,2.396680666666666639e+03
2.395500000000000000e+03,9.047425999999998680e+01,2.040347000000000133e-01,2.416706999999999880e+03
2.405500000000000000e+03,9.046854999999999336e+01,2.040034000000000292e-01,2.436860666666666475e+03
2.415500000000000000e+03,9.046283000000001095e+01,2.040228000000000042e-01,2.457111333333333278e+03
2.425500000000000000e+03,9.045571000000001050e+01,2.040134000000000114e-01,2.477447666666666464e+03
2.435500000000000000e+03,9.046426999999999907e+01,2.036947000000000063e-01,2.497870333333333292e+03
2.445500000000000000e+03,9.045428999999998609e+01,2.038793999999999884e-01,2.518378666666666959e+03
2.455500000000000000e+03,9.046139999999999759e+01,2.037885000000000113e-01,2.538968333333333248e+03
2.465500000000000000e+03,9.044856999999998948e+01,2.038949000000000178e-01,2.559640666666666675e+03
2.475500000000000000e+03,9.046428000000000225e+01,2.036106999999999778e-01,2.580392333333333227e+03
2.485500000000000000e+03,9.044858000000000686e+01,2.035262999999999933e-01,2.601222999999999502e+03
2.495500000000000000e+03,9.044142999999999688e+01,2.034256000000000120e-01,2.622135333333333165e+03
2.505500000000000000e+03,9.044998999999998546e+01,2.034654999999999936e-01,2.643135999999999967e+03
2.515500000000000000e+03,9.045142999999998779e+01,2.034683000000000186e-01,2.664218333333333248e+03
2.525500000000000000e+03,9.044001000000000090e+01,2.033427999999999902e-01,2.685385333333333620e+03
2.535500000000000000e+03,9.042716999999998961e+01,2.035060000000000202e-01,2.706633666666666613e+03
2.545500000000000000e+03,9.042573000000001571e+01,2.032844000000000317e-01,2.727968333333333248e+03
2.555500000000000000e+03,9.043286999999999409e+01,2.033317000000000319e-01,2.749385666666666566e+03
2.565500000000000000e+03,9.042859999999998877e+01,2.032916000000000167e-01,2.770888333333333321e+03
2.575500000000000000e+03,9.043287000000000830e+01,2.031831000000000054e-01,2.792473999999999705e+03
2.585500000000000000e+03,9.042287999999999215e+01,2.030274999999999719e-01,2.814146999999999935e+03
2.595500000000000000e+03,9.042429999999998813e+01,2.027239000000000124e-01,2.835913333333333412e+03
2.605500000000000000e+03,9.042287999999999215e+01,2.033329000000000109e-01,2.857796666666666169e+03
2.615500000000000000e+03,9.043001999999999896e+01,2.026108000000000353e-01,2.879800333333333583e+03
2.625500000000000000e+03,9.043715999999999156e+01,2.028475999999999890e-01,2.901900666666666893e+03
2.635500000000000000e+03,9.043429999999997904e+01,2.027177000000000007e-01,2.924101333333333059e+03
2.645500000000000000e+03,9.043573999999998136e+01,2.028827999999999743e-01,2.946401666666666642e+03
2.655500000000000000e+03,9.043287999999998306e+01,2.028034999999999977e-01,2.968793666666666468e+03
2.665500000000000000e+03,9.044429999999999836e+01,2.026755000000000084e-01,2.991275666666666893e+03
2.675500000000000000e+03,9.043574999999999875e+01,2.026878999999999764e-01,3.013841333333333296e+03
2.685500000000000000e+03,9.043859999999999388e+01,2.026133999999999991e-01,3.036493999999999687e+03
2.695500000000000000e+03,9.044288000000000238e+01,2.025585000000000024e-01,3.059230000000000473e+03
2.705500000000000000e+03,9.044003999999999621e+01,2.025146000000000446e-01,3.082047666666666373e+03
2.715500000000000000e+03,9.043574999999999875e+01,2.024796000000000373e-01,3.104947999999999411e+03
2.725500000000000000e+03,9.043859999999997967e+01,2.027076000000000155e-01,3.127932999999999993e+03
2.735500000000000000e+03,9.044431000000000154e+01,2.024494000000000293e-01,3.151005000000000109e+03
2.745500000000000000e+03,9.044286999999999921e+01,2.024197000000000080e-01,3.174164333333333616e+03
2.755500000000000000e+03,9.045143999999999096e+01,2.024401999999999868e-01,3.197411333333333459e+03
2.765500000000000000e+03,9.046569000000000926e+01,2.024545999999999846e-01,3.220742666666666082e+03
2.775500000000000000e+03,9.045144000000000517e+01,2.025158999999999987e-01,3.244157333333333554e+03
2.785500000000000000e+03,9.046142999999999290e+01,2.024178000000000088e-01,3.267661666666666861e+03
2.795500000000000000e+03,9.045285999999998694e+01,2.023705999999999838e-01,3.291278333333333194e+03
2.805500000000000000e+03,9.047141000000000588e+01,2.024077000000000237e-01,3.314996333333333496e+03
2.815500000000000000e+03,9.047999000000000080e+01,2.023326000000000013e-01,3.338809333333333143e+03
2.825500000000000000e+03,9.048284999999999911e+01,2.023384999999999767e-01,3.362720666666666602e+03
2.835500000000000000e+03,9.048427999999998406e+01,2.022716999999999987e-01,3.386716666666666242e+03
2.845500000000000000e+03,9.048427000000000930e+01,2.021740999999999955e-01,3.410803333333333285e+03
2.855500000000000000e+03,9.047713999999999146e+01,2.022406999999999955e-01,3.434973666666667214e+03
2.865500000000000000e+03,9.047713999999999146e+01,2.022744999999999960e-01,3.459231333333333168e+03
2.875500000000000000e+03,9.047426000000000101e+01,2.021459000000000172e-01,3.483574666666667326e+03
2.885500000000000000e+03,9.047712999999998829e+01,2.020687000000000177e-01,3.508002333333332899e+03
2.895500000000000000e+03,9.047711999999998511e+01,2.020339999999999914e-01,3.532515333333333729e+03
2.905500000000000000e+03,9.048713000000000761e+01,2.021089000000000357e-01,3.557118333333333339e+03
2.915500000000000000e+03,9.048856000000000677e+01,2.020134999999999847e-01,3.581807999999999993e+03
2.925500000000000000e+03,9.047997999999999763e+01,2.020876000000000339e-01,3.606588666666666541e+03
2.935500000000000000e+03,9.048141000000001100e+01,2.018625000000000003e-01,3.631458666666666431e+03
2.945500000000000000e+03,9.048427000000000930e+01,2.019386999999999988e-01,3.656422333333333427e+03
2.955500000000000000e+03,9.047997999999998342e+01,2.018357000000000068e-01,3.681472333333332699e+03
2.965500000000000000e+03,9.048140999999999678e+01,2.017291000000000223e-01,3.706602666666666664e+03
2.975500000000000000e+03,9.047711999999999932e+01,2.018727999999999911e-01,3.731814666666666653e+03
2.985500000000000000e+03,9.048569999999998004e+01,2.019277000000000155e-01,3.757105999999999767e+03
2.995500000000000000e+03,9.048426999999999509e+01,2.018874999999999975e-01,3.782474666666666508e+03
3.005500000000000000e+03,9.048569999999998004e+01,2.018621999999999639e-01,3.807919666666666217e+03
3.015500000000000000e+03,9.048569999999998004e+01,2.017245000000000010e-01,3.833443333333332703e+03
3.025500000000000000e+03,9.048426999999999509e+01,2.015397999999999912e-01,3.859047333333332972e+03
3.035500000000000000e+03,9.048569999999998004e+01,2.016306000000000209e-01,3.884733333333332666e+03
3.045500000000000000e+03,9.048283999999998173e+01,2.017432000000000392e-01,3.910494333333333543e+03
3.055500000000000000e+03,9.048283999999998173e+01,2.016228999999999938e-01,3.936335000000000491e+03
3.065500000000000000e+03,9.048140999999998257e+01,2.015379000000000198e-01,3.962254666666666708e+03
3.075500000000000000e+03,9.047711999999999932e+01,2.017966999999999955e-01,3.988249666666666599e+03
3.085500000000000000e+03,9.047854999999999848e+01,2.016203000000000023e-01,4.014328666666666777e+03
3.095500000000000000e+03,9.047711999999999932e+01,2.016081999999999874e-01,4.040493333333333339e+03
3.105500000000000000e+03,9.046996999999998934e+01,2.013285000000000213e-01,4.066749333333333198e+03
3.115500000000000000e+03,9.047569000000001438e+01,2.015924999999999800e-01,4.093097999999999502e+03
3.125500000000000000e+03,9.047425999999998680e+01,2.015393999999999797e-01,4.119616999999999280e+03
3.135500000000000000e+03,9.046567999999999188e+01,2.014038999999999968e-01,4.146255999999999403e+03
3.145500000000000000e+03,9.046854000000000440e+01,2.014009999999999967e-01,4.172983666666666068e+03
3.155500000000000000e+03,9.045856000000000563e+01,2.013230000000000020e-01,4.199793999999999869e+03
3.165500000000000000e+03,9.046425000000000693e+01,2.014031999999999767e-01,4.226688333333333503e+03
3.175500000000000000e+03,9.045998000000000161e+01,2.011408000000000362e-01,4.253662333333332754e+03
3.185500000000000000e+03,9.046283000000001095e+01,2.015305000000000013e-01,4.280716333333332841e+03
3.195500000000000000e+03,9.045714000000000965e+01,2.013356000000000035e-01,4.307855333333332965e+03
3.205500000000000000e+03,9.045570999999999628e+01,2.013984999999999803e-01,4.335084333333334143e+03
3.215500000000000000e+03,9.044574000000000069e+01,2.015178000000000247e-01,4.362400333333333037e+03
3.225500000000000000e+03,9.044999999999998863e+01,2.013311999999999879e-01,4.389806666666666388e+03
3.235500000000000000e+03,9.045142999999998779e+01,2.010141000000000011e-01,4.417303000000000793e+03
3.245500000000000000e+03,9.044716000000001088e+01,2.012376999999999916e-01,4.444889000000000124e+03
3.255500000000000000e+03,9.044286999999999921e+01,2.012946999999999931e-01,4.472564000000000306e+03
3.265500000000000000e+03,9.043716999999999473e+01,2.013155000000000361e-01,4.500324999999999818e+03
3.275500000000000000e+03,9.043287999999999727e+01,2.010891999999999680e-01,4.528167666666667174e+03
3.285500000000000000e+03,9.043288000000001148e+01,2.012120000000000020e-01,4.556095333333332746e+03
3.295500000000000000e+03,9.043574999999999875e+01,2.012281000000000208e-01,4.584106666666666570e+03
3.305500000000000000e+03,9.043573999999999558e+01,2.009008000000000183e-01,4.612206333333332623e+03
3.315500000000000000e+03,9.043287999999998306e+01,2.009081000000000061e-01,4.640392999999999120e+03
3.325500000000000000e+03,9.043860999999999706e+01,2.009960000000000080e-01,4.668664333333334071e+03
3.335500000000000000e+03,9.043860999999999706e+01,2.010209999999999775e-01,4.697022333333332426e+03
3.345500000000000000e+03,9.042573999999999046e+01,2.009174999999999989e-01,4.725463000000000648e+03
3.355500000000000000e+03,9.043287999999998306e+01,2.009886999999999924e-01,4.753987333333332572e+03
3.365500000000000000e+03,9.042860000000000298e+01,2.009376999999999691e-01,4.782590333333333547e+03
3.375500000000000000e+03,9.042429999999998813e+01,2.008792999999999829e-01,4.811272333333333336e+03
3.385500000000000000e+03,9.042144999999999300e+01,2.007325999999999833e-01,4.840035000000000764e+03
3.395500000000000000e+03,9.041858999999998048e+01,2.008944999999999759e-01,4.868880333333332601e+03
3.405500000000000000e+03,9.042573999999999046e+01,2.008954999999999769e-01,4.897810333333332892e+03
3.415500000000000000e+03,9.041572999999999638e+01,2.008013000000000159e-01,4.926824999999999818e+03
3.425500000000000000e+03,9.041572999999998217e+01,2.006789999999999963e-01,4.955921666666667079e+03
3.435500000000000000e+03,9.041429999999998302e+01,2.007483999999999935e-01,4.985095999999999549e+03
3.445500000000000000e+03,9.041715999999999553e+01,2.005618000000000123e-01,5.014350000000000364e+03
3.455500000000000000e+03,9.042717000000000382e+01,2.005638000000000143e-01,5.043679333333333489e+03
3.465500000000000000e+03,9.042717000000000382e+01,2.005927999999999878e-01,5.073087666666667246e+03
3.475500000000000000e+03,9.042573999999999046e+01,2.004035000000000122e-01,5.102576999999999316e+03
3.485500000000000000e+03,9.042287999999999215e+01,2.003524000000000138e-01,5.132140333333333729e+03
3.495500000000000000e+03,9.042001999999999384e+01,2.004796999999999829e-01,5.161783000000000357e+03
3.505500000000000000e+03,9.041858999999999469e+01,2.003547999999999996e-01,5.191510000000000218e+03
3.515500000000000000e+03,9.042859999999998877e+01,2.004487999999999825e-01,5.221323666666666213e+03
3.525500000000000000e+03,9.042573999999999046e+01,2.002434999999999632e-01,5.251229333333332761e+03
3.535500000000000000e+03,9.043573000000000661e+01,2.003900999999999877e-01,5.281220999999999549e+03
3.545500000000000000e+03,9.042715999999998644e+01,2.002069999999999683e-01,5.311296999999999571e+03
3.555500000000000000e+03,9.042715999999998644e+01,2.003450000000000508e-01,5.341455666666666730e+03
3.565500000000000000e+03,9.043571999999998923e+01,2.001879999999999771e-01,5.371692000000000007e+03
3.575500000000000000e+03,9.043715999999999156e+01,2.002754999999999952e-01,5.402007999999999811e+03
3.585500000000000000e+03,9.044285999999999603e+01,2.001147000000000065e-01,5.432404999999999745e+03
3.595500000000000000e+03,9.044713999999999032e+01,2.000188999999999717e-01,5.462884999999999309e+03
3.605500000000000000e+03,9.045427000000000817e+01,2.000519999999999798e-01,5.493446666666668534e+03
3.615500000000000000e+03,9.044714000000000453e+01,2.000894000000000283e-01,5.524091000000000349e+03
3.625500000000000000e+03,9.044999000000001388e+01,1.997802999999999940e-01,5.554818999999998596e+03
3.635500000000000000e+03,9.045284000000000901e+01,1.998975999999999809e-01,5.585627999999999702e+03
3.645500000000000000e+03,9.045284000000000901e+01,1.997945999999999889e-01,5.616516666666666424e+03
3.655500000000000000e+03,9.046281999999999357e+01,1.999588999999999950e-01,5.647482000000000880e+03
3.665500000000000000e+03,9.045569000000000415e+01,1.996725000000000028e-01,5.678524333333334653e+03
3.675500000000000000e+03,9.044571999999998013e+01,1.999999000000000082e-01,5.709643333333333430e+03
3.685500000000000000e+03,9.045141999999999882e+01,1.998049999999999826e-01,5.740845999999999549e+03
3.695500000000000000e+03,9.045140999999999565e+01,1.996034000000000141e-01,5.772134666666666817e+03
3.705500000000000000e+03,9.044713999999999032e+01,1.996924999999999950e-01,5.803514000000000124e+03
3.715500000000000000e+03,9.044428999999999519e+01,1.996636999999999995e-01,5.834978333333333467e+03
3.725500000000000000e+03,9.042573000000000150e+01,1.995637000000000105e-01,5.866528000000000247e+03
3.735500000000000000e+03,9.043143999999999494e+01,1.993822000000000094e-01,5.898158666666667159e+03
3.745500000000000000e+03,9.043429000000000428e+01,1.993659999999999877e-01,5.929868000000000393e+03
3.755500000000000000e+03,9.042857999999999663e+01,1.993055999999999994e-01,5.961654666666667254e+03
3.765500000000000000e+03,9.042001000000000488e+01,1.994889000000000245e-01,5.993520666666666330e+03
3.775500000000000000e+03,9.041859000000000890e+01,1.992259999999999864e-01,6.025462666666668156e+03
3.785500000000000000e+03,9.041143999999998471e+01,1.991854000000000124e-01,6.057477333333334172e+03
3.795500000000000000e+03,9.041286999999999807e+01,1.992478999999999778e-01,6.089569666666667217e+03
3.805500000000000000e+03,9.040572000000000230e+01,1.991099000000000063e-01,6.121744333333333088e+03
3.815500000000000000e+03,9.041286999999998386e+01,1.991186000000000067e-01,6.154002666666666300e+03
3.825500000000000000e+03,9.041286999999999807e+01,1.991605000000000181e-01,6.186346000000000458e+03
3.835500000000000000e+03,9.041000999999999976e+01,1.992617000000000138e-01,6.218772333333332426e+03
3.845500000000000000e+03,9.040715000000001567e+01,1.989396999999999971e-01,6.251283666666667159e+03
3.855500000000000000e+03,9.041286999999999807e+01,1.990308000000000077e-01,6.283874666666666599e+03
3.865500000000000000e+03,9.041286999999999807e+01,1.991481999999999697e-01,6.316542999999999665e+03
3.875500000000000000e+03,9.040858000000000061e+01,1.988745000000000096e-01,6.349288666666667268e+03
3.885500000000000000e+03,9.041000999999999976e+01,1.990059000000000133e-01,6.382107333333333372e+03
3.895500000000000000e+03,9.041143999999999892e+01,1.989510999999999918e-01,6.415003333333333103e+03
3.905500000000000000e+03,9.041286999999998386e+01,1.990004999999999968e-01,6.447975333333332856e+03
3.915500000000000000e+03,9.041000999999999976e+01,1.988560999999999801e-01,6.481023666666666031e+03
3.925500000000000000e+03,9.041000999999998555e+01,1.987929999999999975e-01,6.514149333333332834e+03
3.935500000000000000e+03,9.041286999999999807e+01,1.987136999999999931e-01,6.547357666666666773e+03
3.945500000000000000e+03,9.041429999999999723e+01,1.986572000000000338e-01,6.580644333333332725e+03
3.955500000000000000e+03,9.041429999999999723e+01,1.987194999999999934e-01,6.614015333333333729e+03
3.965500000000000000e+03,9.041429999999999723e+01,1.986547000000000174e-01,6.647466999999999643e+03
3.975500000000000000e+03,9.041286999999999807e+01,1.986507000000000134e-01,6.680998999999998887e+03
3.985500000000000000e+03,9.041286999999999807e+01,1.986622999999999861e-01,6.714612333333333481e+03
3.995500000000000000e+03,9.041286999999999807e+01,1.986654000000000198e-01,6.748303666666668505e+03
4.005500000000000000e+03,9.041429999999999723e+01,1.984479000000000104e-01,6.782079333333333125e+03
4.015500000000000000e+03,9.041429999999999723e+01,1.985980999999999719e-01,6.815935333333331982e+03
4.025500000000000000e+03,9.040858000000000061e+01,1.984714999999999951e-01,6.849874666666665689e+03
4.035500000000000000e+03,9.041000999999998555e+01,1.985462000000000060e-01,6.883891333333333023e+03
4.045500000000000000e+03,9.041000999999998555e+01,1.984896999999999911e-01,6.917986666666666679e+03
4.055500000000000000e+03,9.040715000000001567e+01,1.984196999999999766e-01,6.952157666666666046e+03
4.065500000000000000e+03,9.040142999999999063e+01,1.984978000000000020e-01,6.986413333333332957e+03
4.075500000000000000e+03,9.040429000000000315e+01,1.984344999999999859e-01,7.020833000000000538e+03
4.085500000000000000e+03,9.040286000000000399e+01,1.984507999999999828e-01,7.055353000000000065e+03
4.095500000000000000e+03,9.039571000000002243e+01,1.983284999999999909e-01,7.089948666666666213e+03
4.105500000000000000e+03,9.040142999999999063e+01,1.983510999999999747e-01,7.124626333333331786e+03
4.115500000000000000e+03,9.039428000000000907e+01,1.983567000000000247e-01,7.159384000000000015e+03
4.125500000000000000e+03,9.039714000000000738e+01,1.983396000000000048e-01,7.194223666666666759e+03
4.135500000000000000e+03,9.039285000000000991e+01,1.983615999999999713e-01,7.229142666666666628e+03
4.145500000000000000e+03,9.038856000000001245e+01,1.983821000000000057e-01,7.264144000000000233e+03
4.155500000000000000e+03,9.038712999999999909e+01,1.983737999999999890e-01,7.299227666666667574e+03
4.165500000000000000e+03,9.038856000000001245e+01,1.984278999999999904e-01,7.334388000000000829e+03
4.175500000000000000e+03,9.038570000000001414e+01,1.983984000000000025e-01,7.369628666666666504e+03
4.185500000000000000e+03,9.038570000000001414e+01,1.982253999999999960e-01,7.404951000000000931e+03
4.195500000000000000e+03,9.038570000000001414e+01,1.984112000000000098e-01,7.440352000000000771e+03
4.205500000000000000e+03,9.038570000000001414e+01,1.983634999999999982e-01,7.475835333333333438e+03
4.215500000000000000e+03,9.038570000000001414e+01,1.983564999999999912e-01,7.511396666666667443e+03
4.225500000000000000e+03,9.038712999999999909e+01,1.982379000000000224e-01,7.547045666666666875e+03
4.235500000000000000e+03,9.038570000000001414e+01,1.981495999999999813e-01,7.582780333333333147e+03
4.245500000000000000e+03,9.038712999999999909e+01,1.982154999999999889e-01,7.618596666666667261e+03
4.255500000000000000e+03,9.038713000000001330e+01,1.983189000000000202e-01,7.654495000000000800e+03
4.265500000000000000e+03,9.038712999999999909e+01,1.983020999999999812e-01,7.690473999999999251e+03
4.275500000000000000e+03,9.038284000000000162e+01,1.982073999999999780e-01,7.726532666666667865e+03
4.285500000000000000e+03,9.039142000000001076e+01,1.983572000000000113e-01,7.762673000000000684e+03
4.295500000000000000e+03,9.038855999999999824e+01,1.982507000000000019e-01,7.798895333333333838e+03
4.305500000000000000e+03,9.038712999999999909e+01,1.983427000000000107e-01,7.835203999999999724e+03
4.315500000000000000e+03,9.039142000000001076e+01,1.982320999999999944e-01,7.871595333333335475e+03
4.325500000000000000e+03,9.038712999999999909e+01,1.982192999999999872e-01,7.908069999999999709e+03
4.335500000000000000e+03,9.038141000000000247e+01,1.981951999999999880e-01,7.944626666666666097e+03
4.345500000000000000e+03,9.038570000000001414e+01,1.981427000000000049e-01,7.981264333333332615e+03
4.355500000000000000e+03,9.038570000000001414e+01,1.982939999999999980e-01,8.017982333333335191e+03
4.365500000000000000e+03,9.038712999999999909e+01,1.982788000000000050e-01,8.054779000000000451e+03
4.375500000000000000e+03,9.038570000000001414e+01,1.982431000000000054e-01,8.091660000000000764e+03
4.385500000000000000e+03,9.038712999999999909e+01,1.983286999999999967e-01,8.128624333333331379e+03
4.395500000000000000e+03,9.038427000000001499e+01,1.983560999999999797e-01,8.165675666666666984e+03
4.405500000000000000e+03,9.038570000000001414e+01,1.982368000000000186e-01,8.202811333333333096e+03
4.415500000000000000e+03,9.038712999999999909e+01,1.982948000000000210e-01,8.240030666666665638e+03
4.425500000000000000e+03,9.038855999999999824e+01,1.982623000000000302e-01,8.277334333333334143e+03
4.435500000000000000e+03,9.038856000000001245e+01,1.981420999999999599e-01,8.314722333333333154e+03
4.445500000000000000e+03,9.038999000000001161e+01,1.982214999999999949e-01,8.352196666666666715e+03
4.455500000000000000e+03,9.039428000000000907e+01,1.982050999999999952e-01,8.389752333333333809e+03
4.465500000000000000e+03,9.039142000000001076e+01,1.982532999999999934e-01,8.427390999999999622e+03
4.475500000000000000e+03,9.039141999999999655e+01,1.982587000000000099e-01,8.465106333333333168e+03
4.485500000000000000e+03,9.039571000000000822e+01,1.982433000000000112e-01,8.502903666666667050e+03
4.495500000000000000e+03,9.039714000000000738e+01,1.982572999999999974e-01,8.540783666666666250e+03
4.505500000000000000e+03,9.040000000000000568e+01,1.981725999999999765e-01,8.578744333333332179e+03
4.515500000000000000e+03,9.039714000000002159e+01,1.981468000000000118e-01,8.616783333333332848e+03
4.525500000000000000e+03,9.040000000000000568e+01,1.982581999999999955e-01,8.654900333333333037e+03
4.535500000000000000e+03,9.040143000000000484e+01,1.982092000000000298e-01,8.693095666666666148e+03
4.545500000000000000e+03,9.039857000000002074e+01,1.980011999999999883e-01,8.731368000000000393e+03
4.555500000000000000e+03,9.039857000000002074e+01,1.980837000000000014e-01,8.769725666666667166e+03
4.565500000000000000e+03,9.040000000000000568e+01,1.982212999999999892e-01,8.808162666666667064e+03
4.575500000000000000e+03,9.039428000000000907e+01,1.980873000000000217e-01,8.846678666666668505e+03
4.585500000000000000e+03,9.039142000000001076e+01,1.980801000000000089e-01,8.885275000000001455e+03
4.595500000000000000e+03,9.039427999999999486e+01,1.980302999999999924e-01,8.923949666666665507e+03
4.605500000000000000e+03,9.039285000000000991e+01,1.980828000000000033e-01,8.962698666666667123e+03
4.615500000000000000e+03,9.039428000000000907e+01,1.979882000000000031e-01,9.001524333333334653e+03
4.625500000000000000e+03,9.039285000000000991e+01,1.980369999999999908e-01,9.040426333333332877e+03
4.635500000000000000e+03,9.040000000000000568e+01,1.980261999999999856e-01,9.079407000000001062e+03
4.645500000000000000e+03,9.039714000000000738e+01,1.980186999999999919e-01,9.118466666666665333e+03
4.655500000000000000e+03,9.040143000000000484e+01,1.979228000000000098e-01,9.157604333333332761e+03
4.665500000000000000e+03,9.039285000000000991e+01,1.978890000000000371e-01,9.196832666666665318e+03
4.675500000000000000e+03,9.040286000000000399e+01,1.980053999999999981e-01,9.236155333333334056e+03
4.685500000000000000e+03,9.040285999999998978e+01,1.980289999999999828e-01,9.275555333333333692e+03
4.695500000000000000e+03,9.041143999999999892e+01,1.978682999999999970e-01,9.315035999999998239e+03
4.705500000000000000e+03,9.040572000000000230e+01,1.978563999999999878e-01,9.354592333333333954e+03
4.715500000000000000e+03,9.041143999999999892e+01,1.979047000000000167e-01,9.394229333333332761e+03
4.725500000000000000e+03,9.041286999999999807e+01,1.979413999999999896e-01,9.433942333333334318e+03
4.735500000000000000e+03,9.041429999999999723e+01,1.978778999999999955e-01,9.473742000000002008e+03
4.745500000000000000e+03,9.041286999999999807e+01,1.979066999999999910e-01,9.513627333333333809e+03
4.755500000000000000e+03,9.041429999999999723e+01,1.979592000000000018e-01,9.553593666666665740e+03
4.765500000000000000e+03,9.041286999999999807e+01,1.978160999999999947e-01,9.593641666666666424e+03
4.775500000000000000e+03,9.040857999999998640e+01,1.978931999999999913e-01,9.633767666666664809e+03
4.785500000000000000e+03,9.040715000000000146e+01,1.978144000000000013e-01,9.673969999999999345e+03
4.795500000000000000e+03,9.040286000000000399e+01,1.978796999999999917e-01,9.714267333333333227e+03
4.805500000000000000e+03,9.039857000000000653e+01,1.979016999999999860e-01,9.754689333333331888e+03
4.815500000000000000e+03,9.040000000000000568e+01,1.978350999999999860e-01,9.795196333333333314e+03
4.825500000000000000e+03,9.040286000000000399e+01,1.978422999999999987e-01,9.835783999999999651e+03
4.835500000000000000e+03,9.039714000000000738e+01,1.978229999999999988e-01,9.876454999999998108e+03
4.845500000000000000e+03,9.039570999999999401e+01,1.979008999999999907e-01,9.917208000000000538e+03
4.855500000000000000e+03,9.038856000000001245e+01,1.978469999999999951e-01,9.958032999999999447e+03
4.865500000000000000e+03,9.038856000000001245e+01,1.977617999999999876e-01,9.998955000000001746e+03
4.875500000000000000e+03,9.039142000000001076e+01,1.979068999999999967e-01,1.003994533333333311e+04
4.885500000000000000e+03,9.038998999999999739e+01,1.978962999999999972e-01,1.008102666666666664e+04
4.895500000000000000e+03,9.038712999999999909e+01,1.978507999999999933e-01,1.012218700000000172e+04
4.905500000000000000e+03,9.038712999999999909e+01,1.977654999999999830e-01,1.016343000000000029e+04
4.915500000000000000e+03,9.038570000000001414e+01,1.977365999999999846e-01,1.020474000000000160e+04
4.925500000000000000e+03,9.038856000000001245e+01,1.977443000000000117e-01,1.024614666666666744e+04
4.935500000000000000e+03,9.038570000000001414e+01,1.977513999999999939e-01,1.028762666666666701e+04
4.945500000000000000e+03,9.038570000000001414e+01,1.978141000000000205e-01,1.032918333333333430e+04
4.955500000000000000e+03,9.038712999999999909e+01,1.977000999999999897e-01,1.037084333333333416e+04
4.965500000000000000e+03,9.038570000000001414e+01,1.976605000000000167e-01,1.041259000000000015e+04
4.975500000000000000e+03,9.038570000000001414e+01,1.977089000000000207e-01,1.045440999999999985e+04
4.985500000000000000e+03,9.038570000000001414e+01,1.975649999999999906e-01,1.049630666666666730e+04
4.995500000000000000e+03,9.038570000000001414e+01,1.976494000000000029e-01,1.053829333333333307e+04
